0.66326 0.511781 0.464939 0.505844 0.480132 0.489322 0.459993 0.498841 0.494728 0.491651 0.535974 0.530763 0.495448 0.495699 0.479639 0.490946 0.495794 0.490419 0.485127 0.475601
0.66017 0.513525 0.464264 0.506741 0.479545 0.49013 0.459101 0.500217 0.494057 0.491743 0.535024 0.528979 0.495822 0.494275 0.479453 0.491046 0.497009 0.490593 0.485829 0.47533
0.663057 0.511594 0.464603 0.50585 0.480274 0.489678 0.459954 0.499074 0.494007 0.491636 0.536221 0.530317 0.495637 0.495512 0.479556 0.491214 0.49588 0.490906 0.484641 0.47598
0.661751 0.512244 0.464325 0.506162 0.479194 0.49028 0.459103 0.499373 0.494178 0.492143 0.535019 0.529438 0.495697 0.494558 0.479864 0.490741 0.496585 0.490394 0.484673 0.475769
0.662938 0.511565 0.46446 0.506014 0.48027 0.489674 0.459889 0.499312 0.493933 0.491723 0.536059 0.53029 0.495641 0.495274 0.479388 0.491306 0.496008 0.491129 0.484593 0.476105
0.662116 0.51174 0.464325 0.506053 0.47924 0.490214 0.459273 0.499228 0.494231 0.492108 0.535256 0.529659 0.495571 0.494619 0.479809 0.490746 0.49641 0.490515 0.484406 0.476055
0.663148 0.511456 0.464574 0.505864 0.480202 0.489643 0.459897 0.499081 0.49399 0.491727 0.536116 0.530407 0.495633 0.495467 0.479519 0.491242 0.4959 0.491011 0.484502 0.476116
0.662718 0.512222 0.464486 0.505782 0.480321 0.489952 0.45981 0.499246 0.494078 0.491672 0.535984 0.529831 0.495727 0.495261 0.479608 0.491221 0.496029 0.49067 0.484987 0.475342
0.661119 0.51297 0.464298 0.506227 0.479619 0.490063 0.459197 0.499685 0.494312 0.492036 0.534901 0.529378 0.495695 0.494479 0.479572 0.491029 0.496602 0.490405 0.485585 0.475064
0.660671 0.513599 0.464362 0.506483 0.479755 0.490121 0.459199 0.500012 0.494069 0.491733 0.535127 0.529067 0.495892 0.494563 0.479556 0.491102 0.496822 0.490476 0.485841 0.475023
0.662755 0.511549 0.464189 0.505895 0.480175 0.490043 0.459736 0.499467 0.493681 0.491887 0.53589 0.529868 0.495712 0.494909 0.479363 0.491388 0.496102 0.491262 0.484305 0.476088
0.662401 0.511974 0.464758 0.506056 0.479523 0.489784 0.459466 0.498752 0.494224 0.49182 0.535683 0.530109 0.495718 0.495515 0.480073 0.49072 0.496197 0.490204 0.484896 0.475909
0.662207 0.511956 0.464324 0.505908 0.479468 0.490228 0.459302 0.499103 0.49416 0.492086 0.535327 0.529599 0.495669 0.494803 0.47988 0.490863 0.496324 0.49043 0.484608 0.47572
0.662944 0.511435 0.464462 0.505874 0.479967 0.489774 0.459781 0.499192 0.494179 0.491886 0.535806 0.530264 0.495529 0.495091 0.479473 0.491134 0.496002 0.490933 0.484475 0.476053
0.662806 0.511989 0.464645 0.505914 0.480392 0.489554 0.459893 0.499119 0.494069 0.491682 0.535997 0.53034 0.495671 0.495573 0.479571 0.491235 0.495898 0.490732 0.485099 0.475543
0.661401 0.513043 0.4642 0.506203 0.479189 0.490808 0.458955 0.499831 0.49393 0.492005 0.535017 0.528624 0.495964 0.494243 0.479892 0.490775 0.496918 0.49039 0.484653 0.475461
0.662961 0.511906 0.464284 0.505928 0.480642 0.489872 0.459883 0.499466 0.493602 0.491661 0.536203 0.529939 0.495848 0.495268 0.479345 0.491586 0.496055 0.491306 0.484661 0.475791
0.663071 0.512153 0.464629 0.505863 0.480714 0.489608 0.45999 0.499178 0.493812 0.491494 0.536351 0.530227 0.495846 0.495772 0.479539 0.491462 0.495892 0.490955 0.485032 0.475532
0.662303 0.511683 0.464418 0.505887 0.479331 0.490112 0.459348 0.498993 0.49428 0.492141 0.535278 0.52984 0.495548 0.494854 0.479896 0.490746 0.496221 0.490376 0.484499 0.475882
0.661223 0.512962 0.46429 0.50622 0.479537 0.490186 0.459137 0.499664 0.494231 0.492044 0.534918 0.529269 0.495759 0.494482 0.479663 0.490976 0.496653 0.490386 0.485401 0.475144
0.662712 0.512163 0.464496 0.505798 0.480225 0.489962 0.459778 0.49921 0.494108 0.491697 0.535948 0.529842 0.495712 0.495242 0.479642 0.491165 0.496048 0.490635 0.484934 0.475416
0.662387 0.511848 0.46481 0.506086 0.479258 0.489845 0.459425 0.498677 0.494363 0.491836 0.53564 0.530094 0.495654 0.495443 0.480166 0.490524 0.496245 0.490063 0.484763 0.476082
0.66316 0.511438 0.464477 0.505945 0.480582 0.489578 0.460084 0.499311 0.493751 0.49159 0.536381 0.530419 0.495664 0.495481 0.47929 0.491484 0.495852 0.491344 0.484543 0.476176
0.660755 0.513308 0.464284 0.506569 0.479759 0.490009 0.459165 0.499989 0.494027 0.491855 0.535034 0.529249 0.49585 0.49452 0.479492 0.491141 0.496816 0.490611 0.48575 0.4752
0.662308 0.512552 0.46456 0.505936 0.479584 0.490248 0.459341 0.499043 0.494133 0.491806 0.535598 0.529436 0.495905 0.495168 0.480066 0.490818 0.49642 0.490185 0.484915 0.475463
0.66032 0.513555 0.464268 0.506655 0.479721 0.490044 0.45917 0.500095 0.494125 0.491744 0.535064 0.529073 0.495825 0.494393 0.479446 0.491128 0.496914 0.490543 0.48602 0.475126
0.662909 0.511829 0.464479 0.505914 0.48033 0.48978 0.459837 0.499204 0.493895 0.491685 0.5361 0.53011 0.495739 0.495388 0.47954 0.491306 0.496012 0.490957 0.484728 0.475828
0.663241 0.511821 0.465013 0.505964 0.48011 0.489344 0.460047 0.498883 0.494668 0.491479 0.536205 0.530706 0.49549 0.495782 0.479677 0.490882 0.495863 0.490435 0.485065 0.475809
0.662806 0.511989 0.464645 0.505914 0.480392 0.489554 0.459893 0.499119 0.494069 0.491682 0.535997 0.53034 0.495671 0.495573 0.479571 0.491235 0.495898 0.490732 0.485099 0.475543
0.662939 0.511353 0.464274 0.505879 0.480328 0.489804 0.459804 0.499332 0.493488 0.49188 0.536005 0.530202 0.495751 0.495241 0.479352 0.491519 0.495948 0.491422 0.484256 0.476254
0.662094 0.512107 0.464389 0.506014 0.479376 0.490221 0.459253 0.499161 0.494175 0.492048 0.53529 0.529564 0.495706 0.494811 0.479914 0.490792 0.496419 0.490372 0.484663 0.475748
0.661535 0.512903 0.464249 0.506129 0.47914 0.4907 0.458935 0.499658 0.494019 0.492133 0.53487 0.528825 0.495914 0.494332 0.47995 0.490728 0.496819 0.490285 0.484675 0.475396
0.66296 0.511657 0.464369 0.505998 0.480467 0.489742 0.459918 0.499414 0.493751 0.491674 0.536175 0.53016 0.495724 0.495267 0.479327 0.491461 0.496022 0.491283 0.484585 0.476043
0.66144 0.512998 0.464207 0.506176 0.47914 0.490817 0.458939 0.499796 0.493953 0.492047 0.534967 0.528644 0.49595 0.494235 0.479916 0.490743 0.496904 0.490356 0.484612 0.475461
0.660003 0.513485 0.464233 0.50682 0.479384 0.490194 0.459019 0.500276 0.494029 0.491776 0.534946 0.528902 0.495813 0.494156 0.47947 0.490978 0.497097 0.490604 0.485727 0.475474
0.662954 0.511474 0.464534 0.505922 0.480002 0.489773 0.459872 0.499223 0.494175 0.491741 0.535999 0.530248 0.495533 0.49517 0.479479 0.491091 0.495999 0.49092 0.484477 0.476135
0.662736 0.512524 0.464524 0.505709 0.480573 0.489931 0.459889 0.499297 0.494034 0.491578 0.53608 0.529776 0.495798 0.495387 0.479581 0.491338 0.495976 0.490652 0.485222 0.475022
0.662978 0.51207 0.464643 0.505888 0.480531 0.489625 0.459881 0.499011 0.493811 0.491571 0.536256 0.530235 0.495854 0.495812 0.479685 0.491347 0.495917 0.490812 0.485001 0.475618
0.663045 0.511651 0.464757 0.50604 0.480233 0.489318 0.459953 0.499093 0.494266 0.491694 0.535977 0.530731 0.495554 0.495609 0.479468 0.491161 0.495878 0.49084 0.484937 0.475956
0.662166 0.511743 0.464302 0.50601 0.479284 0.490293 0.45928 0.499193 0.494115 0.492088 0.535341 0.529573 0.495628 0.494666 0.479855 0.490771 0.496399 0.490526 0.484336 0.476061
0.662758 0.511951 0.464635 0.505792 0.479815 0.489963 0.459652 0.498916 0.494256 0.491766 0.535858 0.529948 0.495672 0.495341 0.479885 0.490894 0.496069 0.490383 0.484746 0.475675
0.662496 0.512176 0.464706 0.505983 0.479662 0.489946 0.459496 0.498819 0.49414 0.491732 0.535823 0.529873 0.495819 0.495498 0.480076 0.4908 0.496234 0.490227 0.484898 0.475758
0.662686 0.512338 0.464667 0.505681 0.48002 0.490069 0.459667 0.498869 0.494088 0.491655 0.536 0.529723 0.495823 0.495536 0.480014 0.490963 0.49604 0.490249 0.484961 0.475312
0.662904 0.51176 0.464476 0.505893 0.480174 0.489843 0.459821 0.499237 0.49402 0.49173 0.536007 0.53008 0.495673 0.495238 0.479522 0.491213 0.496035 0.49091 0.484634 0.475881
0.663004 0.511565 0.464706 0.505954 0.479876 0.489596 0.45983 0.499 0.494478 0.49178 0.535849 0.530467 0.495485 0.495336 0.479616 0.49092 0.495979 0.4906 0.484743 0.475979
0.662002 0.511765 0.464204 0.506067 0.479075 0.490442 0.45914 0.499334 0.494144 0.492211 0.535102 0.529402 0.495612 0.494379 0.479839 0.490697 0.496539 0.490528 0.484212 0.4761
0.662293 0.511983 0.464521 0.505975 0.479383 0.49008 0.459367 0.499066 0.494333 0.491992 0.53538 0.529786 0.495627 0.494944 0.479904 0.490733 0.496314 0.490318 0.48468 0.475793
0.660786 0.51324 0.464269 0.506443 0.479814 0.489968 0.459248 0.499892 0.494218 0.49187 0.535039 0.529312 0.495752 0.494484 0.479441 0.491163 0.496712 0.49054 0.485892 0.475051
0.662488 0.511914 0.464711 0.506 0.479427 0.489946 0.459451 0.498782 0.494234 0.491832 0.535693 0.529964 0.495714 0.495385 0.480092 0.490668 0.496233 0.490202 0.484703 0.475969
0.66291 0.511881 0.464482 0.505933 0.480376 0.489801 0.459851 0.499217 0.493824 0.491639 0.536172 0.530067 0.495783 0.495433 0.479553 0.491324 0.496024 0.490972 0.48473 0.475841
0.662567 0.512151 0.464748 0.505815 0.479534 0.490073 0.459475 0.498646 0.494287 0.491759 0.535805 0.529787 0.495766 0.495501 0.480231 0.490654 0.496168 0.489989 0.484836 0.475622
0.662719 0.512873 0.464521 0.505618 0.480871 0.489984 0.460004 0.499441 0.493961 0.491443 0.536229 0.529614 0.495871 0.495435 0.479504 0.491487 0.495934 0.490682 0.485438 0.474678
0.663085 0.511906 0.464861 0.505946 0.480099 0.489544 0.459919 0.498952 0.494396 0.491555 0.536133 0.530435 0.495616 0.49567 0.479714 0.490966 0.495953 0.490519 0.484951 0.475795
0.662494 0.511777 0.464612 0.505978 0.479474 0.490006 0.459485 0.498864 0.494168 0.491853 0.535724 0.529917 0.495678 0.495262 0.480006 0.49073 0.496213 0.490341 0.484573 0.476047
0.663221 0.51178 0.464871 0.505965 0.480141 0.489404 0.460011 0.499016 0.494631 0.491572 0.536086 0.530633 0.495483 0.495577 0.479557 0.49098 0.495908 0.490582 0.485005 0.475798
0.662401 0.511974 0.464758 0.506056 0.479523 0.489784 0.459466 0.498752 0.494224 0.49182 0.535683 0.530109 0.495718 0.495515 0.480073 0.49072 0.496197 0.490204 0.484896 0.475909
0.662284 0.51216 0.46463 0.506055 0.47945 0.49004 0.459381 0.498983 0.494194 0.491852 0.535572 0.529771 0.495758 0.49521 0.480025 0.490722 0.496345 0.490248 0.484788 0.475822
0.660235 0.513603 0.464276 0.506689 0.479686 0.490068 0.459161 0.500156 0.494106 0.491715 0.535072 0.529025 0.49583 0.494362 0.479439 0.491112 0.49695 0.490556 0.486004 0.475162
0.662953 0.511659 0.464478 0.505927 0.480271 0.489774 0.459897 0.499293 0.493911 0.491686 0.536113 0.530172 0.495675 0.495295 0.479441 0.491289 0.495992 0.491063 0.484572 0.476019
0.661113 0.512822 0.464269 0.506147 0.479622 0.490004 0.45925 0.499628 0.494473 0.492091 0.534848 0.529477 0.495579 0.494398 0.479499 0.491037 0.496517 0.490385 0.485657 0.47501
0.66121 0.512984 0.464288 0.506213 0.479546 0.49019 0.459145 0.499656 0.49425 0.492034 0.534929 0.529254 0.495757 0.494479 0.479663 0.490979 0.496653 0.49037 0.485435 0.475118
0.662722 0.511985 0.464562 0.505711 0.479436 0.490262 0.459419 0.498843 0.49431 0.491914 0.535624 0.529648 0.495726 0.495116 0.480058 0.490738 0.496229 0.49022 0.484497 0.475712
0.661203 0.512765 0.464267 0.506105 0.479606 0.490008 0.459243 0.499537 0.494515 0.492122 0.534839 0.529501 0.495573 0.494422 0.479539 0.491019 0.496493 0.490334 0.485647 0.474992
0.661535 0.512903 0.464249 0.506129 0.47914 0.4907 0.458935 0.499658 0.494019 0.492133 0.53487 0.528825 0.495914 0.494332 0.47995 0.490728 0.496819 0.490285 0.484675 0.475396
0.662977 0.511781 0.46423 0.505982 0.480698 0.489856 0.459931 0.499548 0.49352 0.491631 0.536291 0.529962 0.495836 0.495224 0.479255 0.491653 0.496062 0.491474 0.484566 0.475958
0.661389 0.513062 0.464211 0.50622 0.479261 0.490736 0.458977 0.499816 0.493926 0.491986 0.535042 0.528686 0.495967 0.494303 0.479873 0.490817 0.496898 0.490406 0.484746 0.475429
0.662954 0.511474 0.464534 0.505922 0.480002 0.489773 0.459872 0.499223 0.494175 0.491741 0.535999 0.530248 0.495533 0.49517 0.479479 0.491091 0.495999 0.49092 0.484477 0.476135
0.661848 0.512125 0.464269 0.506098 0.479192 0.490362 0.45911 0.499331 0.494142 0.49216 0.53507 0.529382 0.495696 0.494522 0.479879 0.490751 0.496564 0.490424 0.484543 0.475822
0.662419 0.511909 0.464738 0.506042 0.479369 0.489903 0.459443 0.49878 0.494312 0.491839 0.535646 0.530009 0.495675 0.495365 0.48009 0.49062 0.496245 0.490159 0.484753 0.475986
0.662333 0.512219 0.464664 0.506043 0.479746 0.489815 0.45951 0.498971 0.494232 0.491789 0.535667 0.529983 0.495734 0.495375 0.479908 0.490883 0.496224 0.490321 0.485074 0.475644
0.661496 0.512948 0.464242 0.506156 0.479188 0.490691 0.458951 0.499694 0.493995 0.492092 0.534919 0.528806 0.495928 0.49434 0.479926 0.490761 0.496834 0.490319 0.484716 0.475396
0.662902 0.511678 0.464495 0.505905 0.4801 0.489833 0.459808 0.499199 0.494017 0.491752 0.535986 0.530123 0.49566 0.495251 0.479547 0.491168 0.496027 0.490893 0.484573 0.475972
0.662124 0.51165 0.464334 0.506041 0.479152 0.490224 0.459263 0.499216 0.494266 0.492153 0.535196 0.52969 0.49553 0.494577 0.479817 0.490691 0.496397 0.490495 0.484326 0.476112
0.662745 0.512083 0.464403 0.505817 0.480414 0.489902 0.459862 0.499369 0.494074 0.491701 0.535974 0.529903 0.495663 0.495141 0.479453 0.49131 0.496009 0.490849 0.484943 0.475408
0.662644 0.511983 0.464583 0.505883 0.479689 0.490012 0.45954 0.498946 0.494242 0.491829 0.535731 0.529871 0.495705 0.495239 0.479911 0.490859 0.496185 0.490373 0.484724 0.475743
0.662963 0.511639 0.464383 0.505982 0.48043 0.489762 0.459913 0.49939 0.493744 0.491676 0.536178 0.530152 0.495726 0.495279 0.479353 0.491434 0.496014 0.491258 0.484549 0.476067
0.663208 0.512277 0.464753 0.505857 0.480834 0.489477 0.460067 0.499082 0.493921 0.491403 0.536453 0.530359 0.495856 0.495982 0.479579 0.491453 0.495832 0.490845 0.48523 0.475388
0.661417 0.513037 0.464228 0.50621 0.479285 0.490673 0.458983 0.499765 0.493947 0.492009 0.535019 0.528767 0.495956 0.494356 0.479878 0.490826 0.496863 0.490388 0.484798 0.475397
0.66208 0.511973 0.464295 0.505996 0.479322 0.490292 0.459235 0.499237 0.494193 0.492112 0.535222 0.529515 0.495648 0.494627 0.479845 0.4908 0.496433 0.490456 0.484527 0.475818
0.66062 0.513466 0.464309 0.506486 0.479739 0.490068 0.459198 0.499975 0.494154 0.491797 0.535058 0.529139 0.495821 0.494481 0.479504 0.491114 0.496802 0.490487 0.485896 0.475038
0.662242 0.512459 0.464477 0.505926 0.479463 0.490327 0.459293 0.499155 0.494208 0.491908 0.535431 0.529378 0.495826 0.494921 0.479993 0.490787 0.496456 0.490232 0.484791 0.475495
0.662742 0.512181 0.464565 0.505793 0.480091 0.489979 0.459794 0.499209 0.4943 0.491661 0.535942 0.529841 0.495657 0.495185 0.479649 0.491058 0.496076 0.490543 0.484921 0.475449
0.662826 0.511864 0.464664 0.505819 0.479902 0.489852 0.45969 0.498861 0.494154 0.491752 0.535932 0.530088 0.495698 0.49549 0.479878 0.490952 0.496016 0.490456 0.48475 0.475761
0.662242 0.512459 0.464477 0.505926 0.479463 0.490327 0.459293 0.499155 0.494208 0.491908 0.535431 0.529378 0.495826 0.494921 0.479993 0.490787 0.496456 0.490232 0.484791 0.475495
0.662618 0.511756 0.46457 0.505898 0.479731 0.489909 0.459561 0.498869 0.494135 0.491872 0.535751 0.530027 0.495662 0.495327 0.479916 0.490881 0.496095 0.490435 0.48468 0.475857
0.662264 0.512562 0.464497 0.505919 0.479554 0.49032 0.45931 0.499123 0.494147 0.491853 0.535516 0.529353 0.495888 0.495027 0.480024 0.490829 0.49645 0.490218 0.484868 0.475429
0.662947 0.512003 0.464278 0.505895 0.48052 0.489948 0.459789 0.499398 0.493749 0.491726 0.536063 0.529848 0.495842 0.495191 0.479434 0.491496 0.496111 0.491136 0.484716 0.475645
0.662937 0.511702 0.464436 0.505912 0.480271 0.489836 0.459866 0.499312 0.493888 0.491704 0.536089 0.530088 0.495698 0.495244 0.479449 0.491303 0.496021 0.491063 0.484559 0.475974
0.662815 0.512599 0.464531 0.50561 0.48048 0.490012 0.459916 0.49941 0.494305 0.491593 0.535977 0.529706 0.495709 0.495165 0.479485 0.491294 0.495996 0.490614 0.485201 0.474898
0.662242 0.512459 0.464477 0.505926 0.479463 0.490327 0.459293 0.499155 0.494208 0.491908 0.535431 0.529378 0.495826 0.494921 0.479993 0.490787 0.496456 0.490232 0.484791 0.475495
0.66291 0.511881 0.464482 0.505933 0.480376 0.489801 0.459851 0.499217 0.493824 0.491639 0.536172 0.530067 0.495783 0.495433 0.479553 0.491324 0.496024 0.490972 0.48473 0.475841
0.662049 0.51186 0.464303 0.506022 0.479147 0.490334 0.459187 0.499245 0.494211 0.492178 0.535122 0.529518 0.49561 0.494544 0.479874 0.490698 0.496461 0.49043 0.484376 0.475955
0.660003 0.513485 0.464233 0.50682 0.479384 0.490194 0.459019 0.500276 0.494029 0.491776 0.534946 0.528902 0.495813 0.494156 0.47947 0.490978 0.497097 0.490604 0.485727 0.475474
0.662957 0.511784 0.464585 0.505929 0.480173 0.489748 0.459859 0.499165 0.494089 0.491666 0.536075 0.530192 0.495665 0.495382 0.47957 0.491155 0.49601 0.490829 0.484707 0.475897
0.661113 0.513062 0.464304 0.506265 0.479639 0.490098 0.459182 0.499714 0.494241 0.491992 0.534952 0.52931 0.495755 0.494517 0.479601 0.491036 0.496646 0.490413 0.485578 0.475074
0.662963 0.511639 0.464383 0.505982 0.48043 0.489762 0.459913 0.49939 0.493744 0.491676 0.536178 0.530152 0.495726 0.495279 0.479353 0.491434 0.496014 0.491258 0.484549 0.476067
0.662599 0.511786 0.464791 0.505997 0.47949 0.489795 0.459559 0.49871 0.494328 0.491779 0.535798 0.530171 0.495645 0.495504 0.480052 0.490668 0.496137 0.490212 0.484751 0.476034
0.662466 0.511908 0.46463 0.506 0.479473 0.490007 0.459466 0.498911 0.494221 0.491834 0.53569 0.529881 0.495695 0.495241 0.479998 0.490724 0.496258 0.490308 0.484654 0.475965
0.662937 0.511702 0.464436 0.505912 0.480271 0.489836 0.459866 0.499312 0.493888 0.491704 0.536089 0.530088 0.495698 0.495244 0.479449 0.491303 0.496021 0.491063 0.484559 0.475974
0.662357 0.511954 0.464405 0.505896 0.47944 0.490182 0.459383 0.499213 0.494355 0.492053 0.53531 0.529689 0.495586 0.494729 0.479779 0.49081 0.496309 0.490436 0.484582 0.475708
0.662939 0.511353 0.464274 0.505879 0.480328 0.489804 0.459804 0.499332 0.493488 0.49188 0.536005 0.530202 0.495751 0.495241 0.479352 0.491519 0.495948 0.491422 0.484256 0.476254
0.663004 0.511565 0.464706 0.505954 0.479876 0.489596 0.45983 0.499 0.494478 0.49178 0.535849 0.530467 0.495485 0.495336 0.479616 0.49092 0.495979 0.4906 0.484743 0.475979
0.662496 0.512176 0.464706 0.505983 0.479662 0.489946 0.459496 0.498819 0.49414 0.491732 0.535823 0.529873 0.495819 0.495498 0.480076 0.4908 0.496234 0.490227 0.484898 0.475758
0.663148 0.511456 0.464574 0.505864 0.480202 0.489643 0.459897 0.499081 0.49399 0.491727 0.536116 0.530407 0.495633 0.495467 0.479519 0.491242 0.4959 0.491011 0.484502 0.476116
0.661982 0.512257 0.464454 0.50612 0.479285 0.490214 0.459205 0.499219 0.49419 0.49201 0.535253 0.529529 0.495743 0.494818 0.479947 0.49072 0.496514 0.490313 0.484718 0.475776
0.661204 0.51279 0.464252 0.506132 0.47959 0.490079 0.459226 0.49961 0.49443 0.492096 0.534874 0.529416 0.495611 0.494392 0.479542 0.491018 0.496538 0.490388 0.485538 0.475061
0.662998 0.511768 0.464679 0.505962 0.48014 0.489635 0.45989 0.499114 0.494206 0.491637 0.53608 0.530333 0.495623 0.495463 0.479582 0.491098 0.495989 0.490767 0.484778 0.47592
0.662431 0.511822 0.464728 0.506051 0.479314 0.489905 0.459463 0.498809 0.494413 0.491851 0.535623 0.530033 0.495606 0.495271 0.480047 0.490579 0.496246 0.490163 0.48471 0.476038
0.661751 0.512244 0.464325 0.506162 0.479194 0.49028 0.459103 0.499373 0.494178 0.492143 0.535019 0.529438 0.495697 0.494558 0.479864 0.490741 0.496585 0.490394 0.484673 0.475769
0.661496 0.512948 0.464242 0.506156 0.479188 0.490691 0.458951 0.499694 0.493995 0.492092 0.534919 0.528806 0.495928 0.49434 0.479926 0.490761 0.496834 0.490319 0.484716 0.475396
0.662708 0.512317 0.46448 0.505604 0.479768 0.490354 0.459587 0.499175 0.494399 0.49179 0.535717 0.529441 0.495693 0.494909 0.479809 0.490921 0.496202 0.490345 0.484703 0.475299
0.662929 0.511703 0.464464 0.505914 0.48026 0.489808 0.459857 0.499253 0.493899 0.4917 0.536095 0.53012 0.4957 0.495303 0.479491 0.491281 0.49601 0.491016 0.484594 0.475964
0.662722 0.511835 0.464516 0.505883 0.479871 0.489943 0.459665 0.499075 0.494238 0.491815 0.535801 0.529968 0.495625 0.49516 0.479728 0.490972 0.496108 0.490566 0.484703 0.475769
0.662617 0.512357 0.464469 0.505707 0.480083 0.490167 0.459743 0.49932 0.494353 0.491694 0.535841 0.529583 0.495644 0.494972 0.479642 0.491055 0.496123 0.490481 0.484951 0.475199
0.662955 0.511477 0.464445 0.505919 0.480092 0.489758 0.459818 0.499238 0.494055 0.491824 0.535919 0.530249 0.495585 0.495157 0.479443 0.491213 0.496009 0.491027 0.484493 0.476083
0.661085 0.512776 0.464261 0.506201 0.479483 0.490088 0.459156 0.499705 0.494346 0.492138 0.534775 0.529412 0.495616 0.49434 0.47954 0.490979 0.496589 0.490439 0.485426 0.475172
0.662898 0.51179 0.464381 0.505884 0.480261 0.489933 0.459795 0.499291 0.493854 0.491736 0.536046 0.529951 0.495746 0.495202 0.479506 0.49131 0.496067 0.491018 0.48457 0.475875
0.6612 0.512898 0.464268 0.506169 0.479573 0.490137 0.45919 0.499629 0.494349 0.49206 0.534907 0.529328 0.495683 0.494435 0.479603 0.491 0.496595 0.49037 0.485504 0.475077
0.662981 0.511582 0.464477 0.505918 0.480239 0.489766 0.459924 0.499331 0.493967 0.491696 0.536096 0.530209 0.495624 0.495232 0.479392 0.491273 0.495977 0.491093 0.484516 0.476066
0.661113 0.512822 0.464269 0.506147 0.479622 0.490004 0.45925 0.499628 0.494473 0.492091 0.534848 0.529477 0.495579 0.494398 0.479499 0.491037 0.496517 0.490385 0.485657 0.47501
0.660212 0.513526 0.464268 0.50671 0.479584 0.490111 0.459123 0.500192 0.494081 0.491743 0.535033 0.529004 0.495816 0.494298 0.479446 0.491064 0.49698 0.490583 0.485866 0.475279
0.662929 0.511703 0.464464 0.505914 0.48026 0.489808 0.459857 0.499253 0.493899 0.4917 0.536095 0.53012 0.4957 0.495303 0.479491 0.491281 0.49601 0.491016 0.484594 0.475964
0.660709 0.513417 0.464297 0.506471 0.479819 0.490012 0.459229 0.499925 0.494168 0.491812 0.535074 0.529213 0.495814 0.494526 0.479486 0.491155 0.496761 0.490499 0.485946 0.475001
0.662865 0.511541 0.464657 0.505915 0.4798 0.489705 0.45977 0.499024 0.494316 0.491821 0.535813 0.530348 0.495521 0.495288 0.479649 0.490926 0.495988 0.490638 0.484609 0.476046
0.661528 0.512611 0.464267 0.506147 0.478958 0.49064 0.458908 0.49955 0.494103 0.492193 0.534822 0.52897 0.495817 0.494308 0.479977 0.490629 0.496792 0.490267 0.48454 0.475628
0.662998 0.511768 0.464679 0.505962 0.48014 0.489635 0.45989 0.499114 0.494206 0.491637 0.53608 0.530333 0.495623 0.495463 0.479582 0.491098 0.495989 0.490767 0.484778 0.47592
0.660709 0.513417 0.464297 0.506471 0.479819 0.490012 0.459229 0.499925 0.494168 0.491812 0.535074 0.529213 0.495814 0.494526 0.479486 0.491155 0.496761 0.490499 0.485946 0.475001
0.662735 0.511838 0.464492 0.505844 0.479991 0.489932 0.45969 0.499064 0.494146 0.491806 0.535855 0.52997 0.495646 0.49522 0.479723 0.491044 0.496057 0.490609 0.484729 0.475701
0.6601 0.51365 0.464266 0.506729 0.479685 0.490056 0.459167 0.500215 0.494129 0.491689 0.535072 0.529 0.495812 0.494309 0.479395 0.491122 0.496979 0.490574 0.486076 0.475164
0.6628 0.512384 0.464545 0.505803 0.48072 0.489692 0.459994 0.499373 0.494047 0.491582 0.536085 0.530064 0.495734 0.495438 0.479408 0.491438 0.495906 0.490827 0.485305 0.475116
0.660825 0.513151 0.464255 0.506428 0.479811 0.489947 0.459257 0.499875 0.494242 0.491899 0.535022 0.529361 0.495721 0.494463 0.479419 0.491167 0.496687 0.49056 0.485865 0.475076
0.663023 0.511177 0.464489 0.505897 0.479846 0.48975 0.459787 0.499119 0.494129 0.491891 0.53587 0.530368 0.495506 0.495136 0.479497 0.491084 0.495982 0.490997 0.484254 0.47636
0.663038 0.511901 0.464708 0.505909 0.48037 0.489564 0.459928 0.499036 0.494031 0.491595 0.536183 0.530377 0.495722 0.495709 0.479624 0.491221 0.495897 0.490774 0.484925 0.475751
0.663208 0.512277 0.464753 0.505857 0.480834 0.489477 0.460067 0.499082 0.493921 0.491403 0.536453 0.530359 0.495856 0.495982 0.479579 0.491453 0.495832 0.490845 0.48523 0.475388
0.660016 0.513648 0.464257 0.506791 0.479606 0.490094 0.459124 0.500265 0.494082 0.491688 0.535054 0.528949 0.495824 0.494264 0.479409 0.491086 0.497038 0.490594 0.486003 0.475264
0.661204 0.51279 0.464252 0.506132 0.47959 0.490079 0.459226 0.49961 0.49443 0.492096 0.534874 0.529416 0.495611 0.494392 0.479542 0.491018 0.496538 0.490388 0.485538 0.475061
0.66017 0.513525 0.464264 0.506741 0.479545 0.49013 0.459101 0.500217 0.494057 0.491743 0.535024 0.528979 0.495822 0.494275 0.479453 0.491046 0.497009 0.490593 0.485829 0.47533
0.662935 0.511677 0.464455 0.505872 0.480195 0.489814 0.459827 0.499236 0.493996 0.491761 0.535992 0.530134 0.495656 0.495233 0.479489 0.491253 0.496005 0.490975 0.484591 0.475913
0.661417 0.513037 0.464228 0.50621 0.479285 0.490673 0.458983 0.499765 0.493947 0.492009 0.535019 0.528767 0.495956 0.494356 0.479878 0.490826 0.496863 0.490388 0.484798 0.475397
0.66291 0.511724 0.464504 0.505861 0.4801 0.489883 0.459812 0.499189 0.494006 0.491734 0.536013 0.530064 0.495677 0.495262 0.479574 0.491159 0.496019 0.490859 0.484562 0.475929
0.662964 0.511667 0.464468 0.505921 0.480203 0.48978 0.459867 0.499286 0.494075 0.491736 0.536004 0.530175 0.495621 0.495196 0.479436 0.491234 0.496015 0.490985 0.484616 0.47594
0.662284 0.51216 0.46463 0.506055 0.47945 0.49004 0.459381 0.498983 0.494194 0.491852 0.535572 0.529771 0.495758 0.49521 0.480025 0.490722 0.496345 0.490248 0.484788 0.475822
0.661859 0.512251 0.464359 0.506079 0.479253 0.49026 0.459141 0.499285 0.494198 0.492141 0.53505 0.529483 0.4957 0.494654 0.479899 0.490751 0.496511 0.490337 0.484712 0.475671
0.662739 0.512255 0.46456 0.505783 0.480234 0.489912 0.459763 0.499134 0.494139 0.491695 0.535928 0.529891 0.495739 0.495354 0.479703 0.491146 0.496032 0.490545 0.485032 0.475319
0.662628 0.512491 0.464459 0.505673 0.480225 0.49018 0.459799 0.499396 0.494329 0.491641 0.535902 0.529528 0.495669 0.494978 0.479586 0.491132 0.496104 0.490518 0.485039 0.475058
0.662537 0.512385 0.464387 0.505838 0.479764 0.49033 0.459388 0.499119 0.494108 0.491879 0.535606 0.529396 0.495867 0.495007 0.479938 0.490955 0.496358 0.49036 0.484772 0.475396
0.662897 0.511835 0.464356 0.505867 0.480292 0.489981 0.459786 0.499299 0.493807 0.491729 0.536068 0.529882 0.495778 0.495199 0.479518 0.491334 0.496078 0.491025 0.484565 0.475839
0.662315 0.512616 0.464535 0.505921 0.479717 0.490217 0.459362 0.49908 0.494063 0.491798 0.53562 0.529443 0.495937 0.495204 0.48002 0.490916 0.496396 0.490255 0.484982 0.475376
0.663121 0.512068 0.464619 0.505909 0.480707 0.489586 0.459994 0.499153 0.493795 0.491507 0.536362 0.530273 0.49585 0.495785 0.479539 0.49145 0.495897 0.490971 0.484999 0.475622
0.662904 0.51176 0.464476 0.505893 0.480174 0.489843 0.459821 0.499237 0.49402 0.49173 0.536007 0.53008 0.495673 0.495238 0.479522 0.491213 0.496035 0.49091 0.484634 0.475881
0.662718 0.512222 0.464486 0.505782 0.480321 0.489952 0.45981 0.499246 0.494078 0.491672 0.535984 0.529831 0.495727 0.495261 0.479608 0.491221 0.496029 0.49067 0.484987 0.475342
0.661401 0.513043 0.4642 0.506203 0.479189 0.490808 0.458955 0.499831 0.49393 0.492005 0.535017 0.528624 0.495964 0.494243 0.479892 0.490775 0.496918 0.49039 0.484653 0.475461
0.662749 0.511878 0.464496 0.505873 0.480005 0.489923 0.459713 0.49913 0.494164 0.491784 0.535862 0.529968 0.495652 0.495189 0.479671 0.491062 0.496082 0.490648 0.484743 0.475717
0.662452 0.511971 0.464666 0.505997 0.47948 0.489961 0.459461 0.498883 0.494262 0.491841 0.535652 0.529923 0.495696 0.495287 0.480013 0.490716 0.496246 0.490255 0.484743 0.475889
0.662937 0.511702 0.464436 0.505912 0.480271 0.489836 0.459866 0.499312 0.493888 0.491704 0.536089 0.530088 0.495698 0.495244 0.479449 0.491303 0.496021 0.491063 0.484559 0.475974
0.662067 0.512009 0.464279 0.505976 0.479362 0.490309 0.459221 0.4992 0.49413 0.492123 0.535229 0.529483 0.495685 0.49467 0.479878 0.490829 0.496424 0.490444 0.484554 0.475768
0.66307 0.511819 0.46471 0.505915 0.480208 0.489567 0.459907 0.49904 0.494292 0.491654 0.536049 0.530412 0.495611 0.495536 0.479595 0.491111 0.495935 0.490692 0.48491 0.475762
0.662849 0.511894 0.464567 0.505883 0.480183 0.489771 0.459866 0.499227 0.494182 0.491676 0.536 0.530133 0.495623 0.495285 0.479527 0.491162 0.496004 0.490785 0.48482 0.475729
0.662387 0.511848 0.46481 0.506086 0.479258 0.489845 0.459425 0.498677 0.494363 0.491836 0.53564 0.530094 0.495654 0.495443 0.480166 0.490524 0.496245 0.490063 0.484763 0.476082
0.662241 0.511732 0.464356 0.505935 0.479319 0.490191 0.459318 0.499106 0.494246 0.492124 0.535281 0.529717 0.495571 0.494736 0.479854 0.490767 0.496304 0.490445 0.484454 0.475921
0.661947 0.512094 0.464287 0.50603 0.47926 0.490333 0.459152 0.499254 0.494149 0.492156 0.535114 0.529436 0.495692 0.494604 0.479895 0.490776 0.496492 0.490402 0.484567 0.475761
0.662721 0.512836 0.464524 0.505623 0.480799 0.490018 0.460019 0.499478 0.494042 0.491426 0.536236 0.529589 0.49583 0.49535 0.479477 0.491443 0.495957 0.490681 0.485383 0.474742
0.662145 0.511543 0.464254 0.506036 0.479159 0.490324 0.459266 0.499253 0.494153 0.492146 0.535275 0.52959 0.495547 0.494506 0.479802 0.490721 0.496416 0.490596 0.484162 0.476238
0.66307 0.511819 0.46471 0.505915 0.480208 0.489567 0.459907 0.49904 0.494292 0.491654 0.536049 0.530412 0.495611 0.495536 0.479595 0.491111 0.495935 0.490692 0.48491 0.475762
0.662758 0.511951 0.464635 0.505792 0.479815 0.489963 0.459652 0.498916 0.494256 0.491766 0.535858 0.529948 0.495672 0.495341 0.479885 0.490894 0.496069 0.490383 0.484746 0.475675
0.662815 0.512599 0.464531 0.50561 0.48048 0.490012 0.459916 0.49941 0.494305 0.491593 0.535977 0.529706 0.495709 0.495165 0.479485 0.491294 0.495996 0.490614 0.485201 0.474898
0.662628 0.512491 0.464459 0.505673 0.480225 0.49018 0.459799 0.499396 0.494329 0.491641 0.535902 0.529528 0.495669 0.494978 0.479586 0.491132 0.496104 0.490518 0.485039 0.475058
0.662425 0.512169 0.464688 0.505995 0.479626 0.489921 0.459463 0.498842 0.494184 0.491788 0.535715 0.529901 0.495785 0.495436 0.48005 0.490796 0.496241 0.490225 0.484928 0.475729
0.66032 0.513555 0.464268 0.506655 0.479721 0.490044 0.45917 0.500095 0.494125 0.491744 0.535064 0.529073 0.495825 0.494393 0.479446 0.491128 0.496914 0.490543 0.48602 0.475126
0.662405 0.511868 0.464606 0.506037 0.479439 0.490011 0.459448 0.49894 0.494199 0.491848 0.53567 0.529875 0.495685 0.495196 0.479983 0.49072 0.49628 0.490342 0.484621 0.476032
0.662452 0.511971 0.464666 0.505997 0.47948 0.489961 0.459461 0.498883 0.494262 0.491841 0.535652 0.529923 0.495696 0.495287 0.480013 0.490716 0.496246 0.490255 0.484743 0.475889
0.662152 0.511525 0.464262 0.506047 0.479139 0.490316 0.459274 0.499272 0.494185 0.492141 0.535272 0.529606 0.495529 0.494485 0.479785 0.490706 0.496421 0.490602 0.484149 0.476263
0.6629 0.511608 0.464481 0.505952 0.480138 0.489742 0.459832 0.499259 0.494041 0.491768 0.535958 0.530227 0.495616 0.495218 0.479458 0.491214 0.49602 0.49099 0.484592 0.476021
0.662377 0.511823 0.464672 0.506095 0.479443 0.48988 0.459455 0.49885 0.494189 0.491834 0.535693 0.530025 0.495683 0.495342 0.480019 0.490705 0.49625 0.490314 0.484699 0.476098
0.663524 0.511885 0.465154 0.506001 0.480345 0.489019 0.460238 0.498905 0.495022 0.49139 0.536254 0.531074 0.495375 0.495908 0.479504 0.490939 0.495761 0.490432 0.485395 0.475618
0.66248 0.512053 0.464681 0.506003 0.479607 0.489966 0.459492 0.498828 0.494103 0.49175 0.535828 0.529878 0.495796 0.495455 0.480069 0.49078 0.496237 0.490273 0.484786 0.475889
0.663013 0.51191 0.464581 0.505903 0.480352 0.489764 0.459894 0.49914 0.493957 0.491583 0.536231 0.530126 0.495757 0.495521 0.479603 0.491249 0.495992 0.490858 0.484775 0.4758
0.663057 0.511594 0.464603 0.50585 0.480274 0.489678 0.459954 0.499074 0.494007 0.491636 0.536221 0.530317 0.495637 0.495512 0.479556 0.491214 0.49588 0.490906 0.484641 0.47598
0.663135 0.511727 0.464783 0.505885 0.479912 0.489634 0.459888 0.498951 0.4947 0.491664 0.535973 0.530393 0.495461 0.495365 0.479668 0.490856 0.495985 0.490447 0.48486 0.475786
0.6629 0.511894 0.464437 0.505891 0.48032 0.489902 0.4598 0.499208 0.493814 0.491678 0.536128 0.529956 0.4958 0.49536 0.479589 0.491306 0.496054 0.490942 0.484669 0.475811
0.662049 0.51186 0.464303 0.506022 0.479147 0.490334 0.459187 0.499245 0.494211 0.492178 0.535122 0.529518 0.49561 0.494544 0.479874 0.490698 0.496461 0.49043 0.484376 0.475955
0.662749 0.511878 0.464496 0.505873 0.480005 0.489923 0.459713 0.49913 0.494164 0.491784 0.535862 0.529968 0.495652 0.495189 0.479671 0.491062 0.496082 0.490648 0.484743 0.475717
0.662544 0.511991 0.464554 0.505873 0.479525 0.490135 0.459368 0.498784 0.494088 0.491927 0.535626 0.529738 0.495801 0.495293 0.480125 0.490775 0.496243 0.490233 0.484636 0.475765
0.662656 0.511827 0.464624 0.505887 0.47956 0.489997 0.459463 0.498732 0.49415 0.491888 0.535717 0.529942 0.495735 0.495393 0.480084 0.490766 0.49616 0.490268 0.484627 0.475883
0.661152 0.512937 0.464277 0.506195 0.479619 0.490091 0.459208 0.499658 0.494345 0.492039 0.534918 0.529356 0.495682 0.494453 0.479572 0.491028 0.496592 0.490392 0.485575 0.475055
0.661389 0.513062 0.464211 0.50622 0.479261 0.490736 0.458977 0.499816 0.493926 0.491986 0.535042 0.528686 0.495967 0.494303 0.479873 0.490817 0.496898 0.490406 0.484746 0.475429
0.662828 0.512029 0.464515 0.505809 0.480194 0.489925 0.459815 0.499221 0.494119 0.491679 0.536004 0.52993 0.495691 0.495247 0.479592 0.491175 0.496039 0.490733 0.484805 0.475596
0.662826 0.511864 0.464664 0.505819 0.479902 0.489852 0.45969 0.498861 0.494154 0.491752 0.535932 0.530088 0.495698 0.49549 0.479878 0.490952 0.496016 0.490456 0.48475 0.475761
0.662242 0.512459 0.464477 0.505926 0.479463 0.490327 0.459293 0.499155 0.494208 0.491908 0.535431 0.529378 0.495826 0.494921 0.479993 0.490787 0.496456 0.490232 0.484791 0.475495
0.66273 0.512873 0.464626 0.505544 0.480587 0.490119 0.459892 0.499174 0.493994 0.491441 0.536244 0.529504 0.495921 0.495562 0.479792 0.49127 0.495963 0.490395 0.485315 0.474747
0.662333 0.512219 0.464664 0.506043 0.479746 0.489815 0.45951 0.498971 0.494232 0.491789 0.535667 0.529983 0.495734 0.495375 0.479908 0.490883 0.496224 0.490321 0.485074 0.475644
0.662308 0.512552 0.46456 0.505936 0.479584 0.490248 0.459341 0.499043 0.494133 0.491806 0.535598 0.529436 0.495905 0.495168 0.480066 0.490818 0.49642 0.490185 0.484915 0.475463
0.662477 0.512241 0.464393 0.505857 0.479656 0.490281 0.459387 0.49915 0.494191 0.491937 0.535507 0.529493 0.495773 0.494914 0.479885 0.490906 0.496342 0.490385 0.484709 0.4755
0.662944 0.511435 0.464462 0.505874 0.479967 0.489774 0.459781 0.499192 0.494179 0.491886 0.535806 0.530264 0.495529 0.495091 0.479473 0.491134 0.496002 0.490933 0.484475 0.476053
0.66062 0.513466 0.464309 0.506486 0.479739 0.490068 0.459198 0.499975 0.494154 0.491797 0.535058 0.529139 0.495821 0.494481 0.479504 0.491114 0.496802 0.490487 0.485896 0.475038
0.661451 0.512882 0.464217 0.50619 0.479157 0.490724 0.458958 0.499721 0.493979 0.492045 0.534999 0.528762 0.495916 0.494295 0.47991 0.490755 0.496864 0.490372 0.484644 0.475527
0.6627 0.511919 0.464533 0.505764 0.479853 0.490019 0.459671 0.499064 0.494291 0.491803 0.535797 0.529879 0.495608 0.495135 0.479758 0.490954 0.496074 0.490491 0.484713 0.475624
0.661769 0.51211 0.464207 0.506145 0.479144 0.490418 0.459056 0.499395 0.494096 0.492188 0.535025 0.529305 0.495708 0.494419 0.479861 0.490756 0.496631 0.490477 0.484482 0.475886
0.662774 0.512518 0.464549 0.505677 0.48042 0.489957 0.459861 0.499312 0.494227 0.491627 0.535954 0.529781 0.495736 0.495261 0.479563 0.491258 0.496007 0.490586 0.485184 0.475014
0.663121 0.512068 0.464619 0.505909 0.480707 0.489586 0.459994 0.499153 0.493795 0.491507 0.536362 0.530273 0.49585 0.495785 0.479539 0.49145 0.495897 0.490971 0.484999 0.475622
0.66248 0.512053 0.464681 0.506003 0.479607 0.489966 0.459492 0.498828 0.494103 0.49175 0.535828 0.529878 0.495796 0.495455 0.480069 0.49078 0.496237 0.490273 0.484786 0.475889
0.662954 0.511522 0.464542 0.505886 0.48001 0.489762 0.459814 0.499129 0.494098 0.491771 0.535974 0.530255 0.495594 0.495276 0.479552 0.491127 0.495989 0.490896 0.484498 0.476092
0.662452 0.511971 0.464666 0.505997 0.47948 0.489961 0.459461 0.498883 0.494262 0.491841 0.535652 0.529923 0.495696 0.495287 0.480013 0.490716 0.496246 0.490255 0.484743 0.475889
0.661103 0.512767 0.464248 0.506105 0.479644 0.489981 0.459289 0.4996 0.494562 0.492102 0.534846 0.529509 0.495523 0.494354 0.479456 0.491053 0.496476 0.490373 0.485721 0.474966
0.662749 0.512419 0.464417 0.505729 0.480701 0.48993 0.459983 0.499503 0.494041 0.491565 0.536118 0.529776 0.495722 0.495195 0.47937 0.491449 0.495963 0.490872 0.485167 0.475071
0.662494 0.511777 0.464612 0.505978 0.479474 0.490006 0.459485 0.498864 0.494168 0.491853 0.535724 0.529917 0.495678 0.495262 0.480006 0.49073 0.496213 0.490341 0.484573 0.476047
0.662315 0.512616 0.464535 0.505921 0.479717 0.490217 0.459362 0.49908 0.494063 0.491798 0.53562 0.529443 0.495937 0.495204 0.48002 0.490916 0.496396 0.490255 0.484982 0.475376
0.663273 0.511701 0.464958 0.505965 0.480095 0.48932 0.460061 0.49896 0.494735 0.491543 0.536118 0.530764 0.495422 0.495643 0.479567 0.490912 0.495858 0.490528 0.485013 0.475855
0.661275 0.513131 0.464267 0.506317 0.479463 0.490454 0.459039 0.499816 0.493931 0.491942 0.535062 0.528937 0.495951 0.494476 0.479781 0.490937 0.496838 0.49047 0.485067 0.475343
0.662924 0.511631 0.464516 0.505978 0.48018 0.489709 0.459871 0.499267 0.494036 0.49171 0.536036 0.530253 0.495624 0.495275 0.479452 0.491219 0.496016 0.491002 0.484616 0.476044
0.660709 0.513417 0.464297 0.506471 0.479819 0.490012 0.459229 0.499925 0.494168 0.491812 0.535074 0.529213 0.495814 0.494526 0.479486 0.491155 0.496761 0.490499 0.485946 0.475001
0.662049 0.51186 0.464303 0.506022 0.479147 0.490334 0.459187 0.499245 0.494211 0.492178 0.535122 0.529518 0.49561 0.494544 0.479874 0.490698 0.496461 0.49043 0.484376 0.475955
0.662067 0.512009 0.464279 0.505976 0.479362 0.490309 0.459221 0.4992 0.49413 0.492123 0.535229 0.529483 0.495685 0.49467 0.479878 0.490829 0.496424 0.490444 0.484554 0.475768
0.662898 0.51179 0.464381 0.505884 0.480261 0.489933 0.459795 0.499291 0.493854 0.491736 0.536046 0.529951 0.495746 0.495202 0.479506 0.49131 0.496067 0.491018 0.48457 0.475875
0.662488 0.511914 0.464711 0.506 0.479427 0.489946 0.459451 0.498782 0.494234 0.491832 0.535693 0.529964 0.495714 0.495385 0.480092 0.490668 0.496233 0.490202 0.484703 0.475969
0.660671 0.513599 0.464362 0.506483 0.479755 0.490121 0.459199 0.500012 0.494069 0.491733 0.535127 0.529067 0.495892 0.494563 0.479556 0.491102 0.496822 0.490476 0.485841 0.475023
0.661496 0.512948 0.464242 0.506156 0.479188 0.490691 0.458951 0.499694 0.493995 0.492092 0.534919 0.528806 0.495928 0.49434 0.479926 0.490761 0.496834 0.490319 0.484716 0.475396
0.661859 0.512251 0.464359 0.506079 0.479253 0.49026 0.459141 0.499285 0.494198 0.492141 0.53505 0.529483 0.4957 0.494654 0.479899 0.490751 0.496511 0.490337 0.484712 0.475671
0.661451 0.512882 0.464217 0.50619 0.479157 0.490724 0.458958 0.499721 0.493979 0.492045 0.534999 0.528762 0.495916 0.494295 0.47991 0.490755 0.496864 0.490372 0.484644 0.475527
0.663045 0.511651 0.464757 0.50604 0.480233 0.489318 0.459953 0.499093 0.494266 0.491694 0.535977 0.530731 0.495554 0.495609 0.479468 0.491161 0.495878 0.49084 0.484937 0.475956
0.6629 0.511894 0.464437 0.505891 0.48032 0.489902 0.4598 0.499208 0.493814 0.491678 0.536128 0.529956 0.4958 0.49536 0.479589 0.491306 0.496054 0.490942 0.484669 0.475811
0.662977 0.511781 0.46423 0.505982 0.480698 0.489856 0.459931 0.499548 0.49352 0.491631 0.536291 0.529962 0.495836 0.495224 0.479255 0.491653 0.496062 0.491474 0.484566 0.475958
0.663045 0.512129 0.464631 0.505863 0.480679 0.489614 0.459973 0.499156 0.493796 0.491507 0.536338 0.530228 0.495846 0.495778 0.479561 0.491445 0.495891 0.490942 0.48501 0.47556
0.661713 0.512021 0.464362 0.506263 0.479053 0.490202 0.459128 0.499418 0.494263 0.492121 0.535036 0.529571 0.495596 0.494492 0.479805 0.490657 0.496602 0.49046 0.484549 0.476057
0.66043 0.513548 0.464296 0.506608 0.479767 0.490039 0.45921 0.500103 0.494116 0.491724 0.535108 0.529101 0.495826 0.494435 0.479434 0.491144 0.496872 0.490566 0.485975 0.475107
0.662937 0.511702 0.464436 0.505912 0.480271 0.489836 0.459866 0.499312 0.493888 0.491704 0.536089 0.530088 0.495698 0.495244 0.479449 0.491303 0.496021 0.491063 0.484559 0.475974
0.662913 0.511621 0.464623 0.505941 0.480014 0.489671 0.459819 0.499075 0.49417 0.491759 0.535937 0.530338 0.495594 0.495378 0.479601 0.491063 0.495979 0.490759 0.484677 0.475995
0.66291 0.511724 0.464504 0.505861 0.4801 0.489883 0.459812 0.499189 0.494006 0.491734 0.536013 0.530064 0.495677 0.495262 0.479574 0.491159 0.496019 0.490859 0.484562 0.475929
0.662735 0.511838 0.464492 0.505844 0.479991 0.489932 0.45969 0.499064 0.494146 0.491806 0.535855 0.52997 0.495646 0.49522 0.479723 0.491044 0.496057 0.490609 0.484729 0.475701
0.663013 0.51191 0.464581 0.505903 0.480352 0.489764 0.459894 0.49914 0.493957 0.491583 0.536231 0.530126 0.495757 0.495521 0.479603 0.491249 0.495992 0.490858 0.484775 0.4758
0.66123 0.512747 0.464257 0.506145 0.47957 0.490071 0.45921 0.499625 0.494394 0.492116 0.534853 0.529444 0.495614 0.494397 0.479543 0.491012 0.49654 0.49042 0.485471 0.475113
0.661085 0.512776 0.464261 0.506201 0.479483 0.490088 0.459156 0.499705 0.494346 0.492138 0.534775 0.529412 0.495616 0.49434 0.47954 0.490979 0.496589 0.490439 0.485426 0.475172
0.662924 0.511631 0.464516 0.505978 0.48018 0.489709 0.459871 0.499267 0.494036 0.49171 0.536036 0.530253 0.495624 0.495275 0.479452 0.491219 0.496016 0.491002 0.484616 0.476044
0.662749 0.512419 0.464417 0.505729 0.480701 0.48993 0.459983 0.499503 0.494041 0.491565 0.536118 0.529776 0.495722 0.495195 0.47937 0.491449 0.495963 0.490872 0.485167 0.475071
0.661451 0.512882 0.464217 0.50619 0.479157 0.490724 0.458958 0.499721 0.493979 0.492045 0.534999 0.528762 0.495916 0.494295 0.47991 0.490755 0.496864 0.490372 0.484644 0.475527
0.661429 0.513114 0.464197 0.506162 0.479124 0.49091 0.45892 0.499871 0.493927 0.492048 0.534935 0.528525 0.495985 0.494176 0.479922 0.49073 0.496943 0.490341 0.48458 0.475396
0.66273 0.512873 0.464626 0.505544 0.480587 0.490119 0.459892 0.499174 0.493994 0.491441 0.536244 0.529504 0.495921 0.495562 0.479792 0.49127 0.495963 0.490395 0.485315 0.474747
0.663145 0.511458 0.464874 0.505968 0.479906 0.489439 0.460003 0.49899 0.494629 0.491617 0.536067 0.530682 0.495382 0.495479 0.47957 0.490856 0.495885 0.490607 0.484738 0.476116
0.663208 0.512277 0.464753 0.505857 0.480834 0.489477 0.460067 0.499082 0.493921 0.491403 0.536453 0.530359 0.495856 0.495982 0.479579 0.491453 0.495832 0.490845 0.48523 0.475388
0.662094 0.512107 0.464389 0.506014 0.479376 0.490221 0.459253 0.499161 0.494175 0.492048 0.53529 0.529564 0.495706 0.494811 0.479914 0.490792 0.496419 0.490372 0.484663 0.475748
0.662964 0.511667 0.464468 0.505921 0.480203 0.48978 0.459867 0.499286 0.494075 0.491736 0.536004 0.530175 0.495621 0.495196 0.479436 0.491234 0.496015 0.490985 0.484616 0.47594
0.663325 0.511622 0.465044 0.505966 0.48005 0.489236 0.460111 0.498903 0.49484 0.491514 0.53615 0.530895 0.495362 0.495709 0.479577 0.490844 0.495808 0.490474 0.48502 0.475912
0.66084 0.513277 0.464312 0.50645 0.479668 0.490071 0.459148 0.499891 0.494106 0.491907 0.534974 0.529233 0.495826 0.494519 0.479565 0.49107 0.496767 0.490493 0.485686 0.475129
0.662961 0.511906 0.464284 0.505928 0.480642 0.489872 0.459883 0.499466 0.493602 0.491661 0.536203 0.529939 0.495848 0.495268 0.479345 0.491586 0.496055 0.491306 0.484661 0.475791
0.661185 0.512618 0.464214 0.506044 0.479643 0.489973 0.459314 0.499555 0.494629 0.492148 0.53483 0.529563 0.495464 0.494302 0.479421 0.49106 0.496423 0.490389 0.485676 0.474978
0.66123 0.512747 0.464257 0.506145 0.47957 0.490071 0.45921 0.499625 0.494394 0.492116 0.534853 0.529444 0.495614 0.494397 0.479543 0.491012 0.49654 0.49042 0.485471 0.475113
0.662909 0.51162 0.464499 0.505823 0.480009 0.48984 0.459784 0.499162 0.494147 0.491826 0.535869 0.53015 0.495588 0.495171 0.479549 0.491122 0.495997 0.49083 0.484558 0.475904
0.660567 0.513553 0.464305 0.506521 0.479929 0.489953 0.459294 0.500019 0.494192 0.491717 0.535154 0.529203 0.495808 0.494523 0.479398 0.491221 0.496773 0.490544 0.486129 0.474938
0.662742 0.512181 0.464565 0.505793 0.480091 0.489979 0.459794 0.499209 0.4943 0.491661 0.535942 0.529841 0.495657 0.495185 0.479649 0.491058 0.496076 0.490543 0.484921 0.475449
0.662852 0.511694 0.464407 0.505868 0.480012 0.489918 0.459704 0.499205 0.49407 0.491876 0.535795 0.530026 0.495652 0.495088 0.479555 0.49116 0.496081 0.490855 0.484563 0.475873
0.661148 0.512815 0.464274 0.506128 0.479657 0.489964 0.459265 0.499561 0.49452 0.492095 0.534855 0.529522 0.495571 0.494439 0.479508 0.491049 0.496489 0.490348 0.485735 0.474958
0.661119 0.51297 0.464298 0.506227 0.479619 0.490063 0.459197 0.499685 0.494312 0.492036 0.534901 0.529378 0.495695 0.494479 0.479572 0.491029 0.496602 0.490405 0.485585 0.475064
0.662981 0.511582 0.464477 0.505918 0.480239 0.489766 0.459924 0.499331 0.493967 0.491696 0.536096 0.530209 0.495624 0.495232 0.479392 0.491273 0.495977 0.491093 0.484516 0.476066
0.661512 0.51287 0.464237 0.506146 0.479124 0.490717 0.458939 0.499672 0.494011 0.49211 0.53491 0.528804 0.495908 0.49431 0.479942 0.490725 0.496835 0.490311 0.484639 0.475461
0.66084 0.513277 0.464312 0.50645 0.479668 0.490071 0.459148 0.499891 0.494106 0.491907 0.534974 0.529233 0.495826 0.494519 0.479565 0.49107 0.496767 0.490493 0.485686 0.475129
0.659825 0.513639 0.464247 0.506902 0.479361 0.490229 0.459 0.500381 0.493978 0.491704 0.53498 0.528797 0.49585 0.494132 0.479466 0.490968 0.497177 0.490617 0.485768 0.475502
0.66032 0.513555 0.464268 0.506655 0.479721 0.490044 0.45917 0.500095 0.494125 0.491744 0.535064 0.529073 0.495825 0.494393 0.479446 0.491128 0.496914 0.490543 0.48602 0.475126
0.660212 0.513526 0.464268 0.50671 0.479584 0.490111 0.459123 0.500192 0.494081 0.491743 0.535033 0.529004 0.495816 0.494298 0.479446 0.491064 0.49698 0.490583 0.485866 0.475279
0.662873 0.511844 0.464497 0.505914 0.480153 0.489873 0.459816 0.499238 0.494044 0.491699 0.536021 0.530025 0.49569 0.495243 0.479555 0.491174 0.496065 0.490845 0.484678 0.475848
0.66032 0.513555 0.464268 0.506655 0.479721 0.490044 0.45917 0.500095 0.494125 0.491744 0.535064 0.529073 0.495825 0.494393 0.479446 0.491128 0.496914 0.490543 0.48602 0.475126
0.661451 0.512882 0.464217 0.50619 0.479157 0.490724 0.458958 0.499721 0.493979 0.492045 0.534999 0.528762 0.495916 0.494295 0.47991 0.490755 0.496864 0.490372 0.484644 0.475527
0.661512 0.51287 0.464237 0.506146 0.479124 0.490717 0.458939 0.499672 0.494011 0.49211 0.53491 0.528804 0.495908 0.49431 0.479942 0.490725 0.496835 0.490311 0.484639 0.475461
0.6612 0.512898 0.464268 0.506169 0.479573 0.490137 0.45919 0.499629 0.494349 0.49206 0.534907 0.529328 0.495683 0.494435 0.479603 0.491 0.496595 0.49037 0.485504 0.475077
0.6631 0.51167 0.464627 0.505931 0.480159 0.489608 0.459934 0.499193 0.494368 0.491696 0.535991 0.530401 0.495527 0.4953 0.479448 0.491125 0.495964 0.49083 0.484769 0.475882
0.662514 0.512118 0.464524 0.505925 0.47974 0.490041 0.459539 0.499107 0.494283 0.491817 0.53568 0.529778 0.49569 0.495092 0.479813 0.490907 0.496244 0.490426 0.484821 0.475641
0.661113 0.512822 0.464269 0.506147 0.479622 0.490004 0.45925 0.499628 0.494473 0.492091 0.534848 0.529477 0.495579 0.494398 0.479499 0.491037 0.496517 0.490385 0.485657 0.47501
0.661203 0.512765 0.464267 0.506105 0.479606 0.490008 0.459243 0.499537 0.494515 0.492122 0.534839 0.529501 0.495573 0.494422 0.479539 0.491019 0.496493 0.490334 0.485647 0.474992
0.66144 0.512998 0.464207 0.506176 0.47914 0.490817 0.458939 0.499796 0.493953 0.492047 0.534967 0.528644 0.49595 0.494235 0.479916 0.490743 0.496904 0.490356 0.484612 0.475461
0.663241 0.511821 0.465013 0.505964 0.48011 0.489344 0.460047 0.498883 0.494668 0.491479 0.536205 0.530706 0.49549 0.495782 0.479677 0.490882 0.495863 0.490435 0.485065 0.475809
0.662873 0.511844 0.464497 0.505914 0.480153 0.489873 0.459816 0.499238 0.494044 0.491699 0.536021 0.530025 0.49569 0.495243 0.479555 0.491174 0.496065 0.490845 0.484678 0.475848
0.663172 0.511457 0.464912 0.505968 0.479906 0.489404 0.460024 0.498971 0.494669 0.491599 0.536085 0.530729 0.495368 0.495517 0.479576 0.490836 0.495867 0.490581 0.48476 0.476114
0.6629 0.511608 0.464481 0.505952 0.480138 0.489742 0.459832 0.499259 0.494041 0.491768 0.535958 0.530227 0.495616 0.495218 0.479458 0.491214 0.49602 0.49099 0.484592 0.476021
0.662419 0.511909 0.464738 0.506042 0.479369 0.489903 0.459443 0.49878 0.494312 0.491839 0.535646 0.530009 0.495675 0.495365 0.48009 0.49062 0.496245 0.490159 0.484753 0.475986
0.662784 0.511722 0.464665 0.505982 0.480108 0.489529 0.45978 0.498966 0.494117 0.491789 0.535875 0.53045 0.495622 0.49556 0.479682 0.491081 0.495936 0.490659 0.484922 0.475825
0.662745 0.512083 0.464403 0.505817 0.480414 0.489902 0.459862 0.499369 0.494074 0.491701 0.535974 0.529903 0.495663 0.495141 0.479453 0.49131 0.496009 0.490849 0.484943 0.475408
0.661275 0.513131 0.464267 0.506317 0.479463 0.490454 0.459039 0.499816 0.493931 0.491942 0.535062 0.528937 0.495951 0.494476 0.479781 0.490937 0.496838 0.49047 0.485067 0.475343
0.6629 0.511894 0.464437 0.505891 0.48032 0.489902 0.4598 0.499208 0.493814 0.491678 0.536128 0.529956 0.4958 0.49536 0.479589 0.491306 0.496054 0.490942 0.484669 0.475811
0.662953 0.511659 0.464478 0.505927 0.480271 0.489774 0.459897 0.499293 0.493911 0.491686 0.536113 0.530172 0.495675 0.495295 0.479441 0.491289 0.495992 0.491063 0.484572 0.476019
0.662242 0.512459 0.464477 0.505926 0.479463 0.490327 0.459293 0.499155 0.494208 0.491908 0.535431 0.529378 0.495826 0.494921 0.479993 0.490787 0.496456 0.490232 0.484791 0.475495
0.663172 0.511469 0.464615 0.505914 0.480311 0.489484 0.459942 0.499107 0.493963 0.491723 0.536103 0.530585 0.495636 0.495574 0.479449 0.491315 0.495851 0.491082 0.484606 0.476109
0.662755 0.511549 0.464189 0.505895 0.480175 0.490043 0.459736 0.499467 0.493681 0.491887 0.53589 0.529868 0.495712 0.494909 0.479363 0.491388 0.496102 0.491262 0.484305 0.476088
0.662828 0.512029 0.464515 0.505809 0.480194 0.489925 0.459815 0.499221 0.494119 0.491679 0.536004 0.52993 0.495691 0.495247 0.479592 0.491175 0.496039 0.490733 0.484805 0.475596
0.661982 0.512257 0.464454 0.50612 0.479285 0.490214 0.459205 0.499219 0.49419 0.49201 0.535253 0.529529 0.495743 0.494818 0.479947 0.49072 0.496514 0.490313 0.484718 0.475776
0.661782 0.512238 0.464335 0.50614 0.479177 0.490277 0.459093 0.499348 0.494194 0.492175 0.534974 0.529459 0.495694 0.494566 0.47988 0.490726 0.49657 0.490364 0.484671 0.475737
0.662902 0.511678 0.464495 0.505905 0.4801 0.489833 0.459808 0.499199 0.494017 0.491752 0.535986 0.530123 0.49566 0.495251 0.479547 0.491168 0.496027 0.490893 0.484573 0.475972
0.663085 0.511906 0.464861 0.505946 0.480099 0.489544 0.459919 0.498952 0.494396 0.491555 0.536133 0.530435 0.495616 0.49567 0.479714 0.490966 0.495953 0.490519 0.484951 0.475795
0.660952 0.512926 0.464221 0.506262 0.47982 0.489908 0.459334 0.499737 0.494461 0.491977 0.534983 0.529479 0.495582 0.494389 0.479364 0.491168 0.496549 0.490503 0.4859 0.474986
0.663038 0.511901 0.464708 0.505909 0.48037 0.489564 0.459928 0.499036 0.494031 0.491595 0.536183 0.530377 0.495722 0.495709 0.479624 0.491221 0.495897 0.490774 0.484925 0.475751
0.6631 0.51167 0.464627 0.505931 0.480159 0.489608 0.459934 0.499193 0.494368 0.491696 0.535991 0.530401 0.495527 0.4953 0.479448 0.491125 0.495964 0.49083 0.484769 0.475882
0.663005 0.512078 0.464547 0.505818 0.480308 0.489818 0.459794 0.499131 0.494098 0.491698 0.535999 0.530051 0.495753 0.495413 0.479631 0.491237 0.496021 0.490733 0.484887 0.475509
0.662303 0.511683 0.464418 0.505887 0.479331 0.490112 0.459348 0.498993 0.49428 0.492141 0.535278 0.52984 0.495548 0.494854 0.479896 0.490746 0.496221 0.490376 0.484499 0.475882
0.662562 0.511754 0.46474 0.50605 0.479548 0.489785 0.459558 0.498773 0.494242 0.491769 0.535827 0.530164 0.49566 0.49548 0.480004 0.490725 0.496157 0.490315 0.484729 0.476096
0.663172 0.511469 0.464615 0.505914 0.480311 0.489484 0.459942 0.499107 0.493963 0.491723 0.536103 0.530585 0.495636 0.495574 0.479449 0.491315 0.495851 0.491082 0.484606 0.476109
0.662242 0.512459 0.464477 0.505926 0.479463 0.490327 0.459293 0.499155 0.494208 0.491908 0.535431 0.529378 0.495826 0.494921 0.479993 0.490787 0.496456 0.490232 0.484791 0.475495
0.662166 0.511743 0.464302 0.50601 0.479284 0.490293 0.45928 0.499193 0.494115 0.492088 0.535341 0.529573 0.495628 0.494666 0.479855 0.490771 0.496399 0.490526 0.484336 0.476061
0.662944 0.511435 0.464462 0.505874 0.479967 0.489774 0.459781 0.499192 0.494179 0.491886 0.535806 0.530264 0.495529 0.495091 0.479473 0.491134 0.496002 0.490933 0.484475 0.476053
0.662963 0.511639 0.464383 0.505982 0.48043 0.489762 0.459913 0.49939 0.493744 0.491676 0.536178 0.530152 0.495726 0.495279 0.479353 0.491434 0.496014 0.491258 0.484549 0.476067
0.662963 0.511639 0.464383 0.505982 0.48043 0.489762 0.459913 0.49939 0.493744 0.491676 0.536178 0.530152 0.495726 0.495279 0.479353 0.491434 0.496014 0.491258 0.484549 0.476067
0.662116 0.51174 0.464325 0.506053 0.47924 0.490214 0.459273 0.499228 0.494231 0.492108 0.535256 0.529659 0.495571 0.494619 0.479809 0.490746 0.49641 0.490515 0.484406 0.476055
0.662448 0.512099 0.464579 0.50594 0.479505 0.490096 0.459383 0.498879 0.494214 0.491895 0.535583 0.529742 0.495762 0.495218 0.480062 0.49075 0.496291 0.490211 0.484756 0.47572
