0 1 0.606306 0.491315 0.736019 0.85631 0.121046 0 1 0.465985 0 0.788321 0.138317 0 1 0.483183 0.0227275 0 0 0
1 0.956065 1 0.311079 0 0.540918 0.527713 0.858421 0 0.956706 0.545204 1 0 0.471815 1 0.810734 1 0.694036 0.187164 0.0632114
0.499996 0.5 0.784885 0.5 0.5 0.5 0.5 0.5 0.499998 0.5 0.5 0.5 0.5 0.5 0.5 0.500001 0.5 0.5 0.5 0.5
0.749997 0.5 0.784885 0.5 0.5 0.5 0.5 0.5 0.499997 0.5 0.5 0.5 0.5 0.5 0.5 0.500006 0.5 0.5 0.5 0.5
0.250003 0.5 0.784885 0.5 0.5 0.5 0.5 0.5 0.500004 0.5 0.5 0.5 0.5 0.5 0.5 0.5 0.5 0.5 0.5 0.5
0.624996 0.5 0.784885 0.5 0.5 0.5 0.5 0.5 0.5 0.5 0.5 0.5 0.5 0.5 0.5 0.500002 0.5 0.5 0.5 0.5
0.125011 0.5 0.784885 0.5 0.5 0.5 0.5 0.5 0.499996 0.5 0.5 0.5 0.5 0.5 0.5 0.499993 0.5 0.5 0.5 0.5
0.375005 0.5 0.784885 0.5 0.5 0.5 0.5 0.5 0.499997 0.5 0.5 0.5 0.5 0.5 0.5 0.500002 0.5 0.5 0.5 0.5
0.874982 0.5 0.784885 0.5 0.5 0.5 0.5 0.5 0.500002 0.5 0.5 0.5 0.5 0.5 0.5 0.500019 0.5 0.5 0.5 0.5
0.937487 0.5 0.784885 0.5 0.5 0.5 0.5 0.5 0.500001 0.5 0.5 0.5 0.5 0.5 0.5 0.5 0.5 0.5 0.5 0.5
0.0625046 0.5 0.784885 0.5 0.5 0.5 0.5 0.5 0.500006 0.5 0.5 0.5 0.5 0.5 0.5 0.499993 0.5 0.5 0.5 0.5
0.562498 0.5 0.784885 0.5 0.5 0.5 0.5 0.5 0.5 0.5 0.5 0.5 0.5 0.5 0.5 0.499996 0.5 0.5 0.5 0.5
0.687502 0.5 0.784885 0.5 0.5 0.5 0.5 0.5 0.499995 0.5 0.5 0.5 0.5 0.5 0.5 0.500001 0.5 0.5 0.5 0.5
0.312497 0.5 0.784885 0.5 0.5 0.5 0.5 0.5 0.500002 0.5 0.5 0.5 0.5 0.5 0.5 0.499999 0.5 0.5 0.5 0.5
0.437496 0.5 0.784885 0.5 0.5 0.5 0.5 0.5 0.500002 0.5 0.5 0.5 0.5 0.5 0.5 0.499999 0.5 0.5 0.5 0.5
0.812477 0.5 0.784885 0.5 0.5 0.5 0.5 0.5 0.499988 0.5 0.5 0.5 0.5 0.5 0.5 0.500012 0.5 0.5 0.5 0.5
0.187544 0.5 0.784885 0.5 0.5 0.5 0.5 0.5 0.500005 0.5 0.5 0.5 0.5 0.5 0.5 0.500004 0.5 0.5 0.5 0.5
0.156279 0.5 0.784885 0.5 0.5 0.5 0.5 0.5 0.499998 0.5 0.5 0.5 0.5 0.5 0.5 0.499993 0.5 0.5 0.5 0.5
0.656248 0.5 0.784885 0.5 0.5 0.5 0.5 0.5 0.500002 0.5 0.5 0.5 0.5 0.5 0.5 0.500002 0.5 0.5 0.5 0.5
0.84373 0.5 0.784885 0.5 0.5 0.5 0.5 0.5 0.500002 0.5 0.5 0.5 0.5 0.5 0.5 0.500017 0.5 0.5 0.5 0.5
0.343754 0.5 0.784885 0.5 0.5 0.5 0.5 0.5 0.499994 0.5 0.5 0.5 0.5 0.5 0.5 0.499991 0.5 0.5 0.5 0.5
0.531246 0.5 0.784885 0.5 0.5 0.5 0.5 0.5 0.500001 0.5 0.5 0.5 0.5 0.5 0.5 0.499998 0.5 0.5 0.5 0.5
0.468747 0.5 0.784885 0.5 0.5 0.5 0.5 0.5 0.5 0.5 0.5 0.5 0.5 0.5 0.5 0.499999 0.5 0.5 0.5 0.5
0.90623 0.5 0.784885 0.5 0.5 0.5 0.5 0.5 0.499992 0.5 0.5 0.5 0.5 0.5 0.5 0.500006 0.5 0.5 0.5 0.5
0.593748 0.5 0.784885 0.5 0.5 0.5 0.5 0.5 0.500003 0.5 0.5 0.5 0.5 0.5 0.5 0.499997 0.5 0.5 0.5 0.5
0.968754 0.5 0.784885 0.5 0.5 0.5 0.5 0.5 0.499995 0.5 0.5 0.5 0.5 0.5 0.5 0.500002 0.5 0.5 0.5 0.5
0.281248 0.5 0.784885 0.5 0.5 0.5 0.5 0.5 0.500006 0.5 0.5 0.5 0.5 0.5 0.5 0.5 0.5 0.5 0.5 0.5
0.0312394 0.5 0.784885 0.5 0.5 0.5 0.5 0.5 0.500008 0.5 0.5 0.5 0.5 0.5 0.5 0.500004 0.5 0.5 0.5 0.5
0.406256 0.5 0.784885 0.5 0.5 0.5 0.5 0.5 0.499989 0.5 0.5 0.5 0.5 0.5 0.5 0.500005 0.5 0.5 0.5 0.5
0.0937422 0.5 0.784885 0.5 0.5 0.5 0.5 0.5 0.499997 0.5 0.5 0.5 0.5 0.5 0.5 0.499996 0.5 0.5 0.5 0.5
0.718739 0.5 0.784885 0.5 0.5 0.5 0.5 0.5 0.499998 0.5 0.5 0.5 0.5 0.5 0.5 0.500001 0.5 0.5 0.5 0.5
0.78121 0.5 0.784885 0.5 0.5 0.5 0.5 0.5 0.499988 0.5 0.5 0.5 0.5 0.5 0.5 0.500005 0.5 0.5 0.5 0.5
0.21875 0.5 0.784885 0.5 0.5 0.5 0.5 0.5 0.500003 0.5 0.5 0.5 0.5 0.5 0.5 0.499989 0.5 0.5 0.5 0.5
0.796845 0.5 0.784885 0.5 0.5 0.5 0.5 0.5 0.499992 0.5 0.5 0.5 0.5 0.5 0.5 0.500012 0.5 0.5 0.5 0.5
0.953123 0.5 0.784885 0.5 0.5 0.5 0.5 0.5 0.500004 0.5 0.5 0.5 0.5 0.5 0.5 0.500012 0.5 0.5 0.5 0.5
0.0468749 0.5 0.784885 0.5 0.5 0.5 0.5 0.5 0.499998 0.5 0.5 0.5 0.5 0.5 0.5 0.500003 0.5 0.5 0.5 0.5
0.328126 0.5 0.784885 0.5 0.5 0.5 0.5 0.5 0.499996 0.5 0.5 0.5 0.5 0.5 0.5 0.499994 0.5 0.5 0.5 0.5
0.140638 0.5 0.784885 0.5 0.5 0.5 0.5 0.5 0.499992 0.5 0.5 0.5 0.5 0.5 0.5 0.499991 0.5 0.5 0.5 0.5
0.109384 0.5 0.784885 0.5 0.5 0.5 0.5 0.5 0.499999 0.5 0.5 0.5 0.5 0.5 0.5 0.500003 0.5 0.5 0.5 0.5
0.640622 0.5 0.784885 0.5 0.5 0.5 0.5 0.5 0.500001 0.5 0.5 0.5 0.5 0.5 0.5 0.500002 0.5 0.5 0.5 0.5
0.453121 0.5 0.784885 0.5 0.5 0.5 0.5 0.5 0.499998 0.5 0.5 0.5 0.5 0.5 0.5 0.5 0.5 0.5 0.5 0.5
0.609372 0.5 0.784885 0.5 0.5 0.5 0.5 0.5 0.500002 0.5 0.5 0.5 0.5 0.5 0.5 0.499998 0.5 0.5 0.5 0.5
0.390632 0.5 0.784885 0.5 0.5 0.5 0.5 0.5 0.499997 0.5 0.5 0.5 0.5 0.5 0.5 0.500004 0.5 0.5 0.5 0.5
0.296873 0.5 0.784885 0.5 0.5 0.5 0.5 0.5 0.500006 0.5 0.5 0.5 0.5 0.5 0.5 0.499999 0.5 0.5 0.5 0.5
0.171921 0.5 0.784885 0.5 0.5 0.5 0.5 0.5 0.499999 0.5 0.5 0.5 0.5 0.5 0.5 0.499998 0.5 0.5 0.5 0.5
0.734375 0.5 0.784885 0.5 0.5 0.5 0.5 0.5 0.499999 0.5 0.5 0.5 0.5 0.5 0.5 0.500003 0.5 0.5 0.5 0.5
0.57812 0.5 0.784885 0.5 0.5 0.5 0.5 0.5 0.499997 0.5 0.5 0.5 0.5 0.5 0.5 0.499998 0.5 0.5 0.5 0.5
0.921864 0.5 0.784885 0.5 0.5 0.5 0.5 0.5 0.500008 0.5 0.5 0.5 0.5 0.5 0.5 0.500005 0.5 0.5 0.5 0.5
0.546867 0.5 0.784885 0.5 0.5 0.5 0.5 0.5 0.499998 0.5 0.5 0.5 0.5 0.5 0.5 0.500003 0.5 0.5 0.5 0.5
0.265622 0.5 0.784885 0.5 0.5 0.5 0.5 0.5 0.499999 0.5 0.5 0.5 0.5 0.5 0.5 0.500003 0.5 0.5 0.5 0.5
0.484367 0.5 0.784885 0.5 0.5 0.5 0.5 0.5 0.499997 0.5 0.5 0.5 0.5 0.5 0.5 0.500003 0.5 0.5 0.5 0.5
0.359374 0.5 0.784885 0.5 0.5 0.5 0.5 0.5 0.499998 0.5 0.5 0.5 0.5 0.5 0.5 0.500005 0.5 0.5 0.5 0.5
0.0156191 0.5 0.784885 0.5 0.5 0.5 0.5 0.5 0.500003 0.5 0.5 0.5 0.5 0.5 0.5 0.500014 0.5 0.5 0.5 0.5
0.671883 0.5 0.784885 0.5 0.5 0.5 0.5 0.5 0.499998 0.5 0.5 0.5 0.5 0.5 0.5 0.500002 0.5 0.5 0.5 0.5
0.0781222 0.5 0.784885 0.5 0.5 0.5 0.5 0.5 0.500007 0.5 0.5 0.5 0.5 0.5 0.5 0.499987 0.5 0.5 0.5 0.5
0.515614 0.5 0.784885 0.5 0.5 0.5 0.5 0.5 0.500003 0.5 0.5 0.5 0.5 0.5 0.5 0.499993 0.5 0.5 0.5 0.5
0.703119 0.5 0.784885 0.5 0.5 0.5 0.5 0.5 0.499998 0.5 0.5 0.5 0.5 0.5 0.5 0.500003 0.5 0.5 0.5 0.5
0.984384 0.5 0.784885 0.5 0.5 0.5 0.5 0.5 0.500001 0.5 0.5 0.5 0.5 0.5 0.5 0.500006 0.5 0.5 0.5 0.5
0.234366 0.5 0.784885 0.5 0.5 0.5 0.5 0.5 0.500009 0.5 0.5 0.5 0.5 0.5 0.5 0.499992 0.5 0.5 0.5 0.5
0.890596 0.5 0.784885 0.5 0.5 0.5 0.5 0.5 0.500005 0.5 0.5 0.5 0.5 0.5 0.5 0.500003 0.5 0.5 0.5 0.5
0.859346 0.5 0.784885 0.5 0.5 0.5 0.5 0.5 0.499985 0.5 0.5 0.5 0.5 0.5 0.5 0.500007 0.5 0.5 0.5 0.5
0.421866 0.5 0.784885 0.5 0.5 0.5 0.5 0.5 0.500002 0.5 0.5 0.5 0.5 0.5 0.5 0.499993 0.5 0.5 0.5 0.5
0.828123 0.5 0.784885 0.5 0.5 0.5 0.5 0.5 0.499985 0.5 0.5 0.5 0.5 0.5 0.5 0.500033 0.5 0.5 0.5 0.5
0.765598 0.5 0.784885 0.5 0.5 0.5 0.5 0.5 0.499984 0.5 0.5 0.5 0.5 0.5 0.5 0.500008 0.5 0.5 0.5 0.5
0.203151 0.5 0.784885 0.5 0.5 0.5 0.5 0.5 0.499999 0.5 0.5 0.5 0.5 0.5 0.5 0.499998 0.5 0.5 0.5 0.5
0.820301 0.5 0.784885 0.5 0.5 0.5 0.5 0.5 0.499989 0.5 0.5 0.5 0.5 0.5 0.5 0.500023 0.5 0.5 0.5 0.5
0.10156 0.5 0.784885 0.5 0.5 0.5 0.5 0.5 0.500005 0.5 0.5 0.5 0.5 0.5 0.5 0.5 0.5 0.5 0.5 0.5
0.726555 0.5 0.784885 0.5 0.5 0.5 0.5 0.5 0.500001 0.5 0.5 0.5 0.5 0.5 0.5 0.500002 0.5 0.5 0.5 0.5
0.523429 0.5 0.784885 0.5 0.5 0.5 0.5 0.5 0.500002 0.5 0.5 0.5 0.5 0.5 0.5 0.499997 0.5 0.5 0.5 0.5
0.554682 0.5 0.784885 0.5 0.5 0.5 0.5 0.5 0.500001 0.5 0.5 0.5 0.5 0.5 0.5 0.500004 0.5 0.5 0.5 0.5
0.78903 0.5 0.784885 0.5 0.5 0.5 0.5 0.5 0.499994 0.5 0.5 0.5 0.5 0.5 0.5 0.500009 0.5 0.5 0.5 0.5
0.242181 0.5 0.784885 0.5 0.5 0.5 0.5 0.5 0.499995 0.5 0.5 0.5 0.5 0.5 0.5 0.499992 0.5 0.5 0.5 0.5
0.664063 0.5 0.784885 0.5 0.5 0.5 0.5 0.5 0.499998 0.5 0.5 0.5 0.5 0.5 0.5 0.499995 0.5 0.5 0.5 0.5
0.367191 0.5 0.784885 0.5 0.5 0.5 0.5 0.5 0.5 0.5 0.5 0.5 0.5 0.5 0.5 0.499998 0.5 0.5 0.5 0.5
0.492181 0.5 0.784885 0.5 0.5 0.5 0.5 0.5 0.500002 0.5 0.5 0.5 0.5 0.5 0.5 0.500002 0.5 0.5 0.5 0.5
0.164108 0.5 0.784885 0.5 0.5 0.5 0.5 0.5 0.500015 0.5 0.5 0.5 0.5 0.5 0.5 0.499995 0.5 0.5 0.5 0.5
0.132823 0.5 0.784885 0.5 0.5 0.5 0.5 0.5 0.49999 0.5 0.5 0.5 0.5 0.5 0.5 0.500001 0.5 0.5 0.5 0.5
0.804658 0.5 0.784885 0.5 0.5 0.5 0.5 0.5 0.499992 0.5 0.5 0.5 0.5 0.5 0.5 0.500011 0.5 0.5 0.5 0.5
0.632809 0.5 0.784885 0.5 0.5 0.5 0.5 0.5 0.500001 0.5 0.5 0.5 0.5 0.5 0.5 0.500002 0.5 0.5 0.5 0.5
0.945299 0.5 0.784885 0.5 0.5 0.5 0.5 0.5 0.500001 0.5 0.5 0.5 0.5 0.5 0.5 0.499995 0.5 0.5 0.5 0.5
0.648434 0.5 0.784885 0.5 0.5 0.5 0.5 0.5 0.500001 0.5 0.5 0.5 0.5 0.5 0.5 0.5 0.5 0.5 0.5 0.5
0.335942 0.5 0.784885 0.5 0.5 0.5 0.5 0.5 0.499997 0.5 0.5 0.5 0.5 0.5 0.5 0.500001 0.5 0.5 0.5 0.5
0.460932 0.5 0.784885 0.5 0.5 0.5 0.5 0.5 0.5 0.5 0.5 0.5 0.5 0.5 0.5 0.499999 0.5 0.5 0.5 0.5
0.601561 0.5 0.784885 0.5 0.5 0.5 0.5 0.5 0.500003 0.5 0.5 0.5 0.5 0.5 0.5 0.499999 0.5 0.5 0.5 0.5
0.445309 0.5 0.784885 0.5 0.5 0.5 0.5 0.5 0.5 0.5 0.5 0.5 0.5 0.5 0.5 0.499999 0.5 0.5 0.5 0.5
0.617185 0.5 0.784885 0.5 0.5 0.5 0.5 0.5 0.500002 0.5 0.5 0.5 0.5 0.5 0.5 0.500001 0.5 0.5 0.5 0.5
0.179733 0.5 0.784885 0.5 0.5 0.5 0.5 0.5 0.500005 0.5 0.5 0.5 0.5 0.5 0.5 0.500004 0.5 0.5 0.5 0.5
0.0546926 0.5 0.784885 0.5 0.5 0.5 0.5 0.5 0.500006 0.5 0.5 0.5 0.5 0.5 0.5 0.5 0.5 0.5 0.5 0.5
0.398445 0.5 0.784885 0.5 0.5 0.5 0.5 0.5 0.499994 0.5 0.5 0.5 0.5 0.5 0.5 0.499997 0.5 0.5 0.5 0.5
0.585931 0.5 0.784885 0.5 0.5 0.5 0.5 0.5 0.500002 0.5 0.5 0.5 0.5 0.5 0.5 0.499999 0.5 0.5 0.5 0.5
0.273434 0.5 0.784885 0.5 0.5 0.5 0.5 0.5 0.500005 0.5 0.5 0.5 0.5 0.5 0.5 0.499999 0.5 0.5 0.5 0.5
0.742185 0.5 0.784885 0.5 0.5 0.5 0.5 0.5 0.5 0.5 0.5 0.5 0.5 0.5 0.5 0.499999 0.5 0.5 0.5 0.5
0.960933 0.5 0.784885 0.5 0.5 0.5 0.5 0.5 0.500009 0.5 0.5 0.5 0.5 0.5 0.5 0.500007 0.5 0.5 0.5 0.5
0.0390496 0.5 0.784885 0.5 0.5 0.5 0.5 0.5 0.500011 0.5 0.5 0.5 0.5 0.5 0.5 0.499984 0.5 0.5 0.5 0.5
0.867154 0.5 0.784885 0.5 0.5 0.5 0.5 0.5 0.499981 0.5 0.5 0.5 0.5 0.5 0.5 0.500011 0.5 0.5 0.5 0.5
0.304688 0.5 0.784885 0.5 0.5 0.5 0.5 0.5 0.500005 0.5 0.5 0.5 0.5 0.5 0.5 0.500002 0.5 0.5 0.5 0.5
0.476556 0.5 0.784885 0.5 0.5 0.5 0.5 0.5 0.499999 0.5 0.5 0.5 0.5 0.5 0.5 0.500004 0.5 0.5 0.5 0.5
0.679693 0.5 0.784885 0.5 0.5 0.5 0.5 0.5 0.500004 0.5 0.5 0.5 0.5 0.5 0.5 0.500001 0.5 0.5 0.5 0.5
0.320317 0.5 0.784885 0.5 0.5 0.5 0.5 0.5 0.499994 0.5 0.5 0.5 0.5 0.5 0.5 0.499997 0.5 0.5 0.5 0.5
0.539059 0.5 0.784885 0.5 0.5 0.5 0.5 0.5 0.500001 0.5 0.5 0.5 0.5 0.5 0.5 0.500006 0.5 0.5 0.5 0.5
0.0703109 0.5 0.784885 0.5 0.5 0.5 0.5 0.5 0.500004 0.5 0.5 0.5 0.5 0.5 0.5 0.500014 0.5 0.5 0.5 0.5
0.14847 0.5 0.784885 0.5 0.5 0.5 0.5 0.5 0.500009 0.5 0.5 0.5 0.5 0.5 0.5 0.499984 0.5 0.5 0.5 0.5
0.570306 0.5 0.784885 0.5 0.5 0.5 0.5 0.5 0.5 0.5 0.5 0.5 0.5 0.5 0.5 0.499998 0.5 0.5 0.5 0.5
0.117191 0.5 0.784885 0.5 0.5 0.5 0.5 0.5 0.499997 0.5 0.5 0.5 0.5 0.5 0.5 0.5 0.5 0.5 0.5 0.5
0.695309 0.5 0.784885 0.5 0.5 0.5 0.5 0.5 0.499998 0.5 0.5 0.5 0.5 0.5 0.5 0.500003 0.5 0.5 0.5 0.5
0.851538 0.5 0.784885 0.5 0.5 0.5 0.5 0.5 0.499988 0.5 0.5 0.5 0.5 0.5 0.5 0.50001 0.5 0.5 0.5 0.5
0.0234328 0.5 0.784885 0.5 0.5 0.5 0.5 0.5 0.500014 0.5 0.5 0.5 0.5 0.5 0.5 0.500005 0.5 0.5 0.5 0.5
0.507807 0.5 0.784885 0.5 0.5 0.5 0.5 0.5 0.500002 0.5 0.5 0.5 0.5 0.5 0.5 0.5 0.5 0.5 0.5 0.5
0.710932 0.5 0.784885 0.5 0.5 0.5 0.5 0.5 0.499998 0.5 0.5 0.5 0.5 0.5 0.5 0.500007 0.5 0.5 0.5 0.5
0.773403 0.5 0.784885 0.5 0.5 0.5 0.5 0.5 0.499987 0.5 0.5 0.5 0.5 0.5 0.5 0.500008 0.5 0.5 0.5 0.5
0.429671 0.5 0.784885 0.5 0.5 0.5 0.5 0.5 0.5 0.5 0.5 0.5 0.5 0.5 0.5 0.500003 0.5 0.5 0.5 0.5
0.226554 0.5 0.784885 0.5 0.5 0.5 0.5 0.5 0.500003 0.5 0.5 0.5 0.5 0.5 0.5 0.499991 0.5 0.5 0.5 0.5
0.351558 0.5 0.784885 0.5 0.5 0.5 0.5 0.5 0.500004 0.5 0.5 0.5 0.5 0.5 0.5 0.499995 0.5 0.5 0.5 0.5
0.41406 0.5 0.784885 0.5 0.5 0.5 0.5 0.5 0.500007 0.5 0.5 0.5 0.5 0.5 0.5 0.499997 0.5 0.5 0.5 0.5
0.289049 0.5 0.784885 0.5 0.5 0.5 0.5 0.5 0.500004 0.5 0.5 0.5 0.5 0.5 0.5 0.499993 0.5 0.5 0.5 0.5
0.898427 0.5 0.784885 0.5 0.5 0.5 0.5 0.5 0.499998 0.5 0.5 0.5 0.5 0.5 0.5 0.500001 0.5 0.5 0.5 0.5
0.195348 0.5 0.784885 0.5 0.5 0.5 0.5 0.5 0.500001 0.5 0.5 0.5 0.5 0.5 0.5 0.500001 0.5 0.5 0.5 0.5
0.835927 0.5 0.784885 0.5 0.5 0.5 0.5 0.5 0.499988 0.5 0.5 0.5 0.5 0.5 0.5 0.500024 0.5 0.5 0.5 0.5
0.085924 0.5 0.784885 0.5 0.5 0.5 0.5 0.5 0.500002 0.5 0.5 0.5 0.5 0.5 0.5 0.499999 0.5 0.5 0.5 0.5
0.882782 0.5 0.784885 0.5 0.5 0.5 0.5 0.5 0.499998 0.5 0.5 0.5 0.5 0.5 0.5 0.499992 0.5 0.5 0.5 0.5
0.976556 0.5 0.784885 0.5 0.5 0.5 0.5 0.5 0.499991 0.5 0.5 0.5 0.5 0.5 0.5 0.500005 0.5 0.5 0.5 0.5
0.257823 0.5 0.784885 0.5 0.5 0.5 0.5 0.5 0.500005 0.5 0.5 0.5 0.5 0.5 0.5 0.500006 0.5 0.5 0.5 0.5
0.929692 0.5 0.784885 0.5 0.5 0.5 0.5 0.5 0.499993 0.5 0.5 0.5 0.5 0.5 0.5 0.500009 0.5 0.5 0.5 0.5
0.210948 0.5 0.784885 0.5 0.5 0.5 0.5 0.5 0.500009 0.5 0.5 0.5 0.5 0.5 0.5 0.499994 0.5 0.5 0.5 0.5
0.757793 0.5 0.784885 0.5 0.5 0.5 0.5 0.5 0.499992 0.5 0.5 0.5 0.5 0.5 0.5 0.500006 0.5 0.5 0.5 0.5
0.00779326 0.5 0.784885 0.5 0.5 0.5 0.5 0.5 0.500012 0.5 0.5 0.5 0.5 0.5 0.5 0.499998 0.5 0.5 0.5 0.5
0.914075 0.5 0.784885 0.5 0.5 0.5 0.5 0.5 0.499989 0.5 0.5 0.5 0.5 0.5 0.5 0.500006 0.5 0.5 0.5 0.5
0.382841 0.5 0.784885 0.5 0.5 0.5 0.5 0.5 0.499985 0.5 0.5 0.5 0.5 0.5 0.5 0.500012 0.5 0.5 0.5 0.5
0.992241 0.5 0.784885 0.5 0.5 0.5 0.5 0.5 0.499972 0.5 0.5 0.5 0.5 0.5 0.5 0.500008 0.5 0.5 0.5 0.5
0.378926 0.5 0.784885 0.5 0.5 0.5 0.5 0.5 0.499992 0.5 0.5 0.5 0.5 0.5 0.5 0.500011 0.5 0.5 0.5 0.5
0.910144 0.5 0.784885 0.5 0.5 0.5 0.5 0.5 0.499994 0.5 0.5 0.5 0.5 0.5 0.5 0.500009 0.5 0.5 0.5 0.5
0.14455 0.5 0.784885 0.5 0.5 0.5 0.5 0.5 0.49999 0.5 0.5 0.5 0.5 0.5 0.5 0.500008 0.5 0.5 0.5 0.5
0.16019 0.5 0.784885 0.5 0.5 0.5 0.5 0.5 0.500008 0.5 0.5 0.5 0.5 0.5 0.5 0.499995 0.5 0.5 0.5 0.5
0.105472 0.5 0.784885 0.5 0.5 0.5 0.5 0.5 0.499998 0.5 0.5 0.5 0.5 0.5 0.5 0.499994 0.5 0.5 0.5 0.5
0.980473 0.5 0.784885 0.5 0.5 0.5 0.5 0.5 0.500014 0.5 0.5 0.5 0.5 0.5 0.5 0.50001 0.5 0.5 0.5 0.5
0.871065 0.5 0.784885 0.5 0.5 0.5 0.5 0.5 0.50001 0.5 0.5 0.5 0.5 0.5 0.5 0.500015 0.5 0.5 0.5 0.5
0.988334 0.5 0.784885 0.5 0.5 0.5 0.5 0.5 0.499967 0.5 0.5 0.5 0.5 0.5 0.5 0.500008 0.5 0.5 0.5 0.5
0.292964 0.5 0.784885 0.5 0.5 0.5 0.5 0.5 0.500006 0.5 0.5 0.5 0.5 0.5 0.5 0.499999 0.5 0.5 0.5 0.5
0.808567 0.5 0.784885 0.5 0.5 0.5 0.5 0.5 0.499988 0.5 0.5 0.5 0.5 0.5 0.5 0.500011 0.5 0.5 0.5 0.5
0.253912 0.5 0.784885 0.5 0.5 0.5 0.5 0.5 0.5 0.5 0.5 0.5 0.5 0.5 0.5 0.500001 0.5 0.5 0.5 0.5
0.0429647 0.5 0.784885 0.5 0.5 0.5 0.5 0.5 0.499993 0.5 0.5 0.5 0.5 0.5 0.5 0.500001 0.5 0.5 0.5 0.5
0.667974 0.5 0.784885 0.5 0.5 0.5 0.5 0.5 0.499998 0.5 0.5 0.5 0.5 0.5 0.5 0.500001 0.5 0.5 0.5 0.5
0.730463 0.5 0.784885 0.5 0.5 0.5 0.5 0.5 0.499999 0.5 0.5 0.5 0.5 0.5 0.5 0.500003 0.5 0.5 0.5 0.5
0.363283 0.5 0.784885 0.5 0.5 0.5 0.5 0.5 0.500002 0.5 0.5 0.5 0.5 0.5 0.5 0.499996 0.5 0.5 0.5 0.5
0.433588 0.5 0.784885 0.5 0.5 0.5 0.5 0.5 0.500001 0.5 0.5 0.5 0.5 0.5 0.5 0.500003 0.5 0.5 0.5 0.5
0.496088 0.5 0.784885 0.5 0.5 0.5 0.5 0.5 0.500003 0.5 0.5 0.5 0.5 0.5 0.5 0.500001 0.5 0.5 0.5 0.5
0.246096 0.5 0.784885 0.5 0.5 0.5 0.5 0.5 0.499993 0.5 0.5 0.5 0.5 0.5 0.5 0.5 0.5 0.5 0.5 0.5
0.589841 0.5 0.784885 0.5 0.5 0.5 0.5 0.5 0.499998 0.5 0.5 0.5 0.5 0.5 0.5 0.499998 0.5 0.5 0.5 0.5
0.136729 0.5 0.784885 0.5 0.5 0.5 0.5 0.5 0.499987 0.5 0.5 0.5 0.5 0.5 0.5 0.500007 0.5 0.5 0.5 0.5
0.300782 0.5 0.784885 0.5 0.5 0.5 0.5 0.5 0.500003 0.5 0.5 0.5 0.5 0.5 0.5 0.500001 0.5 0.5 0.5 0.5
0.355464 0.5 0.784885 0.5 0.5 0.5 0.5 0.5 0.500011 0.5 0.5 0.5 0.5 0.5 0.5 0.500005 0.5 0.5 0.5 0.5
0.800751 0.5 0.784885 0.5 0.5 0.5 0.5 0.5 0.499991 0.5 0.5 0.5 0.5 0.5 0.5 0.500013 0.5 0.5 0.5 0.5
0.371099 0.5 0.784885 0.5 0.5 0.5 0.5 0.5 0.499998 0.5 0.5 0.5 0.5 0.5 0.5 0.499998 0.5 0.5 0.5 0.5
0.535152 0.5 0.784885 0.5 0.5 0.5 0.5 0.5 0.500002 0.5 0.5 0.5 0.5 0.5 0.5 0.500004 0.5 0.5 0.5 0.5
0.238272 0.5 0.784885 0.5 0.5 0.5 0.5 0.5 0.500008 0.5 0.5 0.5 0.5 0.5 0.5 0.499991 0.5 0.5 0.5 0.5
0.660154 0.5 0.784885 0.5 0.5 0.5 0.5 0.5 0.500001 0.5 0.5 0.5 0.5 0.5 0.5 0.499998 0.5 0.5 0.5 0.5
0.175826 0.5 0.784885 0.5 0.5 0.5 0.5 0.5 0.499999 0.5 0.5 0.5 0.5 0.5 0.5 0.499998 0.5 0.5 0.5 0.5
0.27734 0.5 0.784885 0.5 0.5 0.5 0.5 0.5 0.500003 0.5 0.5 0.5 0.5 0.5 0.5 0.499997 0.5 0.5 0.5 0.5
0.550773 0.5 0.784885 0.5 0.5 0.5 0.5 0.5 0.499999 0.5 0.5 0.5 0.5 0.5 0.5 0.500003 0.5 0.5 0.5 0.5
0.644528 0.5 0.784885 0.5 0.5 0.5 0.5 0.5 0.500001 0.5 0.5 0.5 0.5 0.5 0.5 0.500001 0.5 0.5 0.5 0.5
0.707024 0.5 0.784885 0.5 0.5 0.5 0.5 0.5 0.499999 0.5 0.5 0.5 0.5 0.5 0.5 0.500002 0.5 0.5 0.5 0.5
0.332032 0.5 0.784885 0.5 0.5 0.5 0.5 0.5 0.5 0.5 0.5 0.5 0.5 0.5 0.5 0.500004 0.5 0.5 0.5 0.5
0.636715 0.5 0.784885 0.5 0.5 0.5 0.5 0.5 0.5 0.5 0.5 0.5 0.5 0.5 0.5 0.500001 0.5 0.5 0.5 0.5
0.183638 0.5 0.784885 0.5 0.5 0.5 0.5 0.5 0.500004 0.5 0.5 0.5 0.5 0.5 0.5 0.5 0.5 0.5 0.5 0.5
0.464837 0.5 0.784885 0.5 0.5 0.5 0.5 0.5 0.499999 0.5 0.5 0.5 0.5 0.5 0.5 0.500004 0.5 0.5 0.5 0.5
0.394537 0.5 0.784885 0.5 0.5 0.5 0.5 0.5 0.499995 0.5 0.5 0.5 0.5 0.5 0.5 0.499993 0.5 0.5 0.5 0.5
0.441401 0.5 0.784885 0.5 0.5 0.5 0.5 0.5 0.499996 0.5 0.5 0.5 0.5 0.5 0.5 0.500004 0.5 0.5 0.5 0.5
0.597653 0.5 0.784885 0.5 0.5 0.5 0.5 0.5 0.500003 0.5 0.5 0.5 0.5 0.5 0.5 0.499996 0.5 0.5 0.5 0.5
0.957028 0.5 0.784885 0.5 0.5 0.5 0.5 0.5 0.499999 0.5 0.5 0.5 0.5 0.5 0.5 0.500002 0.5 0.5 0.5 0.5
0.605468 0.5 0.784885 0.5 0.5 0.5 0.5 0.5 0.500002 0.5 0.5 0.5 0.5 0.5 0.5 0.499996 0.5 0.5 0.5 0.5
0.503901 0.5 0.784885 0.5 0.5 0.5 0.5 0.5 0.500001 0.5 0.5 0.5 0.5 0.5 0.5 0.5 0.5 0.5 0.5 0.5
0.652344 0.5 0.784885 0.5 0.5 0.5 0.5 0.5 0.499997 0.5 0.5 0.5 0.5 0.5 0.5 0.499996 0.5 0.5 0.5 0.5
0.0116956 0.5 0.784885 0.5 0.5 0.5 0.5 0.5 0.500002 0.5 0.5 0.5 0.5 0.5 0.5 0.500011 0.5 0.5 0.5 0.5
0.57421 0.5 0.784885 0.5 0.5 0.5 0.5 0.5 0.499998 0.5 0.5 0.5 0.5 0.5 0.5 0.500001 0.5 0.5 0.5 0.5
0.0507882 0.5 0.784885 0.5 0.5 0.5 0.5 0.5 0.500001 0.5 0.5 0.5 0.5 0.5 0.5 0.500014 0.5 0.5 0.5 0.5
0.613276 0.5 0.784885 0.5 0.5 0.5 0.5 0.5 0.500005 0.5 0.5 0.5 0.5 0.5 0.5 0.5 0.5 0.5 0.5 0.5
0.128915 0.5 0.784885 0.5 0.5 0.5 0.5 0.5 0.499997 0.5 0.5 0.5 0.5 0.5 0.5 0.499996 0.5 0.5 0.5 0.5
0.488277 0.5 0.784885 0.5 0.5 0.5 0.5 0.5 0.499999 0.5 0.5 0.5 0.5 0.5 0.5 0.500002 0.5 0.5 0.5 0.5
0.121107 0.5 0.784885 0.5 0.5 0.5 0.5 0.5 0.499994 0.5 0.5 0.5 0.5 0.5 0.5 0.499982 0.5 0.5 0.5 0.5
0.558587 0.5 0.784885 0.5 0.5 0.5 0.5 0.5 0.5 0.5 0.5 0.5 0.5 0.5 0.5 0.500003 0.5 0.5 0.5 0.5
0.722651 0.5 0.784885 0.5 0.5 0.5 0.5 0.5 0.499996 0.5 0.5 0.5 0.5 0.5 0.5 0.499999 0.5 0.5 0.5 0.5
0.324221 0.5 0.784885 0.5 0.5 0.5 0.5 0.5 0.499998 0.5 0.5 0.5 0.5 0.5 0.5 0.500003 0.5 0.5 0.5 0.5
0.472652 0.5 0.784885 0.5 0.5 0.5 0.5 0.5 0.499998 0.5 0.5 0.5 0.5 0.5 0.5 0.499999 0.5 0.5 0.5 0.5
0.457029 0.5 0.784885 0.5 0.5 0.5 0.5 0.5 0.500002 0.5 0.5 0.5 0.5 0.5 0.5 0.499997 0.5 0.5 0.5 0.5
0.847634 0.5 0.784885 0.5 0.5 0.5 0.5 0.5 0.499995 0.5 0.5 0.5 0.5 0.5 0.5 0.500013 0.5 0.5 0.5 0.5
0.816381 0.5 0.784885 0.5 0.5 0.5 0.5 0.5 0.49999 0.5 0.5 0.5 0.5 0.5 0.5 0.500007 0.5 0.5 0.5 0.5
0.269531 0.5 0.784885 0.5 0.5 0.5 0.5 0.5 0.500004 0.5 0.5 0.5 0.5 0.5 0.5 0.499999 0.5 0.5 0.5 0.5
0.449217 0.5 0.784885 0.5 0.5 0.5 0.5 0.5 0.500002 0.5 0.5 0.5 0.5 0.5 0.5 0.499996 0.5 0.5 0.5 0.5
0.582028 0.5 0.784885 0.5 0.5 0.5 0.5 0.5 0.500001 0.5 0.5 0.5 0.5 0.5 0.5 0.500004 0.5 0.5 0.5 0.5
0.417963 0.5 0.784885 0.5 0.5 0.5 0.5 0.5 0.500003 0.5 0.5 0.5 0.5 0.5 0.5 0.499996 0.5 0.5 0.5 0.5
0.542964 0.5 0.784885 0.5 0.5 0.5 0.5 0.5 0.500001 0.5 0.5 0.5 0.5 0.5 0.5 0.500003 0.5 0.5 0.5 0.5
0.621088 0.5 0.784885 0.5 0.5 0.5 0.5 0.5 0.500004 0.5 0.5 0.5 0.5 0.5 0.5 0.500002 0.5 0.5 0.5 0.5
0.511711 0.5 0.784885 0.5 0.5 0.5 0.5 0.5 0.499998 0.5 0.5 0.5 0.5 0.5 0.5 0.500003 0.5 0.5 0.5 0.5
0.480464 0.5 0.784885 0.5 0.5 0.5 0.5 0.5 0.499999 0.5 0.5 0.5 0.5 0.5 0.5 0.5 0.5 0.5 0.5 0.5
0.949202 0.5 0.784885 0.5 0.5 0.5 0.5 0.5 0.5 0.5 0.5 0.5 0.5 0.5 0.5 0.500006 0.5 0.5 0.5 0.5
0.777309 0.5 0.784885 0.5 0.5 0.5 0.5 0.5 0.499997 0.5 0.5 0.5 0.5 0.5 0.5 0.500006 0.5 0.5 0.5 0.5
0.425768 0.5 0.784885 0.5 0.5 0.5 0.5 0.5 0.500002 0.5 0.5 0.5 0.5 0.5 0.5 0.500004 0.5 0.5 0.5 0.5
0.714834 0.5 0.784885 0.5 0.5 0.5 0.5 0.5 0.5 0.5 0.5 0.5 0.5 0.5 0.5 0.499999 0.5 0.5 0.5 0.5
0.410158 0.5 0.784885 0.5 0.5 0.5 0.5 0.5 0.499997 0.5 0.5 0.5 0.5 0.5 0.5 0.499991 0.5 0.5 0.5 0.5
0.152378 0.5 0.784885 0.5 0.5 0.5 0.5 0.5 0.500004 0.5 0.5 0.5 0.5 0.5 0.5 0.499992 0.5 0.5 0.5 0.5
0.628897 0.5 0.784885 0.5 0.5 0.5 0.5 0.5 0.500003 0.5 0.5 0.5 0.5 0.5 0.5 0.500001 0.5 0.5 0.5 0.5
0.308589 0.5 0.784885 0.5 0.5 0.5 0.5 0.5 0.499996 0.5 0.5 0.5 0.5 0.5 0.5 0.499989 0.5 0.5 0.5 0.5
0.527345 0.5 0.784885 0.5 0.5 0.5 0.5 0.5 0.500006 0.5 0.5 0.5 0.5 0.5 0.5 0.499993 0.5 0.5 0.5 0.5
0.894526 0.5 0.784885 0.5 0.5 0.5 0.5 0.5 0.500006 0.5 0.5 0.5 0.5 0.5 0.5 0.499998 0.5 0.5 0.5 0.5
0.347658 0.5 0.784885 0.5 0.5 0.5 0.5 0.5 0.500001 0.5 0.5 0.5 0.5 0.5 0.5 0.499998 0.5 0.5 0.5 0.5
0.683593 0.5 0.784885 0.5 0.5 0.5 0.5 0.5 0.500001 0.5 0.5 0.5 0.5 0.5 0.5 0.500001 0.5 0.5 0.5 0.5
0.566398 0.5 0.784885 0.5 0.5 0.5 0.5 0.5 0.499998 0.5 0.5 0.5 0.5 0.5 0.5 0.499998 0.5 0.5 0.5 0.5
0.0820243 0.5 0.784885 0.5 0.5 0.5 0.5 0.5 0.500013 0.5 0.5 0.5 0.5 0.5 0.5 0.500003 0.5 0.5 0.5 0.5
0.824224 0.5 0.784885 0.5 0.5 0.5 0.5 0.5 0.499973 0.5 0.5 0.5 0.5 0.5 0.5 0.500039 0.5 0.5 0.5 0.5
0.0351503 0.5 0.784885 0.5 0.5 0.5 0.5 0.5 0.49999 0.5 0.5 0.5 0.5 0.5 0.5 0.500007 0.5 0.5 0.5 0.5
0.925764 0.5 0.784885 0.5 0.5 0.5 0.5 0.5 0.500001 0.5 0.5 0.5 0.5 0.5 0.5 0.499994 0.5 0.5 0.5 0.5
0.699209 0.5 0.784885 0.5 0.5 0.5 0.5 0.5 0.5 0.5 0.5 0.5 0.5 0.5 0.5 0.499998 0.5 0.5 0.5 0.5
0.675794 0.5 0.784885 0.5 0.5 0.5 0.5 0.5 0.5 0.5 0.5 0.5 0.5 0.5 0.5 0.500006 0.5 0.5 0.5 0.5
0.222655 0.5 0.784885 0.5 0.5 0.5 0.5 0.5 0.500008 0.5 0.5 0.5 0.5 0.5 0.5 0.499988 0.5 0.5 0.5 0.5
0.519531 0.5 0.784885 0.5 0.5 0.5 0.5 0.5 0.500005 0.5 0.5 0.5 0.5 0.5 0.5 0.499996 0.5 0.5 0.5 0.5
0.9414 0.5 0.784885 0.5 0.5 0.5 0.5 0.5 0.500001 0.5 0.5 0.5 0.5 0.5 0.5 0.499999 0.5 0.5 0.5 0.5
0.785133 0.5 0.784885 0.5 0.5 0.5 0.5 0.5 0.499996 0.5 0.5 0.5 0.5 0.5 0.5 0.5 0.5 0.5 0.5 0.5
0.738287 0.5 0.784885 0.5 0.5 0.5 0.5 0.5 0.500002 0.5 0.5 0.5 0.5 0.5 0.5 0.499999 0.5 0.5 0.5 0.5
0.761699 0.5 0.784885 0.5 0.5 0.5 0.5 0.5 0.499991 0.5 0.5 0.5 0.5 0.5 0.5 0.500004 0.5 0.5 0.5 0.5
0.0976396 0.5 0.784885 0.5 0.5 0.5 0.5 0.5 0.499989 0.5 0.5 0.5 0.5 0.5 0.5 0.499998 0.5 0.5 0.5 0.5
0.261726 0.5 0.784885 0.5 0.5 0.5 0.5 0.5 0.500004 0.5 0.5 0.5 0.5 0.5 0.5 0.500002 0.5 0.5 0.5 0.5
0.20705 0.5 0.784885 0.5 0.5 0.5 0.5 0.5 0.500008 0.5 0.5 0.5 0.5 0.5 0.5 0.499999 0.5 0.5 0.5 0.5
0.168022 0.5 0.784885 0.5 0.5 0.5 0.5 0.5 0.499994 0.5 0.5 0.5 0.5 0.5 0.5 0.50001 0.5 0.5 0.5 0.5
0.7461 0.5 0.784885 0.5 0.5 0.5 0.5 0.5 0.500003 0.5 0.5 0.5 0.5 0.5 0.5 0.500002 0.5 0.5 0.5 0.5
0.972658 0.5 0.784885 0.5 0.5 0.5 0.5 0.5 0.500005 0.5 0.5 0.5 0.5 0.5 0.5 0.500009 0.5 0.5 0.5 0.5
0.23045 0.5 0.784885 0.5 0.5 0.5 0.5 0.5 0.499999 0.5 0.5 0.5 0.5 0.5 0.5 0.49998 0.5 0.5 0.5 0.5
0.191441 0.5 0.784885 0.5 0.5 0.5 0.5 0.5 0.500002 0.5 0.5 0.5 0.5 0.5 0.5 0.499996 0.5 0.5 0.5 0.5
0.199254 0.5 0.784885 0.5 0.5 0.5 0.5 0.5 0.500005 0.5 0.5 0.5 0.5 0.5 0.5 0.500009 0.5 0.5 0.5 0.5
0.339858 0.5 0.784885 0.5 0.5 0.5 0.5 0.5 0.499998 0.5 0.5 0.5 0.5 0.5 0.5 0.499995 0.5 0.5 0.5 0.5
0.0898441 0.5 0.784885 0.5 0.5 0.5 0.5 0.5 0.500007 0.5 0.5 0.5 0.5 0.5 0.5 0.500003 0.5 0.5 0.5 0.5
0.839824 0.5 0.784885 0.5 0.5 0.5 0.5 0.5 0.499995 0.5 0.5 0.5 0.5 0.5 0.5 0.50001 0.5 0.5 0.5 0.5
0.886701 0.5 0.784885 0.5 0.5 0.5 0.5 0.5 0.500015 0.5 0.5 0.5 0.5 0.5 0.5 0.499999 0.5 0.5 0.5 0.5
0.00389479 0.5 0.784885 0.5 0.5 0.5 0.5 0.5 0.500022 0.5 0.5 0.5 0.5 0.5 0.5 0.500004 0.5 0.5 0.5 0.5
0.402341 0.5 0.784885 0.5 0.5 0.5 0.5 0.5 0.500002 0.5 0.5 0.5 0.5 0.5 0.5 0.499994 0.5 0.5 0.5 0.5
0.753899 0.5 0.784885 0.5 0.5 0.5 0.5 0.5 0.499996 0.5 0.5 0.5 0.5 0.5 0.5 0.500011 0.5 0.5 0.5 0.5
0.792924 0.5 0.784885 0.5 0.5 0.5 0.5 0.5 0.499996 0.5 0.5 0.5 0.5 0.5 0.5 0.499991 0.5 0.5 0.5 0.5
0.386739 0.5 0.784885 0.5 0.5 0.5 0.5 0.5 0.499984 0.5 0.5 0.5 0.5 0.5 0.5 0.500009 0.5 0.5 0.5 0.5
0.0664208 0.5 0.784885 0.5 0.5 0.5 0.5 0.5 0.500006 0.5 0.5 0.5 0.5 0.5 0.5 0.49999 0.5 0.5 0.5 0.5
0.113276 0.5 0.784885 0.5 0.5 0.5 0.5 0.5 0.499988 0.5 0.5 0.5 0.5 0.5 0.5 0.499995 0.5 0.5 0.5 0.5
0.691417 0.5 0.784885 0.5 0.5 0.5 0.5 0.5 0.500006 0.5 0.5 0.5 0.5 0.5 0.5 0.499998 0.5 0.5 0.5 0.5
0.0195121 0.5 0.784885 0.5 0.5 0.5 0.5 0.5 0.500014 0.5 0.5 0.5 0.5 0.5 0.5 0.500006 0.5 0.5 0.5 0.5
0.0742322 0.5 0.784885 0.5 0.5 0.5 0.5 0.5 0.499996 0.5 0.5 0.5 0.5 0.5 0.5 0.500005 0.5 0.5 0.5 0.5
0.902316 0.5 0.784885 0.5 0.5 0.5 0.5 0.5 0.499981 0.5 0.5 0.5 0.5 0.5 0.5 0.500002 0.5 0.5 0.5 0.5
0.214836 0.5 0.784885 0.5 0.5 0.5 0.5 0.5 0.500011 0.5 0.5 0.5 0.5 0.5 0.5 0.49998 0.5 0.5 0.5 0.5
0.863235 0.5 0.784885 0.5 0.5 0.5 0.5 0.5 0.500006 0.5 0.5 0.5 0.5 0.5 0.5 0.500002 0.5 0.5 0.5 0.5
0.832037 0.5 0.784885 0.5 0.5 0.5 0.5 0.5 0.499988 0.5 0.5 0.5 0.5 0.5 0.5 0.500042 0.5 0.5 0.5 0.5
0.285161 0.5 0.784885 0.5 0.5 0.5 0.5 0.5 0.500004 0.5 0.5 0.5 0.5 0.5 0.5 0.500001 0.5 0.5 0.5 0.5
0.933579 0.5 0.784885 0.5 0.5 0.5 0.5 0.5 0.500008 0.5 0.5 0.5 0.5 0.5 0.5 0.500005 0.5 0.5 0.5 0.5
0.316422 0.5 0.784885 0.5 0.5 0.5 0.5 0.5 0.499986 0.5 0.5 0.5 0.5 0.5 0.5 0.499997 0.5 0.5 0.5 0.5
0.0273475 0.5 0.784885 0.5 0.5 0.5 0.5 0.5 0.499994 0.5 0.5 0.5 0.5 0.5 0.5 0.500015 0.5 0.5 0.5 0.5
0.855459 0.5 0.784885 0.5 0.5 0.5 0.5 0.5 0.499977 0.5 0.5 0.5 0.5 0.5 0.5 0.500028 0.5 0.5 0.5 0.5
0.878863 0.5 0.784885 0.5 0.5 0.5 0.5 0.5 0.499999 0.5 0.5 0.5 0.5 0.5 0.5 0.499986 0.5 0.5 0.5 0.5
0.0586208 0.5 0.784885 0.5 0.5 0.5 0.5 0.5 0.500002 0.5 0.5 0.5 0.5 0.5 0.5 0.500008 0.5 0.5 0.5 0.5
0.769482 0.5 0.784885 0.5 0.5 0.5 0.5 0.5 0.5 0.5 0.5 0.5 0.5 0.5 0.5 0.500002 0.5 0.5 0.5 0.5
0.917951 0.5 0.784885 0.5 0.5 0.5 0.5 0.5 0.499993 0.5 0.5 0.5 0.5 0.5 0.5 0.499989 0.5 0.5 0.5 0.5
0.996113 0.5 0.784885 0.5 0.5 0.5 0.5 0.5 0.500003 0.5 0.5 0.5 0.5 0.5 0.5 0.500008 0.5 0.5 0.5 0.5
0.964803 0.5 0.784885 0.5 0.5 0.5 0.5 0.5 0.500032 0.5 0.5 0.5 0.5 0.5 0.5 0.5 0.5 0.5 0.5 0.5
0.986364 0.5 0.784885 0.5 0.5 0.5 0.5 0.5 0.499994 0.5 0.5 0.5 0.5 0.5 0.5 0.500016 0.5 0.5 0.5 0.5
0.314464 0.5 0.784885 0.5 0.5 0.5 0.5 0.5 0.499991 0.5 0.5 0.5 0.5 0.5 0.5 0.500005 0.5 0.5 0.5 0.5
0.966765 0.5 0.784885 0.5 0.5 0.5 0.5 0.5 0.500007 0.5 0.5 0.5 0.5 0.5 0.5 0.500001 0.5 0.5 0.5 0.5
0.771443 0.5 0.784885 0.5 0.5 0.5 0.5 0.5 0.499998 0.5 0.5 0.5 0.5 0.5 0.5 0.500013 0.5 0.5 0.5 0.5
0.783172 0.5 0.784885 0.5 0.5 0.5 0.5 0.5 0.499998 0.5 0.5 0.5 0.5 0.5 0.5 0.5 0.5 0.5 0.5 0.5
0.853497 0.5 0.784885 0.5 0.5 0.5 0.5 0.5 0.500009 0.5 0.5 0.5 0.5 0.5 0.5 0.500027 0.5 0.5 0.5 0.5
0.021471 0.5 0.784885 0.5 0.5 0.5 0.5 0.5 0.500006 0.5 0.5 0.5 0.5 0.5 0.5 0.500002 0.5 0.5 0.5 0.5
0.517572 0.5 0.784885 0.5 0.5 0.5 0.5 0.5 0.500003 0.5 0.5 0.5 0.5 0.5 0.5 0.499999 0.5 0.5 0.5 0.5
0.880821 0.5 0.784885 0.5 0.5 0.5 0.5 0.5 0.499996 0.5 0.5 0.5 0.5 0.5 0.5 0.499989 0.5 0.5 0.5 0.5
0.83008 0.5 0.784885 0.5 0.5 0.5 0.5 0.5 0.499987 0.5 0.5 0.5 0.5 0.5 0.5 0.500037 0.5 0.5 0.5 0.5
0.794881 0.5 0.784885 0.5 0.5 0.5 0.5 0.5 0.499999 0.5 0.5 0.5 0.5 0.5 0.5 0.499995 0.5 0.5 0.5 0.5
0.0566502 0.5 0.784885 0.5 0.5 0.5 0.5 0.5 0.499997 0.5 0.5 0.5 0.5 0.5 0.5 0.500009 0.5 0.5 0.5 0.5
0.3379 0.5 0.784885 0.5 0.5 0.5 0.5 0.5 0.499998 0.5 0.5 0.5 0.5 0.5 0.5 0.499998 0.5 0.5 0.5 0.5
0.0722685 0.5 0.784885 0.5 0.5 0.5 0.5 0.5 0.500013 0.5 0.5 0.5 0.5 0.5 0.5 0.500006 0.5 0.5 0.5 0.5
0.244137 0.5 0.784885 0.5 0.5 0.5 0.5 0.5 0.500008 0.5 0.5 0.5 0.5 0.5 0.5 0.499997 0.5 0.5 0.5 0.5
0.525389 0.5 0.784885 0.5 0.5 0.5 0.5 0.5 0.500003 0.5 0.5 0.5 0.5 0.5 0.5 0.5 0.5 0.5 0.5 0.5
0.404297 0.5 0.784885 0.5 0.5 0.5 0.5 0.5 0.500006 0.5 0.5 0.5 0.5 0.5 0.5 0.500004 0.5 0.5 0.5 0.5
0.376961 0.5 0.784885 0.5 0.5 0.5 0.5 0.5 0.499998 0.5 0.5 0.5 0.5 0.5 0.5 0.499995 0.5 0.5 0.5 0.5
0.822265 0.5 0.784885 0.5 0.5 0.5 0.5 0.5 0.499999 0.5 0.5 0.5 0.5 0.5 0.5 0.500031 0.5 0.5 0.5 0.5
0.115232 0.5 0.784885 0.5 0.5 0.5 0.5 0.5 0.499986 0.5 0.5 0.5 0.5 0.5 0.5 0.499998 0.5 0.5 0.5 0.5
0.23241 0.5 0.784885 0.5 0.5 0.5 0.5 0.5 0.500015 0.5 0.5 0.5 0.5 0.5 0.5 0.499988 0.5 0.5 0.5 0.5
0.720695 0.5 0.784885 0.5 0.5 0.5 0.5 0.5 0.500003 0.5 0.5 0.5 0.5 0.5 0.5 0.499998 0.5 0.5 0.5 0.5
0.0878799 0.5 0.784885 0.5 0.5 0.5 0.5 0.5 0.500012 0.5 0.5 0.5 0.5 0.5 0.5 0.500006 0.5 0.5 0.5 0.5
0.0996032 0.5 0.784885 0.5 0.5 0.5 0.5 0.5 0.499999 0.5 0.5 0.5 0.5 0.5 0.5 0.500002 0.5 0.5 0.5 0.5
0.291008 0.5 0.784885 0.5 0.5 0.5 0.5 0.5 0.500007 0.5 0.5 0.5 0.5 0.5 0.5 0.499994 0.5 0.5 0.5 0.5
0.689462 0.5 0.784885 0.5 0.5 0.5 0.5 0.5 0.500007 0.5 0.5 0.5 0.5 0.5 0.5 0.499998 0.5 0.5 0.5 0.5
0.732419 0.5 0.784885 0.5 0.5 0.5 0.5 0.5 0.500001 0.5 0.5 0.5 0.5 0.5 0.5 0.500001 0.5 0.5 0.5 0.5
0.255867 0.5 0.784885 0.5 0.5 0.5 0.5 0.5 0.499998 0.5 0.5 0.5 0.5 0.5 0.5 0.500005 0.5 0.5 0.5 0.5
0.0136658 0.5 0.784885 0.5 0.5 0.5 0.5 0.5 0.500023 0.5 0.5 0.5 0.5 0.5 0.5 0.5 0.5 0.5 0.5 0.5
0.904272 0.5 0.784885 0.5 0.5 0.5 0.5 0.5 0.499996 0.5 0.5 0.5 0.5 0.5 0.5 0.500004 0.5 0.5 0.5 0.5
0.158236 0.5 0.784885 0.5 0.5 0.5 0.5 0.5 0.500001 0.5 0.5 0.5 0.5 0.5 0.5 0.500009 0.5 0.5 0.5 0.5
0.0488334 0.5 0.784885 0.5 0.5 0.5 0.5 0.5 0.500002 0.5 0.5 0.5 0.5 0.5 0.5 0.500005 0.5 0.5 0.5 0.5
0.162153 0.5 0.784885 0.5 0.5 0.5 0.5 0.5 0.499998 0.5 0.5 0.5 0.5 0.5 0.5 0.500016 0.5 0.5 0.5 0.5
0.630855 0.5 0.784885 0.5 0.5 0.5 0.5 0.5 0.500001 0.5 0.5 0.5 0.5 0.5 0.5 0.500002 0.5 0.5 0.5 0.5
0.552727 0.5 0.784885 0.5 0.5 0.5 0.5 0.5 0.499999 0.5 0.5 0.5 0.5 0.5 0.5 0.500003 0.5 0.5 0.5 0.5
0.107425 0.5 0.784885 0.5 0.5 0.5 0.5 0.5 0.500007 0.5 0.5 0.5 0.5 0.5 0.5 0.50001 0.5 0.5 0.5 0.5
0.685548 0.5 0.784885 0.5 0.5 0.5 0.5 0.5 0.499997 0.5 0.5 0.5 0.5 0.5 0.5 0.500003 0.5 0.5 0.5 0.5
0.662108 0.5 0.784885 0.5 0.5 0.5 0.5 0.5 0.5 0.5 0.5 0.5 0.5 0.5 0.5 0.500001 0.5 0.5 0.5 0.5
0.455075 0.5 0.784885 0.5 0.5 0.5 0.5 0.5 0.5 0.5 0.5 0.5 0.5 0.5 0.5 0.499999 0.5 0.5 0.5 0.5
0.47851 0.5 0.784885 0.5 0.5 0.5 0.5 0.5 0.500003 0.5 0.5 0.5 0.5 0.5 0.5 0.499999 0.5 0.5 0.5 0.5
0.298827 0.5 0.784885 0.5 0.5 0.5 0.5 0.5 0.500008 0.5 0.5 0.5 0.5 0.5 0.5 0.499998 0.5 0.5 0.5 0.5
0.66602 0.5 0.784885 0.5 0.5 0.5 0.5 0.5 0.499999 0.5 0.5 0.5 0.5 0.5 0.5 0.500002 0.5 0.5 0.5 0.5
0.498042 0.5 0.784885 0.5 0.5 0.5 0.5 0.5 0.500002 0.5 0.5 0.5 0.5 0.5 0.5 0.499999 0.5 0.5 0.5 0.5
