1 1 0.171368 0.124212 0.269223 0.514728 0.395568 0.728681 0.74402 0.484788 0.383074 0.142333 0.104084 0.298566 0.221258 0.415794 0.641474 0.0837148 0.0550813 0.247451
0.269886 0 0.56873 1 0 0.224194 0.841033 0.0955521 1 0 1 0.48797 0.108183 0.847443 0.726775 0 0.589923 0.766179 0.592394 1
0 1 0.694626 0.978091 0.665045 0.140447 0.688921 0.538496 0.603124 1 0.744418 1 0.285796 0.727278 0.348333 0.675827 0 0.994333 0.292595 1
0.422117 0.993089 0.482065 0.510646 0.511128 0.495206 0.522739 0.474478 0.520239 0.535426 0.503425 0.498098 0.469109 0.488403 0.4689 0.519701 0.472837 0.494859 0.496456 0.468618
0.51199 0.657666 0.490876 0.506863 0.498253 0.494282 0.514463 0.49095 0.4977 0.525424 0.519979 0.522736 0.491476 0.491151 0.485171 0.502043 0.508384 0.494257 0.49271 0.477761
1 0.782533 0.468527 0.514208 0.486839 0.47692 0.449519 0.487994 0.507289 0.512138 0.533496 0.51474 0.488059 0.490876 0.493797 0.51036 0.531495 0.473169 0.474579 0.468107
1 0.769617 0.46872 0.515121 0.486056 0.477039 0.449801 0.48758 0.506024 0.513253 0.534924 0.51345 0.488184 0.490903 0.493931 0.50931 0.531816 0.472764 0.473886 0.470201
0.509585 0.999992 0.495238 0.517227 0.513463 0.489998 0.508548 0.478982 0.516697 0.526514 0.508395 0.499808 0.473961 0.483107 0.477758 0.50808 0.474997 0.486865 0.48962 0.451576
0.508701 0.999982 0.495095 0.517434 0.513648 0.489942 0.508617 0.478693 0.516585 0.526716 0.50825 0.499837 0.474138 0.483207 0.477556 0.508478 0.474829 0.486879 0.489565 0.452046
0.51199 0.657666 0.490876 0.506863 0.498253 0.494282 0.514463 0.49095 0.4977 0.525424 0.519979 0.522736 0.491476 0.491151 0.485171 0.502043 0.508384 0.494257 0.49271 0.477761
0.468174 0.993104 0.486344 0.497142 0.507382 0.495312 0.514408 0.486658 0.512973 0.53691 0.50689 0.497173 0.465022 0.49087 0.468704 0.512052 0.470498 0.495301 0.494419 0.456795
0.99909 0.733955 0.468251 0.516844 0.490893 0.468248 0.449038 0.485737 0.501753 0.512093 0.531983 0.518281 0.486357 0.488728 0.496551 0.506835 0.532541 0.474538 0.480907 0.470741
0.998324 0.772328 0.467732 0.515514 0.486887 0.472728 0.451036 0.485382 0.506286 0.508346 0.533561 0.51687 0.48794 0.487046 0.49613 0.50452 0.529878 0.472898 0.481839 0.465961
0.47216 0.998283 0.489395 0.506467 0.514202 0.492949 0.51454 0.479642 0.51982 0.532341 0.507329 0.496641 0.467358 0.48289 0.473647 0.511633 0.475444 0.492771 0.492584 0.457701
0.997256 0.694004 0.464872 0.520918 0.48795 0.462849 0.448606 0.487355 0.490745 0.513433 0.534711 0.518588 0.487457 0.491849 0.496384 0.503626 0.529285 0.477552 0.489649 0.472046
0.993082 0.735221 0.466033 0.514754 0.492849 0.466829 0.448157 0.485293 0.49236 0.517993 0.53366 0.516186 0.49044 0.484643 0.492356 0.503912 0.524874 0.477454 0.485409 0.475045
0.443001 0.981627 0.479946 0.493757 0.505799 0.498759 0.519983 0.483677 0.519779 0.537741 0.504901 0.504806 0.471578 0.500424 0.476908 0.515863 0.471757 0.489619 0.498584 0.457599
0.536611 0.993159 0.486881 0.504361 0.504797 0.489979 0.503278 0.490099 0.510943 0.532549 0.518143 0.500591 0.47122 0.494982 0.47424 0.514612 0.465321 0.497779 0.493043 0.452083
0.993154 0.662913 0.473039 0.523779 0.485959 0.459662 0.449251 0.487321 0.486421 0.512039 0.532567 0.51888 0.491136 0.489982 0.489676 0.501177 0.533261 0.48228 0.486549 0.471523
0.51199 0.657666 0.490876 0.506863 0.498253 0.494282 0.514463 0.49095 0.4977 0.525424 0.519979 0.522736 0.491476 0.491151 0.485171 0.502043 0.508384 0.494257 0.49271 0.477761
0.476394 0.998869 0.494718 0.512525 0.511772 0.491996 0.513204 0.481471 0.516237 0.527321 0.509771 0.500219 0.469347 0.484892 0.475698 0.508797 0.471668 0.490775 0.491935 0.453249
0.510292 1 0.495353 0.517061 0.513316 0.490043 0.508494 0.479213 0.516787 0.526351 0.508512 0.499785 0.473819 0.483026 0.477919 0.507761 0.475131 0.486853 0.489665 0.4512
0.51199 0.657666 0.490876 0.506863 0.498253 0.494282 0.514463 0.49095 0.4977 0.525424 0.519979 0.522736 0.491476 0.491151 0.485171 0.502043 0.508384 0.494257 0.49271 0.477761
0.51199 0.657666 0.490876 0.506863 0.498253 0.494282 0.514463 0.49095 0.4977 0.525424 0.519979 0.522736 0.491476 0.491151 0.485171 0.502043 0.508384 0.494257 0.49271 0.477761
0.996511 0.710167 0.46923 0.515477 0.496336 0.466122 0.449148 0.486827 0.496658 0.507905 0.525843 0.519596 0.491939 0.476993 0.493287 0.500928 0.537887 0.478112 0.487073 0.46294
0.990207 0.659923 0.471583 0.522348 0.494626 0.461337 0.454376 0.486522 0.488817 0.510066 0.532256 0.521098 0.484167 0.489416 0.496954 0.496353 0.533956 0.475745 0.490109 0.473658
0.549744 0.997697 0.495033 0.503146 0.515729 0.488246 0.501577 0.485965 0.517847 0.527698 0.514407 0.500329 0.46728 0.486629 0.479317 0.507369 0.477743 0.491415 0.490815 0.445927
0.530076 0.999801 0.491977 0.506371 0.514357 0.491564 0.503677 0.485101 0.516042 0.52917 0.508102 0.501767 0.471335 0.483922 0.475938 0.503743 0.472346 0.487916 0.490854 0.447957
0.51199 0.657666 0.490876 0.506863 0.498253 0.494282 0.514463 0.49095 0.4977 0.525424 0.519979 0.522736 0.491476 0.491151 0.485171 0.502043 0.508384 0.494257 0.49271 0.477761
0.996492 0.716513 0.46802 0.517614 0.48737 0.465702 0.45198 0.486051 0.498778 0.510265 0.534281 0.518166 0.487614 0.489478 0.498599 0.499616 0.531461 0.474113 0.487155 0.468396
0.50711 0.999964 0.494837 0.517807 0.513979 0.489841 0.508739 0.478173 0.516383 0.527082 0.507988 0.499889 0.474457 0.483387 0.477193 0.509194 0.474526 0.486905 0.489466 0.452891
0.44339 0.98455 0.485306 0.50817 0.505962 0.493159 0.521639 0.477094 0.521143 0.535623 0.506186 0.499103 0.47005 0.494913 0.478422 0.513073 0.477627 0.489128 0.49646 0.462058
0.452005 0.996478 0.495667 0.497527 0.507921 0.496183 0.517059 0.486543 0.512603 0.533525 0.508555 0.492203 0.461335 0.481137 0.473746 0.504905 0.475942 0.492159 0.4918 0.451246
0.471798 0.990206 0.489638 0.52136 0.510301 0.487408 0.520109 0.480402 0.521172 0.52619 0.501322 0.504689 0.465815 0.494217 0.480948 0.504552 0.481809 0.487349 0.500801 0.455095
0.995363 0.664626 0.467313 0.522483 0.492054 0.464722 0.451106 0.488543 0.487883 0.510463 0.53059 0.516661 0.49026 0.487032 0.492531 0.50308 0.538146 0.479527 0.489958 0.468469
0.997702 0.76401 0.469787 0.518181 0.4818 0.468829 0.450463 0.484298 0.503411 0.510421 0.53876 0.517685 0.485639 0.492511 0.498484 0.50336 0.524682 0.472501 0.481313 0.470919
1 0.77549 0.468537 0.514764 0.486961 0.476874 0.450004 0.488067 0.506954 0.512168 0.533671 0.514397 0.488031 0.491783 0.493935 0.51086 0.532614 0.47319 0.474568 0.468476
0.505783 0.999975 0.495792 0.516537 0.514236 0.489874 0.50933 0.478877 0.516571 0.526323 0.508088 0.49982 0.473824 0.48315 0.478004 0.508795 0.475668 0.486902 0.489854 0.45126
1 0.77549 0.468537 0.514764 0.486961 0.476874 0.450004 0.488067 0.506954 0.512168 0.533671 0.514397 0.488031 0.491783 0.493935 0.51086 0.532614 0.47319 0.474568 0.468476
1 0.782533 0.468527 0.514208 0.486839 0.47692 0.449519 0.487994 0.507289 0.512138 0.533496 0.51474 0.488059 0.490876 0.493797 0.51036 0.531495 0.473169 0.474579 0.468107
0.998902 0.748712 0.468203 0.515089 0.490752 0.469804 0.448706 0.486505 0.501696 0.510163 0.529728 0.517843 0.4904 0.485232 0.494801 0.505394 0.533296 0.474868 0.482771 0.464648
0.46113 0.995268 0.49496 0.50601 0.507935 0.495018 0.513513 0.481963 0.51559 0.529774 0.518371 0.498296 0.468046 0.483553 0.479318 0.514849 0.468094 0.493575 0.489133 0.45644
0.988117 0.710957 0.470273 0.51755 0.490976 0.46062 0.449888 0.484715 0.489274 0.516896 0.532556 0.519341 0.490277 0.488408 0.488817 0.502293 0.524065 0.481317 0.486796 0.476942
0.47381 0.998609 0.49256 0.51411 0.511126 0.492637 0.513129 0.481679 0.519066 0.526956 0.509262 0.502095 0.470562 0.484825 0.476061 0.506122 0.470634 0.490828 0.493251 0.453275
0.500633 0.996461 0.493681 0.503617 0.514853 0.491179 0.509697 0.487694 0.511641 0.528747 0.509932 0.501424 0.465282 0.48019 0.477407 0.505831 0.473206 0.492904 0.49444 0.450726
0.99864 0.700863 0.466679 0.518782 0.488964 0.467881 0.448795 0.486275 0.494814 0.512122 0.533403 0.516233 0.49123 0.486459 0.495829 0.502033 0.533365 0.474911 0.486056 0.468355
0.51199 0.657666 0.490876 0.506863 0.498253 0.494282 0.514463 0.49095 0.4977 0.525424 0.519979 0.522736 0.491476 0.491151 0.485171 0.502043 0.508384 0.494257 0.49271 0.477761
0.493305 0.987907 0.48315 0.504119 0.509599 0.487541 0.516217 0.488515 0.511049 0.535091 0.496781 0.501453 0.459525 0.498416 0.46956 0.506219 0.478346 0.492424 0.503015 0.45569
0.507464 0.999968 0.494894 0.517724 0.513905 0.489863 0.508712 0.478288 0.516428 0.527 0.508046 0.499878 0.474386 0.483347 0.477274 0.509035 0.474593 0.486899 0.489488 0.452703
0.984232 0.662819 0.472694 0.52505 0.491779 0.454874 0.451166 0.486027 0.483174 0.511317 0.529267 0.523523 0.491893 0.489621 0.481871 0.502118 0.526788 0.488675 0.490775 0.475836
1 0.77549 0.468537 0.514764 0.486961 0.476874 0.450004 0.488067 0.506954 0.512168 0.533671 0.514397 0.488031 0.491783 0.493935 0.51086 0.532614 0.47319 0.474568 0.468476
0.51199 0.657666 0.490876 0.506863 0.498253 0.494282 0.514463 0.49095 0.4977 0.525424 0.519979 0.522736 0.491476 0.491151 0.485171 0.502043 0.508384 0.494257 0.49271 0.477761
0.505783 0.999975 0.495792 0.516537 0.514236 0.489874 0.50933 0.478877 0.516571 0.526323 0.508088 0.49982 0.473824 0.48315 0.478004 0.508795 0.475668 0.486902 0.489854 0.45126
1 0.77549 0.468537 0.514764 0.486961 0.476874 0.450004 0.488067 0.506954 0.512168 0.533671 0.514397 0.488031 0.491783 0.493935 0.51086 0.532614 0.47319 0.474568 0.468476
1 0.77549 0.468537 0.514764 0.486961 0.476874 0.450004 0.488067 0.506954 0.512168 0.533671 0.514397 0.488031 0.491783 0.493935 0.51086 0.532614 0.47319 0.474568 0.468476
0.49754 0.999353 0.492249 0.511439 0.51137 0.492568 0.510534 0.481044 0.519215 0.529054 0.508905 0.498107 0.470984 0.483055 0.477039 0.505773 0.474777 0.488555 0.491037 0.452163
0.543487 0.999034 0.494736 0.514777 0.514067 0.489044 0.503092 0.482512 0.518851 0.523879 0.510096 0.50499 0.472041 0.492575 0.480891 0.508111 0.474943 0.48431 0.490313 0.445728
0.993116 0.66084 0.469426 0.51916 0.494473 0.463341 0.450889 0.487741 0.485645 0.515725 0.531357 0.51624 0.488135 0.485769 0.494615 0.498388 0.536457 0.47724 0.488581 0.473294
0.437099 0.991571 0.488749 0.511246 0.507649 0.493823 0.522402 0.476051 0.523693 0.534323 0.503424 0.495517 0.466636 0.48934 0.474482 0.508269 0.480594 0.4896 0.494365 0.461534
0.989027 0.740565 0.471245 0.516782 0.485469 0.460045 0.451399 0.484618 0.495609 0.513456 0.53413 0.521721 0.487135 0.493752 0.493271 0.501941 0.521446 0.478697 0.487285 0.47333
0.509238 0.973535 0.478973 0.506617 0.507285 0.484267 0.514029 0.477077 0.518111 0.540086 0.510995 0.499965 0.472836 0.496568 0.485608 0.513607 0.480042 0.489498 0.499759 0.465481
0.981637 0.688777 0.47208 0.517909 0.494911 0.458783 0.45303 0.484139 0.483906 0.518344 0.536658 0.519797 0.488466 0.485919 0.490724 0.495665 0.52089 0.481381 0.489782 0.48287
0.996866 0.727838 0.469628 0.514693 0.495259 0.467589 0.448335 0.48696 0.497904 0.508331 0.525702 0.519164 0.492552 0.476992 0.492287 0.501845 0.536499 0.477889 0.485412 0.462137
0.995095 0.677636 0.470017 0.519826 0.487373 0.463015 0.457432 0.48325 0.501929 0.504772 0.536148 0.519322 0.485685 0.489052 0.502727 0.494841 0.536172 0.472462 0.489425 0.469025
0.977082 0.684575 0.473915 0.521173 0.488443 0.455195 0.455383 0.48329 0.482017 0.518192 0.53784 0.519956 0.48916 0.493693 0.4851 0.497659 0.5173 0.485256 0.490155 0.485731
0.999579 0.752357 0.46883 0.514749 0.488369 0.472559 0.449738 0.48608 0.50458 0.51076 0.531889 0.515899 0.49061 0.487339 0.495728 0.505886 0.533557 0.47271 0.479492 0.46559
0.46902 0.998285 0.491179 0.5051 0.511057 0.493679 0.515053 0.478907 0.520438 0.534073 0.507237 0.492804 0.466296 0.484946 0.471084 0.51218 0.478461 0.493154 0.490212 0.457653
0.998417 0.74002 0.467675 0.513303 0.492182 0.469792 0.450069 0.485939 0.501907 0.509891 0.532571 0.518777 0.488604 0.483226 0.501205 0.498772 0.531893 0.470742 0.48591 0.464802
0.487149 0.999182 0.493738 0.516685 0.51253 0.491004 0.511118 0.480148 0.517271 0.526315 0.508544 0.502256 0.47253 0.484458 0.475897 0.508482 0.471374 0.489821 0.491749 0.453408
0.473504 0.989846 0.48387 0.506269 0.511065 0.489573 0.519989 0.486823 0.516003 0.534509 0.492389 0.502033 0.461207 0.495396 0.471721 0.501117 0.480891 0.488827 0.502883 0.454494
0.99863 0.698127 0.466903 0.518202 0.491742 0.468259 0.449332 0.4882 0.495295 0.510497 0.530226 0.517751 0.491881 0.489966 0.495744 0.506308 0.53782 0.475569 0.487236 0.463999
0.493085 0.998759 0.491719 0.508031 0.513313 0.492937 0.510935 0.481251 0.51841 0.530861 0.508441 0.49696 0.46991 0.480551 0.477361 0.505503 0.47576 0.488789 0.491489 0.452886
0.999039 0.754653 0.468746 0.514881 0.489561 0.471037 0.448897 0.485968 0.502951 0.510172 0.530726 0.517082 0.490653 0.485058 0.495235 0.504844 0.532634 0.473693 0.481488 0.464695
0.472021 0.997175 0.48996 0.501202 0.512092 0.494965 0.514538 0.484647 0.518411 0.531276 0.507989 0.498294 0.466138 0.482889 0.474658 0.506883 0.473802 0.492568 0.494212 0.452753
0.994918 0.665655 0.465818 0.520507 0.495281 0.464604 0.453607 0.485445 0.491091 0.513991 0.534387 0.515888 0.482595 0.489258 0.500348 0.50154 0.536286 0.473495 0.48938 0.476547
0.465508 0.98594 0.481901 0.508616 0.507833 0.491099 0.519112 0.485575 0.516984 0.533886 0.504917 0.503519 0.466272 0.492869 0.476845 0.50598 0.474316 0.493821 0.503078 0.459428
0.491848 0.999632 0.496 0.514876 0.512443 0.490633 0.511616 0.478681 0.516877 0.527735 0.509082 0.497129 0.470838 0.483922 0.476186 0.510647 0.476488 0.489177 0.489483 0.453331
0.458608 0.997495 0.498033 0.504926 0.510146 0.492516 0.516907 0.482027 0.513756 0.531074 0.507807 0.493499 0.461819 0.487505 0.473503 0.512213 0.478048 0.491161 0.490053 0.453143
0.486477 0.995619 0.498684 0.508582 0.512114 0.493056 0.508806 0.482376 0.516891 0.525029 0.521353 0.503648 0.467394 0.483135 0.485834 0.51333 0.468913 0.490537 0.488151 0.453028
0.492947 0.989236 0.48273 0.499387 0.507282 0.492704 0.512828 0.489322 0.514998 0.534679 0.506672 0.502404 0.466946 0.496908 0.472394 0.510562 0.471845 0.495266 0.499345 0.453595
0.99951 0.776447 0.467531 0.514277 0.489194 0.473638 0.449036 0.488298 0.505438 0.509922 0.530724 0.517589 0.488846 0.489955 0.494298 0.510017 0.532222 0.474572 0.479782 0.464248
0.997242 0.713065 0.46645 0.515864 0.492402 0.466288 0.450017 0.485955 0.497878 0.509971 0.529675 0.518501 0.490144 0.481462 0.49649 0.49813 0.533884 0.475157 0.488935 0.465575
0.995648 0.719789 0.469407 0.519118 0.485645 0.465615 0.451604 0.486824 0.49651 0.510886 0.535688 0.518183 0.486362 0.491755 0.498014 0.50019 0.529746 0.474596 0.486424 0.469594
0.50159 0.990604 0.492377 0.515132 0.509059 0.488013 0.512688 0.485523 0.516606 0.524242 0.510312 0.506796 0.466863 0.4967 0.482695 0.509914 0.475612 0.489857 0.497735 0.449824
0.543776 0.995055 0.494914 0.502235 0.510995 0.491061 0.503204 0.48779 0.509126 0.53049 0.511731 0.497938 0.466992 0.493611 0.472111 0.511456 0.474889 0.490671 0.489972 0.447245
0.978407 0.681432 0.478279 0.523335 0.4897 0.454961 0.455824 0.482258 0.485886 0.513358 0.539732 0.523888 0.485725 0.492672 0.490071 0.495635 0.518147 0.482647 0.487758 0.485164
0.999346 0.764952 0.469256 0.516622 0.487431 0.472921 0.449574 0.483565 0.504798 0.510826 0.533936 0.515253 0.488195 0.486048 0.495482 0.506226 0.530379 0.472007 0.478334 0.469363
0.487728 0.998348 0.490542 0.507268 0.509172 0.493115 0.511498 0.483734 0.515809 0.531327 0.507186 0.498092 0.469963 0.487221 0.472902 0.508296 0.471862 0.490806 0.492207 0.452101
0.491489 0.999571 0.495271 0.515902 0.511977 0.490842 0.511486 0.478959 0.517907 0.527218 0.509008 0.49818 0.471286 0.483944 0.476369 0.509438 0.475781 0.489245 0.490026 0.453164
0.495298 0.997139 0.49068 0.507019 0.511512 0.492153 0.51027 0.482249 0.517027 0.53119 0.509299 0.498235 0.468851 0.487045 0.473933 0.510699 0.47393 0.491817 0.491874 0.454012
0.481163 0.98694 0.48369 0.499916 0.510028 0.492349 0.515786 0.482995 0.520073 0.535569 0.502477 0.501857 0.468573 0.496706 0.475979 0.510393 0.478318 0.489255 0.497861 0.455073
0.998018 0.718388 0.468094 0.516812 0.493711 0.463601 0.447223 0.485807 0.497102 0.512087 0.529163 0.520488 0.487664 0.483212 0.495709 0.503181 0.532018 0.477086 0.485076 0.469559
0.986476 0.69578 0.47084 0.518398 0.489251 0.461814 0.454186 0.484846 0.489222 0.514888 0.537279 0.518137 0.488396 0.489929 0.493653 0.496301 0.524844 0.478062 0.489347 0.477254
0.998786 0.770695 0.469305 0.51679 0.486907 0.472966 0.449656 0.484835 0.504481 0.51012 0.533964 0.51584 0.487758 0.486769 0.494467 0.506804 0.529788 0.47349 0.478594 0.468774
0.996232 0.67711 0.465344 0.520153 0.492854 0.460134 0.451962 0.486517 0.493901 0.509779 0.532601 0.521165 0.484428 0.490449 0.499789 0.502772 0.534107 0.477227 0.491726 0.471598
0.99309 0.659194 0.470312 0.518268 0.493419 0.464706 0.454416 0.486828 0.489422 0.513288 0.534928 0.516399 0.484573 0.486531 0.50199 0.492273 0.536982 0.47147 0.489729 0.47274
0.998994 0.781422 0.466678 0.514974 0.487867 0.472988 0.448281 0.488806 0.503511 0.510045 0.532262 0.518347 0.488187 0.490685 0.4943 0.509154 0.529004 0.475248 0.481604 0.464745
0.454398 0.996813 0.492741 0.503726 0.509951 0.495013 0.517011 0.484437 0.515539 0.530846 0.508627 0.497364 0.464346 0.483802 0.474211 0.508522 0.472916 0.493007 0.493443 0.453995
0.995998 0.704472 0.467697 0.517159 0.489724 0.464437 0.452281 0.486423 0.497657 0.510349 0.531972 0.518484 0.487961 0.487787 0.498174 0.498754 0.5338 0.474956 0.488718 0.467664
0.993116 0.66084 0.469426 0.51916 0.494473 0.463341 0.450889 0.487741 0.485645 0.515725 0.531357 0.51624 0.488135 0.485769 0.494615 0.498388 0.536457 0.47724 0.488581 0.473294
0.998264 0.724202 0.467196 0.51749 0.488192 0.467017 0.448833 0.485699 0.497848 0.510478 0.534695 0.518707 0.489083 0.485752 0.49779 0.499648 0.529206 0.474214 0.486492 0.468173
0.997542 0.77058 0.468879 0.511391 0.494006 0.468968 0.446373 0.487525 0.500925 0.509251 0.525304 0.519951 0.492896 0.475805 0.491802 0.501508 0.531499 0.477518 0.484223 0.460412
0.997899 0.71233 0.465997 0.520602 0.486987 0.467134 0.44721 0.485772 0.491764 0.514687 0.536557 0.516018 0.488658 0.488284 0.494962 0.503604 0.527448 0.47594 0.485714 0.473443
0.477542 0.99826 0.494185 0.510634 0.510513 0.492769 0.512865 0.482075 0.517384 0.529056 0.509249 0.498095 0.468116 0.484012 0.476271 0.506112 0.474042 0.489993 0.491614 0.452529
0.485864 0.999007 0.493372 0.515191 0.511462 0.491858 0.51165 0.480879 0.518713 0.526746 0.508936 0.501154 0.471529 0.484322 0.476444 0.506553 0.472413 0.489701 0.49202 0.452565
0.505525 0.993038 0.491797 0.499447 0.50795 0.49263 0.508436 0.493548 0.508454 0.528418 0.51249 0.505358 0.463617 0.494812 0.476606 0.512221 0.467259 0.493874 0.495259 0.447107
0.483304 0.978802 0.482329 0.499596 0.505105 0.490496 0.515084 0.482497 0.513746 0.538883 0.511429 0.500111 0.469786 0.498541 0.479625 0.517199 0.473578 0.49189 0.497266 0.461153
0.495431 0.999335 0.495608 0.511143 0.510937 0.49151 0.511323 0.480852 0.517058 0.528361 0.508856 0.496567 0.46918 0.485159 0.475523 0.508572 0.476551 0.489179 0.489844 0.451184
0.462972 0.993109 0.485933 0.494992 0.5063 0.49678 0.514306 0.488119 0.511175 0.537316 0.50842 0.497147 0.464523 0.490708 0.467312 0.513384 0.467803 0.49699 0.494375 0.45715
0.495116 0.981332 0.481725 0.504374 0.509108 0.488036 0.514899 0.479238 0.519726 0.538074 0.506338 0.500047 0.47085 0.494885 0.480779 0.51087 0.479682 0.489051 0.498167 0.4608
0.999764 0.786185 0.468662 0.513713 0.487473 0.473305 0.449647 0.485995 0.50838 0.509136 0.53197 0.517343 0.488815 0.488274 0.495951 0.50764 0.530568 0.472628 0.478826 0.464477
0.460035 0.997871 0.495422 0.508226 0.510968 0.492778 0.515676 0.482665 0.515353 0.528992 0.509139 0.498434 0.465419 0.486089 0.474646 0.509502 0.472885 0.491871 0.492336 0.453414
0.461516 0.982165 0.479921 0.501936 0.505927 0.491932 0.520159 0.485274 0.51466 0.536484 0.500121 0.503617 0.466264 0.502388 0.473067 0.512069 0.474895 0.491287 0.503001 0.45834
0.999661 0.75567 0.469131 0.515601 0.488857 0.473573 0.449247 0.486407 0.50393 0.512263 0.532595 0.515311 0.488558 0.488002 0.494468 0.507839 0.532971 0.473422 0.477067 0.468996
0.51199 0.657666 0.490876 0.506863 0.498253 0.494282 0.514463 0.49095 0.4977 0.525424 0.519979 0.522736 0.491476 0.491151 0.485171 0.502043 0.508384 0.494257 0.49271 0.477761
0.989642 0.740898 0.471026 0.517226 0.484313 0.459792 0.45028 0.483384 0.496644 0.51292 0.534308 0.521965 0.489151 0.492503 0.491229 0.502447 0.520251 0.479773 0.486161 0.473765
0.997165 0.728945 0.466998 0.513547 0.491934 0.466742 0.450767 0.486919 0.499741 0.509834 0.532767 0.520364 0.487461 0.48486 0.502513 0.496283 0.530929 0.471595 0.489569 0.464752
0.98591 0.677459 0.467991 0.52146 0.495924 0.455193 0.449454 0.487562 0.483095 0.513755 0.524772 0.523414 0.49198 0.488546 0.481817 0.50549 0.527673 0.488905 0.493109 0.473755
0.998315 0.650165 0.470727 0.52126 0.492381 0.469699 0.451187 0.488389 0.49078 0.512647 0.531328 0.513922 0.49243 0.489572 0.496386 0.502715 0.544462 0.473316 0.484204 0.466852
0.498755 0.995928 0.499022 0.508464 0.512333 0.492323 0.506776 0.481944 0.518443 0.524767 0.522472 0.503374 0.467893 0.484745 0.486311 0.513715 0.470047 0.490164 0.487245 0.451828
0.993166 0.657018 0.467404 0.514545 0.499782 0.461754 0.447957 0.490525 0.47915 0.523789 0.525556 0.513904 0.488204 0.484001 0.492793 0.500863 0.539938 0.479184 0.489813 0.47391
0.498129 0.999485 0.495445 0.514493 0.512764 0.490683 0.510217 0.480215 0.516095 0.526925 0.509127 0.499329 0.47176 0.483471 0.476698 0.508744 0.474332 0.48882 0.490314 0.451871
0.51199 0.657666 0.490876 0.506863 0.498253 0.494282 0.514463 0.49095 0.4977 0.525424 0.519979 0.522736 0.491476 0.491151 0.485171 0.502043 0.508384 0.494257 0.49271 0.477761
0.47877 0.993135 0.487312 0.503362 0.50896 0.493697 0.512324 0.484814 0.515137 0.533253 0.511099 0.500764 0.469355 0.488793 0.474073 0.512612 0.469028 0.494807 0.494243 0.456667
0.448245 0.992685 0.489281 0.510318 0.508305 0.493507 0.520048 0.477309 0.522308 0.533725 0.504644 0.4959 0.46698 0.488846 0.474318 0.508821 0.479378 0.490133 0.493793 0.460003
0.999212 0.744923 0.467921 0.515706 0.490734 0.469898 0.448974 0.48638 0.50229 0.511478 0.531041 0.517666 0.488061 0.487631 0.495407 0.506898 0.532964 0.474631 0.481111 0.468148
0.512002 0.976612 0.479147 0.502698 0.508014 0.485223 0.512489 0.479406 0.516404 0.541868 0.510036 0.498686 0.471665 0.49395 0.482954 0.511965 0.478073 0.490454 0.498393 0.464637
0.999371 0.751764 0.470826 0.515949 0.48941 0.472814 0.448655 0.484052 0.502342 0.512653 0.531803 0.513827 0.490312 0.481343 0.493408 0.504099 0.53299 0.472974 0.476583 0.469567
0.501857 0.999681 0.494602 0.516388 0.513184 0.490603 0.509518 0.480337 0.517241 0.525867 0.508795 0.50144 0.473112 0.483503 0.477943 0.506835 0.473242 0.487726 0.491095 0.451178
0.992481 0.70879 0.471876 0.519531 0.490114 0.464053 0.449447 0.48515 0.492434 0.514577 0.53122 0.517556 0.490617 0.488167 0.488691 0.50526 0.53041 0.48001 0.482374 0.473984
0.981637 0.688777 0.47208 0.517909 0.494911 0.458783 0.45303 0.484139 0.483906 0.518344 0.536658 0.519797 0.488466 0.485919 0.490724 0.495665 0.52089 0.481381 0.489782 0.48287
0.458359 0.993359 0.489154 0.5077 0.509435 0.493268 0.518253 0.478122 0.522342 0.534268 0.505089 0.49542 0.46654 0.488084 0.473845 0.508911 0.479839 0.490853 0.493306 0.459161
0.993402 0.687321 0.468613 0.516134 0.496512 0.464821 0.450046 0.487107 0.48857 0.51703 0.531854 0.517033 0.486118 0.484208 0.497941 0.49771 0.533141 0.47431 0.487999 0.473719
0.500047 0.986751 0.48413 0.500672 0.509637 0.489268 0.513569 0.485196 0.516144 0.53561 0.502764 0.500856 0.465957 0.497695 0.47427 0.509659 0.478621 0.490986 0.498848 0.454541
0.999434 0.758807 0.469385 0.515848 0.489022 0.471172 0.449575 0.485239 0.504343 0.510561 0.531475 0.516496 0.488585 0.486998 0.495351 0.506946 0.532819 0.473422 0.479308 0.467233
0.999706 0.768108 0.469769 0.515231 0.488447 0.474299 0.449693 0.485261 0.506306 0.512158 0.533 0.514766 0.487584 0.486949 0.494727 0.507589 0.532136 0.472484 0.475209 0.470105
0.507464 0.999968 0.494894 0.517724 0.513905 0.489863 0.508712 0.478288 0.516428 0.527 0.508046 0.499878 0.474386 0.483347 0.477274 0.509035 0.474593 0.486899 0.489488 0.452703
0.51199 0.657666 0.490876 0.506863 0.498253 0.494282 0.514463 0.49095 0.4977 0.525424 0.519979 0.522736 0.491476 0.491151 0.485171 0.502043 0.508384 0.494257 0.49271 0.477761
0.51199 0.657666 0.490876 0.506863 0.498253 0.494282 0.514463 0.49095 0.4977 0.525424 0.519979 0.522736 0.491476 0.491151 0.485171 0.502043 0.508384 0.494257 0.49271 0.477761
0.97982 0.712691 0.472552 0.518082 0.491211 0.456925 0.452138 0.482692 0.485987 0.518235 0.536358 0.521249 0.49092 0.488624 0.485534 0.499605 0.515416 0.484986 0.488347 0.483703
0.510292 1 0.495353 0.517061 0.513316 0.490043 0.508494 0.479213 0.516787 0.526351 0.508512 0.499785 0.473819 0.483026 0.477919 0.507761 0.475131 0.486853 0.489665 0.4512
0.991923 0.662246 0.473477 0.522889 0.48827 0.460168 0.451488 0.489789 0.484352 0.513112 0.532211 0.518393 0.487104 0.492479 0.49376 0.500164 0.535652 0.480127 0.488797 0.470655
0.510292 1 0.495353 0.517061 0.513316 0.490043 0.508494 0.479213 0.516787 0.526351 0.508512 0.499785 0.473819 0.483026 0.477919 0.507761 0.475131 0.486853 0.489665 0.4512
0.492433 0.986521 0.483509 0.500373 0.509636 0.490353 0.514822 0.485223 0.516845 0.5352 0.501794 0.501817 0.466009 0.498449 0.474078 0.510012 0.478463 0.490751 0.499578 0.454416
0.510292 1 0.495353 0.517061 0.513316 0.490043 0.508494 0.479213 0.516787 0.526351 0.508512 0.499785 0.473819 0.483026 0.477919 0.507761 0.475131 0.486853 0.489665 0.4512
0.525189 0.997079 0.494357 0.503381 0.515291 0.489712 0.505637 0.486829 0.514744 0.528223 0.51217 0.500877 0.466281 0.483409 0.478362 0.5066 0.475475 0.49216 0.492628 0.448327
0.474022 0.998688 0.49382 0.512333 0.512092 0.49224 0.513177 0.481814 0.516802 0.527345 0.509778 0.501211 0.469826 0.484476 0.475934 0.507881 0.470774 0.491073 0.492776 0.453291
0.475733 0.998387 0.493692 0.513792 0.510277 0.49187 0.512943 0.480243 0.517603 0.528572 0.507789 0.499171 0.469575 0.48598 0.473122 0.50992 0.473317 0.491523 0.491014 0.454696
0.508878 0.999984 0.495124 0.517393 0.513611 0.489953 0.508603 0.478751 0.516607 0.526676 0.508279 0.499831 0.474103 0.483187 0.477596 0.508398 0.474862 0.486876 0.489576 0.451952
0.501781 0.980873 0.481508 0.499662 0.508843 0.489194 0.512957 0.480669 0.519522 0.538588 0.508421 0.500434 0.472079 0.496216 0.480775 0.512885 0.478326 0.489766 0.497267 0.458889
0.99582 0.686298 0.467445 0.520321 0.48836 0.462428 0.451437 0.485235 0.494458 0.510258 0.534341 0.518836 0.487888 0.488428 0.496779 0.500121 0.531902 0.476907 0.488916 0.471341
0.98663 0.701692 0.47197 0.520916 0.488624 0.45746 0.451282 0.485322 0.489392 0.512387 0.531698 0.522622 0.489514 0.491686 0.487571 0.502029 0.524117 0.483686 0.48903 0.474583
0.51199 0.657666 0.490876 0.506863 0.498253 0.494282 0.514463 0.49095 0.4977 0.525424 0.519979 0.522736 0.491476 0.491151 0.485171 0.502043 0.508384 0.494257 0.49271 0.477761
0.478334 0.998096 0.491072 0.514376 0.513138 0.492037 0.513349 0.479911 0.518508 0.528032 0.508128 0.500425 0.46987 0.481247 0.475699 0.508738 0.473086 0.491597 0.493088 0.456408
0.513573 0.993945 0.486205 0.501136 0.506277 0.493357 0.507073 0.489324 0.514415 0.532163 0.512521 0.502227 0.471163 0.496892 0.472641 0.514572 0.467494 0.49547 0.493931 0.450344
0.993944 0.67937 0.467685 0.51666 0.494306 0.460617 0.4532 0.485588 0.49508 0.511055 0.530206 0.520367 0.485779 0.485844 0.499423 0.496301 0.535254 0.475289 0.491298 0.470514
0.990843 0.6497 0.472516 0.520075 0.494441 0.463818 0.454132 0.487661 0.484739 0.515886 0.534352 0.515947 0.483912 0.488502 0.499234 0.493911 0.536858 0.473178 0.488367 0.475724
0.999519 0.765072 0.468641 0.514823 0.488261 0.473955 0.44945 0.487017 0.504952 0.51117 0.532199 0.51574 0.489342 0.488421 0.494585 0.507852 0.532624 0.473441 0.478028 0.466586
0.484976 0.998924 0.49195 0.513694 0.511718 0.491616 0.511708 0.47909 0.520259 0.529284 0.50922 0.498196 0.470377 0.484921 0.474701 0.509962 0.474678 0.491514 0.491131 0.455432
0.50711 0.999964 0.494837 0.517807 0.513979 0.489841 0.508739 0.478173 0.516383 0.527082 0.507988 0.499889 0.474457 0.483387 0.477193 0.509194 0.474526 0.486905 0.489466 0.452891
0.513283 0.995774 0.488928 0.501352 0.512265 0.491559 0.506669 0.485405 0.513893 0.53252 0.511081 0.49922 0.466459 0.488823 0.472146 0.512877 0.471582 0.494288 0.492489 0.4539
0.478122 0.988768 0.490543 0.514634 0.50776 0.48949 0.516512 0.481829 0.518392 0.527653 0.508881 0.503754 0.467771 0.495877 0.481286 0.51098 0.476821 0.48954 0.497248 0.454567
0.48894 0.998899 0.493039 0.517304 0.512513 0.491145 0.511429 0.47973 0.518062 0.526467 0.508425 0.501426 0.472078 0.483076 0.476552 0.507837 0.47269 0.489619 0.491924 0.45405
0.530856 0.996691 0.491929 0.49827 0.5143 0.491245 0.504812 0.486414 0.515259 0.531768 0.510698 0.497907 0.467485 0.484104 0.475487 0.50685 0.476242 0.491627 0.491485 0.448573
0.51199 0.657666 0.490876 0.506863 0.498253 0.494282 0.514463 0.49095 0.4977 0.525424 0.519979 0.522736 0.491476 0.491151 0.485171 0.502043 0.508384 0.494257 0.49271 0.477761
0.993816 0.654493 0.468528 0.521901 0.49384 0.460486 0.451602 0.485112 0.488357 0.514844 0.532817 0.51755 0.484867 0.49065 0.49549 0.504877 0.535979 0.478336 0.487725 0.477887
0.999764 0.786185 0.468662 0.513713 0.487473 0.473305 0.449647 0.485995 0.50838 0.509136 0.53197 0.517343 0.488815 0.488274 0.495951 0.50764 0.530568 0.472628 0.478826 0.464477
0.997339 0.738499 0.467727 0.516422 0.489488 0.467121 0.447608 0.486126 0.496877 0.511173 0.532096 0.518524 0.490022 0.482651 0.494411 0.501228 0.528674 0.476431 0.485576 0.467511
0.525269 0.977719 0.479904 0.500614 0.508024 0.484512 0.510476 0.482313 0.513952 0.539265 0.50889 0.500412 0.468426 0.500625 0.478594 0.515389 0.478469 0.492234 0.49981 0.460829
0.991407 0.64312 0.470292 0.516985 0.500964 0.458342 0.450379 0.484861 0.485507 0.517243 0.527251 0.519198 0.487876 0.484574 0.492401 0.50327 0.539412 0.480512 0.488253 0.47747
0.998524 0.725356 0.468315 0.517113 0.492416 0.46479 0.448447 0.485217 0.500001 0.511668 0.530328 0.519887 0.48652 0.486569 0.496795 0.505318 0.532449 0.475698 0.483374 0.470194
0.998155 0.757888 0.468969 0.516949 0.485964 0.471546 0.451778 0.483225 0.505617 0.508975 0.535124 0.51567 0.487631 0.486081 0.497054 0.502588 0.53005 0.471795 0.481123 0.468745
0.501895 0.998826 0.493874 0.50986 0.514151 0.490976 0.509734 0.480486 0.515285 0.530023 0.508715 0.496645 0.472001 0.478507 0.475717 0.507514 0.47583 0.490269 0.490412 0.453226
0.997597 0.739609 0.46941 0.51823 0.482573 0.470449 0.453171 0.485898 0.502284 0.510547 0.537532 0.515082 0.487683 0.495104 0.498537 0.503607 0.531023 0.471687 0.48215 0.468701
0.516917 0.990282 0.488602 0.513938 0.505435 0.487988 0.509934 0.487944 0.514229 0.52722 0.512415 0.505067 0.469238 0.499024 0.478996 0.511211 0.471509 0.493244 0.497752 0.450841
1 0.77549 0.468537 0.514764 0.486961 0.476874 0.450004 0.488067 0.506954 0.512168 0.533671 0.514397 0.488031 0.491783 0.493935 0.51086 0.532614 0.47319 0.474568 0.468476
0.489961 0.989353 0.48446 0.503607 0.511695 0.490308 0.513656 0.490457 0.51085 0.531943 0.50108 0.508134 0.4614 0.495843 0.473823 0.507371 0.471667 0.492082 0.501762 0.454758
0.479831 0.996143 0.498716 0.501105 0.509354 0.491837 0.513544 0.485695 0.510978 0.530038 0.508238 0.495016 0.460525 0.489748 0.473066 0.512423 0.478094 0.491649 0.490283 0.449137
0.996476 0.698482 0.468319 0.51806 0.494553 0.462341 0.446635 0.486793 0.491967 0.51445 0.527437 0.519382 0.489877 0.484013 0.491441 0.505006 0.533645 0.480216 0.485388 0.470886
0.997027 0.740373 0.469055 0.513434 0.495171 0.467545 0.447761 0.487176 0.498792 0.508578 0.525574 0.519774 0.492417 0.476399 0.492545 0.501218 0.534693 0.477815 0.485648 0.461676
0.99924 0.767209 0.469465 0.517282 0.486496 0.472914 0.449816 0.483265 0.505033 0.5107 0.534655 0.514857 0.487752 0.486209 0.495164 0.506345 0.529811 0.472306 0.477937 0.47012
0.51199 0.657666 0.490876 0.506863 0.498253 0.494282 0.514463 0.49095 0.4977 0.525424 0.519979 0.522736 0.491476 0.491151 0.485171 0.502043 0.508384 0.494257 0.49271 0.477761
0.99752 0.756817 0.46839 0.518513 0.484189 0.469638 0.448999 0.485288 0.499241 0.512114 0.537651 0.516824 0.48626 0.489697 0.496914 0.502322 0.52481 0.47312 0.482724 0.471299
0.994558 0.671277 0.468023 0.520357 0.491898 0.464827 0.452214 0.487513 0.490275 0.510451 0.530952 0.516898 0.48956 0.485198 0.494659 0.498256 0.537072 0.477078 0.490205 0.468328
0.472913 0.992311 0.489853 0.504401 0.511431 0.494363 0.512457 0.486129 0.514823 0.529053 0.512013 0.507266 0.467288 0.488945 0.479432 0.512339 0.467198 0.492252 0.495001 0.455055
0.998823 0.720705 0.467098 0.517217 0.492107 0.466964 0.448577 0.487 0.49937 0.512429 0.531581 0.519433 0.486018 0.489799 0.496575 0.50707 0.532937 0.475821 0.483045 0.470848
0.998022 0.766524 0.468369 0.515516 0.482869 0.474488 0.45308 0.487919 0.505337 0.512125 0.537595 0.513799 0.487051 0.496943 0.497953 0.507081 0.53058 0.471329 0.478758 0.468642
0.502556 0.971793 0.478213 0.505274 0.506052 0.485386 0.514433 0.476781 0.517823 0.54126 0.513017 0.500021 0.474037 0.496355 0.486784 0.514908 0.478085 0.489658 0.499246 0.466977
0.999623 0.735733 0.468772 0.516745 0.488934 0.47181 0.449964 0.486593 0.501913 0.510808 0.532417 0.516235 0.489929 0.489734 0.496252 0.506679 0.534707 0.472939 0.480937 0.466257
0.547266 0.994397 0.494372 0.509479 0.511749 0.485399 0.503121 0.484012 0.511479 0.526833 0.512753 0.501621 0.466487 0.500459 0.473788 0.520424 0.475605 0.492581 0.491207 0.449862
0.507635 0.998673 0.491156 0.514282 0.51368 0.489367 0.509709 0.48157 0.520247 0.526655 0.509291 0.501689 0.46967 0.486256 0.478437 0.509426 0.475165 0.490776 0.493369 0.452247
0.478841 0.998127 0.490196 0.50465 0.51195 0.494209 0.514002 0.4815 0.522218 0.532338 0.507802 0.496243 0.467432 0.486677 0.475716 0.50552 0.476305 0.489193 0.492534 0.453155
0.487593 0.998785 0.493909 0.512902 0.510784 0.492442 0.511488 0.482483 0.519795 0.526976 0.510725 0.499959 0.469676 0.4838 0.478836 0.503195 0.473622 0.489051 0.492426 0.450524
0.447257 0.996063 0.490201 0.506832 0.509634 0.494344 0.519719 0.476565 0.523276 0.535148 0.504885 0.492021 0.465502 0.485874 0.471532 0.510836 0.480994 0.492079 0.49139 0.460434
0.99956 0.750615 0.467918 0.516103 0.487629 0.473876 0.449601 0.48747 0.502907 0.512153 0.533582 0.515009 0.489097 0.490009 0.494567 0.507917 0.532864 0.473763 0.478397 0.468436
0.996528 0.701808 0.468402 0.519321 0.487713 0.464859 0.451172 0.485352 0.496655 0.509231 0.534827 0.518549 0.488962 0.487733 0.497085 0.500746 0.53193 0.475959 0.487266 0.469151
0.476096 0.997337 0.489687 0.505739 0.515518 0.492702 0.514577 0.480111 0.517296 0.531773 0.507466 0.496115 0.466412 0.478321 0.473647 0.511931 0.476427 0.493982 0.493079 0.458363
0.99236 0.659581 0.471592 0.52112 0.490839 0.45947 0.450622 0.488433 0.486674 0.511838 0.529016 0.519127 0.491302 0.487719 0.490165 0.50082 0.537086 0.482917 0.489733 0.468862
0.572482 0.996079 0.493025 0.503446 0.515882 0.48712 0.497548 0.489262 0.516582 0.525557 0.51566 0.506019 0.468996 0.49063 0.480265 0.508232 0.4745 0.492312 0.492834 0.443491
0.998653 0.763129 0.470843 0.518305 0.485494 0.472943 0.451526 0.482046 0.50642 0.508999 0.535758 0.514586 0.487089 0.486334 0.495624 0.506 0.530619 0.471831 0.477232 0.470769
1 0.77549 0.468537 0.514764 0.486961 0.476874 0.450004 0.488067 0.506954 0.512168 0.533671 0.514397 0.488031 0.491783 0.493935 0.51086 0.532614 0.47319 0.474568 0.468476
0.998438 0.745408 0.468286 0.515921 0.488881 0.470566 0.449702 0.485317 0.502432 0.509064 0.532211 0.51712 0.490713 0.484754 0.495624 0.50371 0.532241 0.473875 0.482839 0.46537
0.46912 0.997671 0.488039 0.50089 0.513054 0.495118 0.5145 0.481917 0.520122 0.534415 0.507507 0.495246 0.466647 0.480534 0.473182 0.508012 0.475358 0.493359 0.493157 0.456505
0.51199 0.657666 0.490876 0.506863 0.498253 0.494282 0.514463 0.49095 0.4977 0.525424 0.519979 0.522736 0.491476 0.491151 0.485171 0.502043 0.508384 0.494257 0.49271 0.477761
0.487252 0.991457 0.491115 0.509766 0.510245 0.491188 0.512573 0.485826 0.515715 0.526648 0.511163 0.507031 0.467075 0.492823 0.481063 0.511127 0.471405 0.491055 0.496368 0.452439
0.486582 0.999129 0.494829 0.513139 0.512394 0.491441 0.51191 0.480324 0.516654 0.52778 0.509084 0.499052 0.470633 0.484279 0.476078 0.508971 0.473826 0.489566 0.490933 0.452897
0.996547 0.691302 0.468931 0.519837 0.486294 0.46391 0.453744 0.483763 0.5001 0.506505 0.53726 0.519682 0.487367 0.48921 0.500965 0.497505 0.532273 0.473557 0.488166 0.469513
0.985482 0.68849 0.472472 0.516829 0.493157 0.46143 0.453191 0.48602 0.484495 0.519241 0.53813 0.517232 0.486071 0.487348 0.496669 0.494688 0.525322 0.477107 0.488794 0.480279
0.994413 0.676225 0.46882 0.520186 0.489751 0.466318 0.452867 0.488632 0.489816 0.512029 0.534275 0.515591 0.487538 0.486582 0.498277 0.493483 0.534738 0.473706 0.489634 0.469114
0.497662 0.995895 0.489335 0.502436 0.511768 0.492597 0.509776 0.485715 0.514777 0.531315 0.509943 0.500239 0.466488 0.488017 0.473541 0.511242 0.471394 0.493552 0.493618 0.453254
0.500439 0.983467 0.482401 0.497661 0.509107 0.490352 0.512918 0.483662 0.518081 0.537152 0.506149 0.501319 0.469659 0.497998 0.477425 0.512456 0.477716 0.490617 0.497972 0.455697
0.995554 0.666068 0.466266 0.520913 0.494617 0.460407 0.450985 0.487647 0.490295 0.511079 0.529481 0.519892 0.487178 0.489513 0.495165 0.505948 0.537402 0.480187 0.490806 0.470796
0.998997 0.738663 0.469374 0.517127 0.487866 0.471804 0.450583 0.484091 0.503109 0.51038 0.533888 0.514992 0.489901 0.486209 0.495982 0.504595 0.533388 0.472408 0.479837 0.468495
0.99501 0.680391 0.46705 0.516248 0.494431 0.461906 0.452883 0.487166 0.495413 0.510517 0.527353 0.519118 0.488655 0.484404 0.497323 0.49703 0.53848 0.47664 0.491843 0.466198
0.51199 0.657666 0.490876 0.506863 0.498253 0.494282 0.514463 0.49095 0.4977 0.525424 0.519979 0.522736 0.491476 0.491151 0.485171 0.502043 0.508384 0.494257 0.49271 0.477761
0.99115 0.698338 0.471937 0.519808 0.491547 0.462921 0.456236 0.485208 0.496621 0.508306 0.535137 0.522626 0.479803 0.493305 0.503823 0.495247 0.530035 0.470008 0.489129 0.472586
0.535523 0.996928 0.490511 0.506283 0.511019 0.489203 0.503785 0.484359 0.516258 0.530579 0.51404 0.498741 0.467617 0.492583 0.473796 0.513604 0.472977 0.493734 0.490769 0.452247
0.455937 0.996755 0.50199 0.502584 0.506301 0.493638 0.517332 0.48505 0.510042 0.531264 0.50816 0.49051 0.458118 0.486358 0.474931 0.508346 0.480025 0.489226 0.488629 0.449535
0.500633 0.996461 0.493681 0.503617 0.514853 0.491179 0.509697 0.487694 0.511641 0.528747 0.509932 0.501424 0.465282 0.48019 0.477407 0.505831 0.473206 0.492904 0.49444 0.450726
0.995913 0.69336 0.466179 0.518837 0.488372 0.464281 0.454168 0.485254 0.497487 0.507851 0.53719 0.519445 0.484061 0.487069 0.503908 0.491903 0.530481 0.471158 0.492044 0.469933
0.994797 0.682637 0.467819 0.517253 0.491874 0.46301 0.455128 0.486765 0.497538 0.509167 0.530398 0.518371 0.486923 0.487168 0.49969 0.496106 0.538112 0.474722 0.491193 0.466876
0.994226 0.679992 0.470549 0.520702 0.489546 0.461968 0.451434 0.487628 0.490875 0.510067 0.532505 0.519574 0.487592 0.488373 0.49607 0.499005 0.534351 0.477949 0.489298 0.46899
0.998919 0.778261 0.467767 0.515275 0.48832 0.472988 0.447786 0.487625 0.502541 0.51124 0.53217 0.517094 0.488428 0.487204 0.49331 0.507608 0.528956 0.475149 0.479957 0.466778
0.526717 0.980404 0.481506 0.502051 0.51081 0.484693 0.512628 0.485196 0.517518 0.534716 0.500169 0.504514 0.466391 0.50436 0.478445 0.508597 0.484049 0.488359 0.503232 0.452643
0.996415 0.719485 0.468218 0.516602 0.490772 0.470527 0.450329 0.488293 0.49573 0.513995 0.532287 0.514757 0.48892 0.487777 0.493211 0.50471 0.534598 0.476023 0.481937 0.470522
0.490327 0.988221 0.488974 0.509165 0.50856 0.490204 0.513991 0.484483 0.51757 0.5288 0.509049 0.505187 0.468233 0.49656 0.481241 0.510941 0.47521 0.489763 0.497435 0.452571
0.491485 0.973433 0.478861 0.504809 0.506537 0.487207 0.515378 0.475867 0.51962 0.541441 0.512485 0.499965 0.474917 0.494597 0.487129 0.51432 0.477592 0.48859 0.497849 0.46706
0.485846 0.999116 0.493649 0.514348 0.512298 0.491888 0.511564 0.481766 0.517964 0.526167 0.509645 0.50222 0.471382 0.483823 0.477614 0.505802 0.471238 0.489436 0.492688 0.451786
0.510292 1 0.495353 0.517061 0.513316 0.490043 0.508494 0.479213 0.516787 0.526351 0.508512 0.499785 0.473819 0.483026 0.477919 0.507761 0.475131 0.486853 0.489665 0.4512
0.992212 0.701938 0.469304 0.517775 0.49424 0.465396 0.457521 0.484453 0.500353 0.506703 0.533521 0.521762 0.480791 0.489349 0.505 0.49329 0.532297 0.467937 0.490402 0.470307
0.978377 0.706536 0.473149 0.519097 0.490318 0.453504 0.453162 0.483807 0.485332 0.516443 0.533889 0.524004 0.488989 0.492386 0.485407 0.498998 0.51584 0.485984 0.491185 0.481707
0.997712 0.700622 0.467033 0.518378 0.491359 0.466889 0.449324 0.486589 0.495147 0.511567 0.53114 0.517101 0.490646 0.486393 0.494756 0.504126 0.535284 0.476421 0.486113 0.468092
0.51199 0.657666 0.490876 0.506863 0.498253 0.494282 0.514463 0.49095 0.4977 0.525424 0.519979 0.522736 0.491476 0.491151 0.485171 0.502043 0.508384 0.494257 0.49271 0.477761
0.51199 0.657666 0.490876 0.506863 0.498253 0.494282 0.514463 0.49095 0.4977 0.525424 0.519979 0.522736 0.491476 0.491151 0.485171 0.502043 0.508384 0.494257 0.49271 0.477761
0.59928 0.976782 0.477645 0.503118 0.502571 0.48031 0.499923 0.482933 0.508842 0.535554 0.512491 0.502861 0.469475 0.50226 0.479767 0.517257 0.477322 0.489523 0.498031 0.4597
0.996183 0.6888 0.468188 0.520079 0.487327 0.463169 0.452591 0.484499 0.497279 0.508382 0.535801 0.519259 0.487628 0.488819 0.498872 0.498813 0.532088 0.475232 0.488541 0.470427
0.513262 0.985033 0.481661 0.499832 0.50917 0.48621 0.51294 0.491216 0.50735 0.536722 0.499403 0.501957 0.459393 0.50023 0.470161 0.508282 0.476322 0.493805 0.503418 0.455237
0.481163 0.98694 0.48369 0.499916 0.510028 0.492349 0.515786 0.482995 0.520073 0.535569 0.502477 0.501857 0.468573 0.496706 0.475979 0.510393 0.478318 0.489255 0.497861 0.455073
0.510292 1 0.495353 0.517061 0.513316 0.490043 0.508494 0.479213 0.516787 0.526351 0.508512 0.499785 0.473819 0.483026 0.477919 0.507761 0.475131 0.486853 0.489665 0.4512
0.982547 0.660613 0.474373 0.526219 0.490043 0.45363 0.452368 0.485254 0.483726 0.509811 0.530666 0.524744 0.491268 0.49101 0.481935 0.500503 0.525169 0.488815 0.490932 0.476592
0.997135 0.706419 0.466574 0.521453 0.48497 0.465274 0.448843 0.484727 0.49283 0.513094 0.538887 0.517097 0.487149 0.489497 0.49702 0.500948 0.52585 0.475345 0.486928 0.474611
0.99915 0.750783 0.468278 0.516446 0.488516 0.471117 0.449107 0.484169 0.502635 0.510414 0.53359 0.516633 0.488951 0.484546 0.496302 0.503405 0.530308 0.472592 0.481494 0.468294
0.983273 0.663044 0.474121 0.524452 0.489955 0.452975 0.451412 0.485866 0.482858 0.512649 0.528666 0.524373 0.490057 0.493181 0.482735 0.501289 0.525961 0.48736 0.490406 0.476646
1 0.77549 0.468537 0.514764 0.486961 0.476874 0.450004 0.488067 0.506954 0.512168 0.533671 0.514397 0.488031 0.491783 0.493935 0.51086 0.532614 0.47319 0.474568 0.468476
0.999034 0.715326 0.468044 0.517448 0.491264 0.467996 0.449056 0.486664 0.498792 0.511845 0.531583 0.51816 0.488432 0.488857 0.496768 0.505445 0.534406 0.474523 0.483325 0.468528
0.996986 0.728553 0.468343 0.51807 0.485017 0.466968 0.451679 0.48568 0.4999 0.510181 0.53659 0.517849 0.487267 0.491169 0.499024 0.500478 0.529121 0.473271 0.485592 0.469129
0.498129 0.999485 0.495445 0.514493 0.512764 0.490683 0.510217 0.480215 0.516095 0.526925 0.509127 0.499329 0.47176 0.483471 0.476698 0.508744 0.474332 0.48882 0.490314 0.451871
0.975735 0.718353 0.473979 0.519805 0.48755 0.451404 0.453083 0.48261 0.485684 0.516376 0.534239 0.525158 0.491068 0.494486 0.480846 0.501289 0.511302 0.489487 0.490584 0.483319
0.490643 0.99852 0.494257 0.513794 0.509503 0.492114 0.510966 0.481583 0.520934 0.527933 0.510703 0.497735 0.469119 0.484412 0.47834 0.503267 0.476142 0.48905 0.491225 0.450885
0.998582 0.752337 0.468389 0.514374 0.489473 0.471487 0.450398 0.486387 0.503457 0.51106 0.533223 0.517059 0.487745 0.487069 0.498434 0.502845 0.531629 0.471796 0.481773 0.467104
0.472172 0.997925 0.491187 0.502416 0.506473 0.494955 0.514541 0.483263 0.519271 0.533978 0.508492 0.492323 0.465603 0.486637 0.471529 0.508388 0.476836 0.493256 0.491022 0.453338
1 0.77549 0.468537 0.514764 0.486961 0.476874 0.450004 0.488067 0.506954 0.512168 0.533671 0.514397 0.488031 0.491783 0.493935 0.51086 0.532614 0.47319 0.474568 0.468476
0.997959 0.747826 0.467888 0.518614 0.485223 0.469261 0.448783 0.484552 0.499314 0.511287 0.537221 0.517006 0.48756 0.487686 0.49645 0.5026 0.525902 0.473801 0.483146 0.471077
0.998564 0.730337 0.467496 0.516463 0.492577 0.469324 0.449302 0.487539 0.499651 0.509397 0.528895 0.518152 0.490357 0.48644 0.494842 0.506466 0.536348 0.475732 0.484649 0.463981
0.491313 0.999248 0.494147 0.517192 0.511844 0.490457 0.510819 0.478552 0.517203 0.527402 0.507289 0.500042 0.472586 0.485578 0.473765 0.511103 0.47371 0.489966 0.489989 0.454455
0.479619 0.995146 0.489558 0.504155 0.511222 0.492713 0.514104 0.480193 0.52099 0.534213 0.506754 0.495323 0.466444 0.486829 0.473208 0.509553 0.479084 0.492107 0.492248 0.456788
0.523631 0.991974 0.486562 0.506204 0.507426 0.489541 0.507689 0.489084 0.514621 0.530524 0.511364 0.502974 0.468255 0.497198 0.474849 0.510972 0.471484 0.495 0.496925 0.450835
0.476403 0.997055 0.49096 0.503966 0.511591 0.493765 0.513692 0.484451 0.516976 0.530361 0.50918 0.499022 0.466382 0.484759 0.474855 0.508792 0.472887 0.492877 0.493791 0.453113
0.987766 0.698935 0.464265 0.517463 0.495933 0.456679 0.450348 0.488527 0.487229 0.513522 0.52227 0.523643 0.489799 0.48996 0.48647 0.503204 0.527952 0.484082 0.496189 0.469202
0.493305 0.987907 0.48315 0.504119 0.509599 0.487541 0.516217 0.488515 0.511049 0.535091 0.496781 0.501453 0.459525 0.498416 0.46956 0.506219 0.478346 0.492424 0.503015 0.45569
0.51199 0.657666 0.490876 0.506863 0.498253 0.494282 0.514463 0.49095 0.4977 0.525424 0.519979 0.522736 0.491476 0.491151 0.485171 0.502043 0.508384 0.494257 0.49271 0.477761
0.468575 0.9985 0.493766 0.510348 0.512831 0.492513 0.51356 0.482345 0.514595 0.528219 0.509865 0.501631 0.469612 0.48455 0.475161 0.508872 0.46876 0.491502 0.493036 0.454105
0.459141 0.987359 0.483195 0.505109 0.506865 0.493374 0.51851 0.483801 0.515102 0.534274 0.503388 0.502306 0.467711 0.497063 0.472899 0.51259 0.47255 0.491702 0.499514 0.458075
0.99783 0.740408 0.467956 0.512645 0.493829 0.47141 0.452425 0.485181 0.504106 0.509046 0.53297 0.518425 0.485519 0.484174 0.504347 0.498343 0.533848 0.467587 0.48589 0.465336
0.987825 0.648727 0.474525 0.525941 0.494697 0.459592 0.455672 0.48543 0.488337 0.507353 0.533956 0.523412 0.483273 0.490532 0.495797 0.496479 0.532566 0.477409 0.489334 0.476116
0.499616 0.999585 0.492878 0.514419 0.511854 0.4908 0.509672 0.480014 0.519729 0.528217 0.510444 0.498089 0.471082 0.483129 0.476744 0.507641 0.475197 0.490603 0.490965 0.453147
0.507464 0.999968 0.494894 0.517724 0.513905 0.489863 0.508712 0.478288 0.516428 0.527 0.508046 0.499878 0.474386 0.483347 0.477274 0.509035 0.474593 0.486899 0.489488 0.452703
0.504661 0.995492 0.490086 0.501341 0.510218 0.493096 0.508291 0.484741 0.510847 0.534167 0.510118 0.495788 0.46618 0.489861 0.468461 0.514105 0.471836 0.493978 0.491111 0.455064
0.999371 0.751764 0.470826 0.515949 0.48941 0.472814 0.448655 0.484052 0.502342 0.512653 0.531803 0.513827 0.490312 0.481343 0.493408 0.504099 0.53299 0.472974 0.476583 0.469567
0.508106 0.998575 0.494038 0.513488 0.512759 0.489722 0.510853 0.481691 0.516994 0.526743 0.508516 0.499042 0.468521 0.485581 0.478735 0.508908 0.476907 0.488421 0.491861 0.450956
0.994047 0.669446 0.46821 0.518823 0.493655 0.465118 0.454059 0.488278 0.491815 0.509905 0.52898 0.516666 0.489078 0.484568 0.496115 0.496248 0.540177 0.475985 0.491343 0.466096
0.503755 0.991605 0.484895 0.493698 0.512541 0.493309 0.509501 0.486764 0.518355 0.535407 0.506946 0.501001 0.466267 0.492907 0.472945 0.510462 0.475158 0.493277 0.495782 0.45256
0.524925 0.998105 0.48874 0.516046 0.514031 0.487822 0.507227 0.482014 0.517851 0.527084 0.508503 0.504146 0.471055 0.491343 0.477501 0.512828 0.47218 0.490124 0.493647 0.453284
0.996898 0.730717 0.469767 0.519625 0.481964 0.465011 0.451446 0.484566 0.500653 0.509186 0.539829 0.519691 0.485507 0.494076 0.500439 0.500818 0.525794 0.473382 0.484835 0.471303
0.989458 0.717601 0.466317 0.516964 0.49306 0.458274 0.448411 0.486627 0.489554 0.515309 0.526593 0.522025 0.490921 0.489292 0.486464 0.506462 0.525214 0.484385 0.490724 0.472342
0.475918 0.997681 0.495625 0.50718 0.508629 0.493526 0.513547 0.483289 0.517079 0.530434 0.509356 0.494559 0.464825 0.483642 0.476555 0.504757 0.477411 0.489688 0.490703 0.451051
0.505479 0.999688 0.492916 0.515573 0.512817 0.491414 0.508292 0.480324 0.518976 0.52715 0.510126 0.500817 0.473319 0.482085 0.478446 0.505069 0.472769 0.487935 0.490926 0.452131
0.503438 0.99455 0.495779 0.505155 0.509684 0.492129 0.506648 0.484296 0.514711 0.528191 0.52061 0.501187 0.46863 0.486941 0.48163 0.514953 0.468841 0.492782 0.488601 0.452342
0.507894 0.993776 0.493838 0.505052 0.507713 0.492259 0.506039 0.486587 0.516495 0.527189 0.521812 0.504406 0.471122 0.490456 0.48372 0.515186 0.46667 0.493528 0.490011 0.449981
0.497098 0.982596 0.482021 0.49699 0.508491 0.490911 0.513121 0.483514 0.517938 0.537739 0.50716 0.501347 0.470259 0.497891 0.478014 0.513106 0.476738 0.490697 0.497716 0.456445
0.989767 0.735148 0.469556 0.516479 0.489111 0.461106 0.448262 0.484213 0.492733 0.516812 0.531254 0.519937 0.491026 0.48962 0.487559 0.505589 0.522193 0.481522 0.485128 0.475386
0.47465 0.983009 0.482143 0.496357 0.507892 0.494012 0.516207 0.484296 0.518518 0.536251 0.505296 0.503642 0.469482 0.499997 0.477185 0.513955 0.475356 0.490067 0.498633 0.455523
0.496664 0.999488 0.494133 0.516458 0.512684 0.490861 0.510181 0.479584 0.51757 0.526873 0.508491 0.500516 0.472958 0.483835 0.476859 0.507794 0.473503 0.4883 0.490754 0.452634
0.997891 0.734777 0.467762 0.514486 0.493342 0.467426 0.446259 0.487684 0.495897 0.511001 0.527399 0.519045 0.492688 0.478518 0.492628 0.501119 0.532434 0.477643 0.486176 0.463379
0.41585 0.988087 0.484523 0.506926 0.50247 0.495509 0.525734 0.482287 0.512811 0.535737 0.500427 0.498558 0.465555 0.499651 0.46855 0.516083 0.472018 0.492324 0.498888 0.461147
0.517532 0.999367 0.493342 0.51434 0.513493 0.48869 0.508143 0.481722 0.51904 0.526102 0.509791 0.50114 0.470615 0.487368 0.478936 0.509429 0.475787 0.489388 0.491982 0.449978
0.491833 0.999344 0.493593 0.516089 0.513384 0.491061 0.510664 0.480942 0.517493 0.525748 0.508817 0.503146 0.472724 0.48416 0.477605 0.506625 0.471049 0.488626 0.492427 0.452001
0.988753 0.659465 0.472662 0.523942 0.494702 0.460335 0.456119 0.485913 0.490404 0.507237 0.532705 0.523526 0.482183 0.491239 0.498123 0.495336 0.532706 0.474997 0.490873 0.473839
0.572206 0.994965 0.491697 0.50373 0.512753 0.487191 0.498783 0.490176 0.516013 0.527336 0.516709 0.503472 0.468915 0.491102 0.480595 0.50705 0.474294 0.49296 0.493342 0.44426
0.482004 0.998407 0.491291 0.507155 0.514823 0.492165 0.513646 0.479366 0.518617 0.531428 0.50837 0.495608 0.467387 0.481538 0.474527 0.511005 0.476858 0.492026 0.491847 0.456708
0.529916 0.991147 0.485097 0.506396 0.511229 0.488115 0.507684 0.492116 0.514419 0.529743 0.510178 0.505704 0.465704 0.490964 0.477932 0.502968 0.472649 0.495737 0.501519 0.450529
0.999686 0.77158 0.469972 0.514678 0.488575 0.47531 0.449112 0.486096 0.50556 0.512257 0.532149 0.51429 0.489044 0.485665 0.493354 0.507563 0.53259 0.473064 0.474888 0.468606
0.488319 0.994674 0.486932 0.496871 0.50509 0.493159 0.512695 0.488277 0.511179 0.53717 0.50714 0.492442 0.466819 0.491414 0.465804 0.511767 0.472772 0.497498 0.494343 0.452624
0.468045 0.997829 0.492236 0.508043 0.510051 0.493742 0.514113 0.482313 0.51978 0.53073 0.510392 0.496775 0.466151 0.484157 0.475935 0.506092 0.474413 0.491931 0.492552 0.454075
1 0.769617 0.46872 0.515121 0.486056 0.477039 0.449801 0.48758 0.506024 0.513253 0.534924 0.51345 0.488184 0.490903 0.493931 0.50931 0.531816 0.472764 0.473886 0.470201
0.998055 0.779027 0.468643 0.511773 0.491554 0.470325 0.444695 0.487944 0.499347 0.511078 0.526359 0.518663 0.49441 0.476506 0.4901 0.501936 0.529088 0.47768 0.483184 0.460636
0.999451 0.764256 0.468927 0.514764 0.48956 0.473082 0.449302 0.486003 0.505424 0.511991 0.5321 0.516029 0.48757 0.486789 0.494821 0.507207 0.532033 0.473378 0.477026 0.469347
0.997712 0.700622 0.467033 0.518378 0.491359 0.466889 0.449324 0.486589 0.495147 0.511567 0.53114 0.517101 0.490646 0.486393 0.494756 0.504126 0.535284 0.476421 0.486113 0.468092
0.507979 0.995264 0.49483 0.505219 0.515146 0.490298 0.508404 0.49317 0.509575 0.523764 0.510948 0.50941 0.460761 0.48599 0.481503 0.504602 0.469961 0.492025 0.497726 0.446662
0.998994 0.781422 0.466678 0.514974 0.487867 0.472988 0.448281 0.488806 0.503511 0.510045 0.532262 0.518347 0.488187 0.490685 0.4943 0.509154 0.529004 0.475248 0.481604 0.464745
