0 0 0.0333058 0.774111 0 0.254079 0.767083 0.603096 0.179216 1 0.697951 0.0947888 0.284765 0 0.70223 0.0404446 0 0.45094 0.751989 1
0.23459 0 0.083405 0 0.764243 0.129649 1 1 0 1 1 0.0363918 0.660604 0.262007 0.333112 0 0.15612 0.246965 0.962565 0.825074
1 0.515847 0 0.760704 0 0.698497 0 0.125616 0.468553 0.428117 0.344639 0.492045 0 0.371743 1 1 1 0.17974 0 0.596522
0.24583 0.296337 1 0 0.0376394 0 0.504058 0.319663 0 1 1 0.293455 0 0.841624 1 0 0.88196 0.631397 0.198504 0.358957
0.85875 0.859263 0.863316 0.859244 0.00129247 0.000826302 2.389e-06 0.000101918 1.67211e-07 0.000392421 9.95366e-05 0.000607578 0 4.76397e-05 0.000713864 0.00014895 0.000597058 7.23573e-05 0.000249938 0.000494485
0.789653 0.783773 0.857564 0.794606 0.0127046 0.0254392 3.30244e-05 0.00273424 0.00147644 0 1.13937e-06 0.000385548 0.00620555 0.00692087 0.000969707 0.00698639 0.00295419 0.00329618 0.0021622 0.00871553
0.877552 0.88995 0 0.034216 0.000528896 0.000550619 3.58865e-06 0.0321763 0.0775771 0.00572871 0.000142761 0.00192225 0.000240908 0 0.0126281 0.00665915 0.0334624 0.000424403 0.000138431 0.00202075
0.860127 0.861118 0.733771 0.865758 7.85557e-06 0.000540333 1.5558e-06 5.58921e-05 7.7497e-06 6.82834e-05 0.000454643 0 0.00206255 0.000216355 9.14193e-05 2.1681e-05 0.00040274 1.31836e-06 0.00066515 1.61055e-05
0.744957 0.864763 0.865006 0.86068 0.00101941 0 2.03299e-05 0.000567361 0.00224429 6.51405e-06 0.00316512 0.00161315 0 0.000739432 9.14297e-06 0.000159916 0.000148854 6.92519e-05 0.000595621 0.00334399
0 0 0 0.877195 0.0121466 0.0641411 0.000615189 0.000264734 0.00402675 0 0 0.017196 0.0521752 0 0.0001694 0.00119143 0.0011003 0 0.000166142 0.114522
0.133448 0.0111434 0.0123533 0.286694 0.0444041 0.0306093 0.00018675 0.00330324 0.0108751 0.000111089 0.0144639 0.129626 0.0249464 0.00179339 0.0128675 0.045293 0.0687805 0.00374481 0.00174624 0.0865282
0.864433 0.860121 0.865901 0.692937 0.0258828 0.000257028 9.06805e-06 0.000222912 4.80754e-05 0.000934863 2.83938e-05 0.00105852 4.63582e-05 0.000675521 8.5769e-05 0.000159812 0.000135921 0.000225663 0.000123537 0.000846844
0.8556 0.650021 0.861782 0.861028 0.000144511 0.000300383 4.94319e-06 1.18298e-05 2.52198e-06 9.79377e-06 8.24925e-07 0.000489879 3.10014e-07 0.000140096 0.000393985 3.11419e-05 5.83158e-05 0 3.87403e-05 7.06158e-05
0.220122 0.837081 0.879761 0.258035 0.0467831 0.000608205 0 0.00295751 0.00696035 0.00225692 0.000692846 0.0145767 0 0.00477374 0.00514655 0.00320964 0 0 0.000637532 0
0.253345 0.290936 0.867516 0.8862 0.0326116 0.00147589 0.000227726 0.00870158 0.0159557 0.000637452 0.00163663 0.0203786 0.000594374 0.0031276 0.00043393 0.0299522 0.0265672 0.0101449 0.000486566 0.0365044
0.870321 0.139274 0.865587 0.108953 0.0163781 0.000172286 0.000234594 0.0271715 0.0263946 0.00254795 0.0101154 0.0242575 0.00171132 0.000126859 0.0229343 0 0.051495 0.00180787 0.0010027 0.0225237
0.710308 0.92697 0.788135 0.136554 0 0.0274057 0.000152122 0.0213963 0.0409583 0.00340518 0.00693966 0.00396934 0.00622697 0.0319011 0.0179982 0.0799858 0.0633737 0.00548984 0.00744775 0.0117307
0.261531 0.0992868 0.873743 0.280404 0.0750921 0 0 8.81744e-07 0.0347455 0.00097067 0.00644773 0.00128125 1.82444e-06 0.00477855 0.00367892 0 0.000197388 0 0.000115974 0
0.8617 0.758666 0.862126 0.861545 0.000640403 4.57361e-05 0 1.29817e-05 3.97125e-07 0 2.25443e-06 0.000529389 6.30828e-08 0.000444991 0.000723618 1.98572e-06 0.000251643 1.3054e-07 0 9.29334e-06
0.858874 0.864177 0.25746 0.86116 0.000736389 0.00010021 1.00055e-05 0.000423425 0.00754532 0.000619191 0.000107925 0.00026532 0.000811679 0 4.04786e-05 0.000157582 0.000327736 4.65314e-05 0.000100149 0.00220017
0.254016 0.863985 0.859318 0.860971 0 0.000101911 2.68194e-05 0.00279601 1.32397e-05 0 0.00908188 0.0223566 0.00134293 0.00404165 0 8.4832e-06 0 2.27073e-06 0.000680696 0
0.863115 0.771936 0.748421 0.866144 0.00348577 0.000246942 3.57981e-05 0.0023168 0.00178903 0.000486176 0.000690936 0.000377498 0.00556816 0.0140303 0.00043866 6.63472e-06 0.00104981 0 4.60955e-05 0.00460783
0.859403 0.865967 0.749045 0.764785 0.0102299 0.00024962 4.52377e-06 0.000380642 0.000624645 0.000948439 0.000465794 0.000680262 0.00265737 0.00659763 0.000583239 0.000212179 0.0025814 0.000272193 0.000516371 0.00127791
0.85961 0.0472212 0.0438971 0.0336271 0.00413126 0 5.1582e-05 0.0197709 0.0275893 0.0191627 0.0373036 0.163558 0.151998 0 0.0532339 0.0478047 0 0.0415656 0.00537707 0
0.847611 0.846739 0.698613 0.859468 0.00141338 0.000301457 5.37731e-06 0.000717566 4.47171e-06 0.000160324 0.000626937 1.00158e-05 0.00172613 0.00626972 0.000134601 1.3409e-05 0.000998612 4.53201e-07 0.000616419 7.75899e-06
0.0143491 0 0 0.790964 0.0939721 0.089684 0.000521485 0 0.0306222 0 0.00151232 0.00948807 0 0 0.00302665 0 0.0196189 0 0 0.14604
0.0190456 0.858443 0.0608027 0.0636915 0.0249705 0.272714 7.5389e-05 0.00971788 0.00369707 9.87278e-05 0.00515016 0.0442223 0 0.0101527 0.000347846 0 0.0173 0.00128239 0 0.00783813
0.8598 0.715601 0.864751 0.861648 0.000647351 0 0 2.58398e-05 0 0 3.13986e-06 4.08816e-05 0 0.00048214 0.000553404 0 0.000242706 0 0 0
0.862496 0.863412 0.865095 0.746242 0.022921 0.000452279 1.0882e-05 0.000237003 0 0.000282592 8.16049e-06 0.00146961 5.94852e-05 0.000156846 0 0.000146689 6.77175e-05 0.000251723 0.000102941 0.000139647
0.258183 0.261023 0.882026 0.23236 0.0754872 0.000732922 4.19279e-06 3.47831e-05 0.0352011 0.00106333 0.0063125 0.00181708 1.45086e-05 0.00495473 0.00427184 0.000290848 0.000119923 0.000104213 0 0.0046786
0.869446 0.839815 0.868312 0.700996 0.0286712 0.000218122 1.28059e-05 0.000149963 5.29723e-05 0.000676837 1.40478e-05 0 3.50083e-05 0.000810175 0 7.69289e-06 0.00085249 8.16005e-05 5.3722e-05 0.000921195
0.842791 0.0608605 0.24283 0.857177 0.0186123 0.0163242 0 2.40217e-06 0.0128004 0.000640139 0.0228921 0.0120174 0.0029612 5.79256e-05 0.00225164 0.000246411 0.000518756 0 8.68954e-05 0.0105376
0.102917 0.720582 0.218874 0.820436 0.0554806 0.0717343 0.000294053 0.000301627 0 0.000270118 0.000525296 0.0192549 0.0235795 0.00254637 0.00105489 0 0.0192278 9.72867e-05 0 0.0481739
0.29395 0.27279 0.131516 0.2669 0.00447086 0.0661533 4.66444e-07 0.000478612 0.00531847 4.47457e-05 0.000697531 0.170329 0.0184237 0.00598051 0 0 0.0269396 0.00378265 8.76613e-05 0.000367751
0.805748 0.864932 0.864832 0.862378 0.000226568 0.000552909 1.20145e-05 0.000271934 0.00135643 0 0.000486598 0.00198938 0 0 0.000104294 0.00123407 0 0.000116373 0.000367319 0.00302971
0.864908 0.865409 0.871349 0.225727 0.00551435 2.69167e-05 2.12873e-06 0.000234187 0.000126558 0.00273041 0.000184062 0.00783528 8.08426e-05 0.0135248 9.43852e-05 0.000215466 0.000377028 0.000779477 0.000718511 0.000715469
0.638754 0.865272 0.871857 0.862788 0.00344291 0.000582462 3.51307e-05 0.000546215 0.00304824 0.000118528 0.00941176 0.000701311 0.000372623 0.00358888 5.3798e-05 0 1.71087e-06 0 0.000305657 0.00264303
0.864771 0.250871 0.86032 0.867047 0.000206035 0 3.05756e-08 5.19493e-06 2.61371e-06 8.01069e-06 0.00535724 0 3.17215e-07 8.33188e-05 0 0 0.00029709 0 0.000425209 7.36147e-05
0.7879 0.868335 0.822094 0.878079 0.0053854 0.000599176 2.18801e-05 0.000224255 0.00192933 0.000121488 0.0033736 5.25897e-05 0.000275899 0.00152239 0.000382366 0.00189691 0.000330507 2.45956e-07 0.000455632 0.00063166
0.848706 0.854664 0.872042 0.252234 0.000559784 0.000896069 1.20448e-05 0.0013559 9.08054e-05 0.00249904 0.0009606 0.00723027 0.000443621 0.00864923 0 0.00194383 0 0.000508561 0.000627215 0.000122296
0.863572 0.86177 0.861339 0.762825 0.0183263 0.000590395 4.53011e-06 0.000110079 6.7051e-05 0.000339171 9.10834e-05 0.00181898 0.000218587 0.000681745 0.000245733 0.000308096 0.000711073 0.000344618 0.000284112 0.000219958
0.904483 0.148736 0.0701348 0.223057 0.00342477 0.0354045 1.22005e-05 0.0255383 0.00802666 0.00409129 0.0040524 0.162659 0.00636731 0.0544539 0.00703861 0.0243648 0.0636688 0.00197913 0.00069401 0.000156183
0.868997 0.849483 0.868747 0.262884 0.00111957 0.000111805 9.83838e-06 0.00245367 0 0.00232123 0.000603718 0.00592181 2.2319e-05 0.00228238 0 0.00187317 0 0 0.000109362 0.000244592
0.131651 0.86197 0.858712 0.681801 0.0129966 0.0116458 2.8416e-06 0.00595785 0.000584148 4.89817e-05 0.00100071 0.0429321 8.18992e-05 0.000256812 0.00470068 0.0110554 0.00779122 0.000234921 4.83869e-05 0
0.277805 0.292411 0.875645 0.87202 0.016019 4.39397e-05 3.65192e-05 0.00345649 0.00410056 2.57663e-05 0.0119931 0.028958 0.000182625 7.33014e-05 0.000532849 0.00188257 0.00954063 0.000498931 2.79514e-05 0.0108713
0.863392 0.880493 0.0886159 0.292205 0.000751597 0.000638522 5.96752e-06 0.0218448 0.0528082 0.00423028 0.000128096 0.00170822 0.000390731 0 0.00867916 0.00596126 0.0224944 0.000267341 0.000115156 0.00187094
0.254016 0.863985 0.859318 0.860971 0 0.000101911 2.68194e-05 0.00279601 1.32397e-05 0 0.00908188 0.0223566 0.00134293 0.00404165 0 8.4832e-06 0 2.27073e-06 0.000680696 0
0.817814 0.895099 0.262521 0.277046 0.000358398 0.000639517 1.59166e-06 0.0233355 0.045668 0.00483021 0.000152116 0.00481398 0.000478324 0.00389224 0.00823644 0.0142384 0.0119034 0.000160405 0.000235859 0.000408331
0.863364 0.860735 0.742787 0.860826 0 0.000687086 0 0.000115402 0 9.17072e-05 0.000260555 2.03665e-05 0.00173473 0.000212567 0.0001012 7.54313e-06 0.000419677 7.30719e-06 0.000522739 2.69568e-05
0.868883 0.281061 0.845198 0.283698 0.000571889 0.00390158 2.67814e-05 0.0136511 0.0142533 0.0023538 0.00691286 0.0140681 0.00396669 0.00759079 0.00934434 0.00201152 0.00387074 0.000321037 0.000407534 0.00206464
0.143333 0.167186 0.0179205 0.863173 0.00959667 0.0551985 0.00051263 0.000577315 0.00624256 3.91057e-05 0 0.016397 0.0502884 0.00400032 0.000698782 0.00116241 0.00215808 0 0 0.0961696
0.858874 0.864177 0.25746 0.86116 0.000736389 0.00010021 1.00055e-05 0.000423425 0.00754532 0.000619191 0.000107925 0.00026532 0.000811679 0 4.04786e-05 0.000157582 0.000327736 4.65314e-05 0.000100149 0.00220017
0.854323 0.862847 0.63645 0.86061 9.29413e-05 0.000441141 5.36983e-06 0 0.000242223 0.000125942 0.000919165 9.24621e-05 0.00398247 0.000434515 4.57176e-05 8.26123e-05 0.00141694 0 0.000896821 3.4621e-05
0.878777 0.240678 0.880232 0.282982 0.00775737 0.00736663 0.000140236 0.0154103 0.0152426 0.0013987 0.0114698 0.0147302 0.00297492 0.000796364 0.0133267 0.000442137 0.0264716 0.00169845 0.000806935 0.018384
0.0956014 0.0366629 0.101186 0.289167 0.0556075 0.0399396 0.000248256 0.000285857 0.0162087 0.000583366 0.00619833 0.0625198 0.0379863 0 0.000187052 0.0326975 0.0844403 0.0059113 0.00043961 0.0657567
0.716838 0.865246 0.856469 0.860605 0.00107275 0.000114923 2.44449e-05 0.000642318 0.0025238 3.71277e-05 0.00453932 0.00190259 8.05707e-05 0.00199688 6.56399e-05 0.000408964 0.000218746 5.70008e-05 0.000536307 0.00257039
0.0325056 0.187153 0.876226 0.13789 0.0971759 2.16736e-05 4.56766e-05 0 0.0478178 0.00193311 0.00858647 0.00429375 0.00212598 0.00886993 0.00129804 0 0 0 0.000784826 0
0.859711 0.704195 0.864971 0.860817 0.000740351 0 0 2.37707e-05 2.79723e-06 1.08752e-05 3.85778e-06 0 3.49252e-07 0.000529686 0.000497403 0 0.000291213 0 0 8.3595e-05
0.855542 0.637614 0.864084 0.860612 0.000337282 0.000133893 3.84228e-06 2.59119e-05 5.81103e-06 1.85377e-05 2.80303e-06 0 7.21662e-07 0.000398637 0.000280142 0 0.000119912 0 2.69863e-05 0.000158435
0.85398 0.859436 0.644775 0.863433 5.65344e-05 0.00041289 5.99136e-06 0 0.000237074 0.000144011 0.001051 8.98048e-05 0.00396225 0 0 3.21545e-05 0.00142324 0 0.00110544 1.69209e-07
0.860956 0.737973 0.860513 0.861053 0.00043965 0.000232037 1.76118e-06 1.2427e-05 5.26696e-07 1.77165e-06 1.10532e-06 0.00100027 7.27596e-08 0.000277645 0.000710078 4.85788e-05 0.000199037 1.85162e-06 2.17888e-05 1.45858e-05
0.868997 0.849483 0.868747 0.262884 0.00111957 0.000111805 9.83838e-06 0.00245367 0 0.00232123 0.000603718 0.00592181 2.2319e-05 0.00228238 0 0.00187317 0 0 0.000109362 0.000244592
0.845622 0.255753 0.22273 0.839151 0.0246519 0.00996409 1.55854e-05 2.87925e-06 0.0102841 0.000631588 0.0112988 0.00630673 0.00148017 0 0.00128975 0.00940472 0.0159067 0 0.000330966 0.0135127
0.727853 0.851114 0.864733 0.78285 0.0165854 0.00021301 5.94547e-05 0.000343792 0.00191205 0.0012758 0.00484002 0.000815354 0.00202214 0.00216868 0.000152658 0.00509785 2.10088e-06 0.000428486 0.00101621 9.86437e-06
0.864771 0.250871 0.86032 0.867047 0.000206035 0 3.05756e-08 5.19493e-06 2.61371e-06 8.01069e-06 0.00535724 0 3.17215e-07 8.33188e-05 0 0 0.00029709 0 0.000425209 7.36147e-05
0.864912 0.866514 0.865192 0.698946 0.0258472 0.000253876 9.64581e-06 0.000238432 5.52392e-05 0.000868309 2.62333e-05 0.00114569 3.19741e-05 0.00110657 4.53592e-05 0.000140128 0.000224782 0.000236086 0.000108116 0.000799176
0.858882 0.861558 0.684314 0.867535 0 0.000485644 3.78265e-06 0 8.55442e-05 9.44587e-05 0.000770093 0 0.00319173 0 0 0 0.000850307 1.31836e-06 0.000945708 1.53546e-05
0.196523 0.232104 0.236396 0.165883 0.0614444 0.00170112 0.00015004 0 0.0261973 0.000849502 0 0 0 0.00155548 0.00345733 0.0249199 0.105217 0 0.0014565 0.0397773
0.144781 0.00742032 0.00179949 0.000654018 0.00436181 0.0298433 0.000342777 0.0267052 0.0138407 0.00269525 0.00602288 0.149898 0.0321853 0.0139681 0.00777077 0.000287395 0.0802685 0.00238923 0.000751895 0.0506818
0.856249 0.634034 0.862431 0.859599 0.000286793 0.000227259 4.96753e-06 2.56799e-05 7.20336e-06 2.59598e-05 2.22644e-06 4.35189e-05 8.89037e-07 0.000376976 0.000303404 1.82415e-05 0.000154173 0 4.47913e-05 0.000206099
0.120551 0.827223 0.269171 0.103671 0.0390137 0.223498 0 0 0 0 0 0.0640048 0 0 0 0.00240467 0.024068 0 0 0
0.123993 0.0817651 0.843993 0.849224 0.0544843 0 0.00038992 0.0100937 0.0235704 2.61416e-05 0.000379641 0.0113543 0.00478015 0.000198467 0 0.0665433 0.0489048 0.0263315 0.000195206 0.0454651
0.893638 0.703733 0.876384 0.81255 0.00382028 0.000319751 2.32738e-07 0.000316142 1.19206e-05 0.00101287 0.000286831 0.00253413 0.0025737 0.000260148 0.000533248 0.000165826 0 0.000108886 8.12992e-05 0
0.862368 0.867127 0.75922 0.851703 0.00121176 0.000683601 1.47275e-06 0.000110265 4.59394e-05 2.6634e-05 0 3.20733e-05 0.0013849 0.000356812 0.000215788 8.02338e-05 9.39008e-05 0 6.65061e-05 1.97857e-05
0.858874 0.864177 0.25746 0.86116 0.000736389 0.00010021 1.00055e-05 0.000423425 0.00754532 0.000619191 0.000107925 0.00026532 0.000811679 0 4.04786e-05 0.000157582 0.000327736 4.65314e-05 0.000100149 0.00220017
0.861125 0.862021 0.777392 0.861687 2.76119e-05 0.00064685 0 8.56118e-05 1.59867e-06 5.32684e-05 0.000141844 2.2581e-05 0.00119921 0.000263903 0.000402285 6.46403e-05 3.56458e-05 4.08251e-06 0.000343929 6.30413e-06
0.275518 0.869854 0.854724 0.817424 0.00273448 0.00351983 1.12473e-05 0.00261369 0 0 0.00690689 0.0259583 0 0.00372409 0 0.000703941 8.72013e-06 0.000125979 0.000533734 0
0.864103 0.869459 0.864239 0.676985 0.0275478 0.000139087 1.53741e-05 0.000314869 0.000112555 0.00103725 1.61413e-05 0.00141964 0 0.00114503 2.26796e-05 0.00016213 7.85321e-05 0.000313112 0.000101705 0.000906262
0.696362 0.860955 0.860719 0.854374 6.31914e-05 0.000329967 3.7904e-05 0.000589012 0.00214408 1.8826e-05 0.00619671 0.00182683 0.000401418 0.00357634 2.33105e-05 0.000103187 2.09818e-05 3.79509e-05 0.000674341 0.00192764
0.204887 0.253957 0.17334 0.733834 0.0574989 0.0554557 0.000392061 0.00261495 0.0232598 0.000941079 0.00628104 0.0663639 0.0156807 0.00444502 0.0018543 0.000579534 0.00409 3.04219e-06 0.00056982 0.0701037
0.643291 0.868686 0.867324 0.861839 0.00418155 0.000454782 3.64197e-05 0.000528833 0.00297074 0.000131296 0.00885664 0.00135558 0.000247121 0.00425766 0 0 2.16204e-05 9.64228e-06 0.000406979 0.00184295
0.855567 0.859852 0.703244 0.857735 0.000134587 0.000433175 3.29914e-06 7.14e-05 0.000244448 9.05566e-05 0.000466704 0.000152613 0.00246934 0.000883041 0.000144044 0.000145594 0.00085878 0 0.000498851 4.65322e-05
0.0502863 0.113961 0.12397 0.121909 0.0956481 0.000331006 0.000353445 0 0.013253 0.000401281 5.96387e-05 0.0729937 0.0219243 0 0 0 0.113607 2.86317e-05 0.000280994 0.0466695
0.203567 0.845787 0.867 0.885442 0.00260947 0 8.40594e-05 0.00379141 0.000362149 0.0022488 0.013953 0.0150465 0.00736347 0.00439117 0 0.000745942 0 0 0.00144049 0.000554351
0.858453 0.880893 0.101423 0.870498 0.00121813 0 1.24357e-05 0 0.0115715 0.000683984 0 0 0 0.000219761 0 0.000317803 0 0 6.42783e-05 0.00356393
0.868997 0.849483 0.868747 0.262884 0.00111957 0.000111805 9.83838e-06 0.00245367 0 0.00232123 0.000603718 0.00592181 2.2319e-05 0.00228238 0 0.00187317 0 0 0.000109362 0.000244592
0.867685 0.20931 0.860148 0.871874 0.000270598 0 3.75388e-07 1.62245e-06 0 3.57481e-06 0.00410546 0 0 0 0 0 0.00021491 0 0.000419966 5.85702e-06
0.858874 0.864177 0.25746 0.86116 0.000736389 0.00010021 1.00055e-05 0.000423425 0.00754532 0.000619191 0.000107925 0.00026532 0.000811679 0 4.04786e-05 0.000157582 0.000327736 4.65314e-05 0.000100149 0.00220017
0.864771 0.250871 0.86032 0.867047 0.000206035 0 3.05756e-08 5.19493e-06 2.61371e-06 8.01069e-06 0.00535724 0 3.17215e-07 8.33188e-05 0 0 0.00029709 0 0.000425209 7.36147e-05
0.830387 0.191588 0.735459 0.141433 0.0128116 0.000559131 0.000201221 0.0388915 0.0519568 0.00325301 0.0133833 0.0317873 0.00512285 0.00499355 0.0288033 0.0067564 0.0547475 0.0034095 0.000352893 0.0257923
0.855167 0.771279 0.22527 0.884737 0.0123745 0.00317727 2.78966e-05 0.0021743 0.0134525 0.000809964 0.000514759 0.00198583 0.000452342 0.00344957 0.000402241 0.00100656 0.00257036 6.37701e-05 0.000261357 0.00398734
0.263173 0.870706 0.719205 0.881177 0.000846142 0.0277096 9.12064e-05 0.00705745 0.00404198 0.00197188 0.00662148 0.0246053 0.00896807 0.00569052 0.00217607 0.00157579 0.00471116 0.00332801 0.00177944 0.000254238
0.779625 0.862472 0.861975 0.85205 1.45217e-05 0.000353355 1.42147e-05 0 0.000634462 2.82439e-06 0.00209069 0.00138987 0.000866003 0 0 0 9.96349e-05 0 0.000646757 0.00290446
0.227308 0.135803 0.0790242 0.857249 0.0122015 0.0547736 0.000455113 0.000154547 0.00255975 0 0 0.01369 0.0313171 0.00121405 0.000119824 4.37603e-05 0.00223512 3.09314e-05 9.66236e-05 0.0980495
0.854263 0.859249 0.295364 0.701009 0.000614473 0.000463423 7.96086e-06 0.00618004 0.0157793 0.00164312 0.00016464 0.00101242 0.00108196 0 0.00240561 0.00263036 0.00609088 0.000101671 0.00011395 0.00127877
0.863023 0.866928 0.862339 0.731006 0.0178266 0.000479925 4.30487e-06 9.65481e-05 0.000146452 0.000828924 0.000124566 0.00238819 0.000149049 0.000698006 0.000334019 0.000408553 0.000630317 0.000439262 0.000359057 0.000625815
0.722889 0.861172 0.867882 0.855739 0.000105539 6.66963e-05 2.0509e-05 0.000494229 0.00236744 2.79263e-05 0.00443966 0.0014601 0.00018073 0.00179736 8.2676e-06 0.000110458 7.52129e-05 3.65333e-05 0.000293995 0.00309814
0.0911642 0.264378 0.879121 0.0222946 0.0914212 0.0105667 9.75812e-05 0.000475462 0.0481736 0 1.19227e-05 0.015236 0.0017 0 6.8635e-06 0.000116288 5.71521e-05 0 1.05586e-06 0.000123632
0.860881 0.859118 0.757131 0.280567 0 0.0015385 5.44014e-06 0.00181121 0.00279849 0.00268112 0.000531721 0.00763526 0.0015464 0.0227947 0.00105988 0.00119196 0.00286031 0.000356165 0.000820843 0.000476911
0.743798 0.864069 0.865212 0.857899 0.000483037 5.76775e-06 2.48551e-05 0.000554534 0.00204056 0 0.00334923 0.00172865 9.51214e-05 0.00129604 0 6.69718e-05 9.37394e-05 6.63835e-05 0.00067661 0.0030156
0.85903 0.0603649 0.124554 0.12425 0.00257597 0.000260153 9.27139e-06 0.0163517 0.0167396 0.0131042 0.0550582 0.201142 0.0857448 0.00194673 0.0583897 0.032424 0 0.0272344 0.004649 0
0.900939 0.177228 0.108347 0.219486 8.35778e-05 0.0333245 9.62854e-07 0.0245771 0.00379011 0.00408385 0.00403571 0.161423 0.0063582 0.0504798 0.00629804 0.0238403 0.0612088 0.00196864 0.0007478 7.26698e-05
0.860158 0.73661 0.862849 0.861471 0.000593183 6.88734e-05 0 1.28111e-05 3.34421e-07 6.63819e-07 2.45626e-06 0.00043571 5.31224e-08 0.000388456 0.00063531 0 0.000210509 0 0 9.91773e-06
0.828416 0.859846 0.875338 0.241584 0 0.00168033 1.42512e-05 0.000258126 0.000181611 0.00267685 0.00131748 0.00853872 0.000864923 0.0150161 0 0.00201448 0 0.00101712 0.00114507 0
0.271038 0.846231 0.903483 0.693103 0.024832 0.000296302 5.01245e-06 0.00437414 0.000221966 0.000979911 0.00232953 0.0312053 0.000395732 0.00198915 0.000106608 0.00550834 0 0 0.000851128 0
0.778209 0.295929 0.28225 0.169394 0 0 0 0.00119818 0.00372259 0.00783663 0.0443438 0.190588 0.0467467 0.00631407 0.037657 0.0466671 0.0266934 0.00943304 0.00175904 0.0195823
0.772405 0.867759 0.868004 0.854495 0 0.000740825 5.83745e-06 0 0.00112922 1.99651e-05 0.00276582 0.00159485 0.000699914 0 0 7.98546e-05 0 0 0.000314835 0.00307271
0.868997 0.849483 0.868747 0.262884 0.00111957 0.000111805 9.83838e-06 0.00245367 0 0.00232123 0.000603718 0.00592181 2.2319e-05 0.00228238 0 0.00187317 0 0 0.000109362 0.000244592
0.729827 0.783366 0.864348 0.879412 0.00627553 0.0278885 1.20546e-05 0.000397919 0.00131888 0.000135245 0.0013381 1.7899e-05 0 0.0041771 0.000180329 0.00455842 0 0 0.000707123 0.0105429
0.861506 0.870171 0.862652 0.714067 0.0215937 0.000404625 5.73658e-06 0.000216099 6.12164e-05 0.000853045 6.20202e-05 0.00193645 8.79673e-05 0.000480801 0.000182371 0.000304842 0 0.000346356 0.000228598 0.000549029
0.857369 0.715448 0.860602 0.860074 0.000125245 0.000320103 4.43518e-06 6.77016e-05 2.81313e-06 0 0 0.00116739 0 0.000257242 0.00058766 0.000158707 0 0 0 5.67615e-05
0.864969 0.858919 0.868194 0.663391 0.0288705 0.000121322 9.96949e-06 0.00025527 3.71266e-05 0.00120763 6.08288e-06 0.000701936 0 0.000661576 2.84668e-05 0.000100799 0 0.000173572 6.2718e-05 0.00114756
0.25706 0.85028 0.169261 0.306538 0 0.168421 4.1007e-05 0.00423892 0 0 7.01612e-05 0.0145456 0 0.0122246 0 0.0176174 0.0248331 0.00544146 0.00102067 0.0154715
0.687171 0.841739 0.768389 0.854594 0.0187899 0.00361213 6.00765e-05 0.00138679 0.00290947 0.00144779 0.00670153 7.52687e-05 0.015175 0.011225 0.000966357 0.00398658 0.00311152 0.0148407 0.000768234 0.00300322
0.690904 0.863399 0.86507 0.856035 0.00105744 0.000411022 3.09797e-05 0.000524982 0.00242604 5.96404e-05 0.00655374 0.00134475 0.000341668 0.00298274 2.87142e-05 6.58168e-05 2.10812e-05 1.76333e-05 0.000441152 0.00268014
0.860635 0.121534 0.201814 0.280684 0.0101384 0 2.27578e-06 0.0108638 0.00828535 0.00742613 0.0418722 0.120843 0.0337259 0.00231489 0.0425937 0.044121 0.0232425 0.0128429 0.00420657 0.0186254
0.802842 0.242428 0.871548 0.85546 0.00699244 0.000708268 1.32252e-05 0.000986792 0.000916295 5.15775e-05 0.00779034 0.00419823 9.23567e-05 2.86367e-05 0.000578729 0.000722513 0.00279027 9.33071e-07 0.000416005 0.00701018
0.85866 0.714568 0.863446 0.861367 0.000538884 0.000100738 5.1014e-07 1.24445e-05 2.50816e-07 1.47938e-06 2.58811e-06 0.000372168 3.98418e-08 0.000325966 0.000551097 6.37485e-07 0.000170007 0 4.7398e-06 1.0053e-05
0.654294 0.863005 0.862707 0.857898 0.00173188 0.00058785 4.52149e-05 0.000615005 0.00248448 6.41266e-05 0.00868276 0.00144743 0.000497365 0.0044721 4.60757e-05 4.79579e-05 0 1.96843e-05 0.000680172 0.00170009
0.851773 0.250452 0.226452 0.868152 0.0186824 0.0164155 0 1.97238e-06 0.0127947 0.000653527 0.0144558 0.012616 0.00296033 0 0.00247449 9.44719e-05 0.000432784 0 0 0.0104949
0.289887 0.832918 0.881095 0.18517 0.013053 0.0194047 0.000110795 0.000275319 0.0166422 6.11219e-06 0.000904178 0.0713878 0.00418388 0.0048511 8.17271e-05 0.000718187 0.0113051 0.00269845 0.000163532 0.00762069
0.218588 0.213692 0.232819 0.183419 0.0614733 0.000949602 0.000147808 0.000357052 0.0261064 0.000671899 0 0 0 0 0.00345733 0.0243562 0.105228 0 0.000916891 0.03981
0.859794 0.862342 0.756731 0.858943 6.30794e-05 0.000635156 0 0.00011599 2.25045e-05 6.26273e-05 0.000156387 3.79935e-05 0.00143775 0.00042137 0.000285909 8.17586e-05 0.000221244 0 0.000285503 1.68188e-05
0.86939 0.842606 0.331555 0.678775 0.0185819 0.00380877 0 0.000933262 0.0141035 0.00213557 0 0.00646176 0 0 0.0016535 0.00139756 0.00157281 9.13659e-05 0.000249582 0
0.254016 0.863985 0.859318 0.860971 0 0.000101911 2.68194e-05 0.00279601 1.32397e-05 0 0.00908188 0.0223566 0.00134293 0.00404165 0 8.4832e-06 0 2.27073e-06 0.000680696 0
0.880499 0.775643 0.865046 0.304588 0 0 2.2097e-05 0 0 0.00190735 0.00111115 0.00769264 0 0.00798802 0 0 0.00298724 0 0 0
0.874224 0.249884 0.847599 0.867877 0 0.000316741 5.1913e-06 0 1.02329e-05 2.56105e-05 0.00368514 0.00108125 1.31374e-06 0 0.000103129 0.000176893 0.000281314 5.50597e-06 0.00060867 0.000298199
0.696401 0.878389 0.228318 0.8708 0.0127784 0.00125424 0.000123653 0.00713515 0.0129088 0.00150632 0.00112474 0.000629221 0.0241377 0.0134098 0.00183833 0.0177248 0.0074404 0.00498505 0.00086342 0.0029309
0.80157 0.86952 0.750404 0.864617 0.0112406 5.15176e-05 1.79206e-05 0.00204466 0.00282647 4.4805e-05 0.00194709 0.00102964 0.000275011 0.0119058 0.000559343 0.00168937 0.000327379 0.000201936 9.38937e-05 0
0.293135 0.292337 0.147535 0.87938 0.0124312 0.0389667 0.000367006 0.00101727 0.00297094 2.09872e-05 2.51683e-05 0.0100254 0.0334203 0.00196986 0.000310824 0.000668478 0.00120294 2.35031e-05 0.000284859 0.0679425
0.633261 0.86403 0.863701 0.85966 0.00256622 0.000716791 4.88703e-05 0.000628002 0.00265468 8.6777e-05 0.00992579 0.00125774 0.000545338 0.00491998 5.74583e-05 2.03433e-05 0 1.05509e-05 0.000683087 0.00158631
0.263619 0.863712 0.866644 0.848987 0.0024655 0.000162592 8.55678e-06 0.00255059 0 0.000205454 0.00731367 0.0256493 0.000366255 0.00240413 1.96235e-05 0.000506921 1.02645e-05 1.21688e-05 0.000741984 0
0.864783 0.787695 0.857632 0.86044 0.000510027 0.000234243 5.39578e-07 1.49264e-05 0 1.79688e-06 5.63496e-07 0.00132148 0 0.000429211 0.000924036 5.18266e-05 0.000314884 1.97739e-06 2.10393e-05 2.29971e-06
0.293345 0.0738474 0.853455 0.81468 0.0377636 5.19956e-06 0.000345516 0.00614293 0.0208725 3.8899e-06 0.00503196 0.00168163 0.00486171 4.3907e-05 0.000233405 0.0570552 0.0393302 0.0244184 0.000205867 0.0292523
0.862391 0.862193 0.863757 0.773821 0.0168886 0.000611299 5.40832e-06 9.84503e-05 7.63452e-05 0.000216604 9.17223e-05 0.00188731 0.000146974 0.000265411 0.000225087 0.000368315 0.000679447 0.000468778 0.000323703 0.000206108
0.862054 0.744701 0.859595 0.861044 0.000323394 0.000287583 2.80971e-06 1.90276e-05 0 0 0 0.00122325 0 0.000245457 0.000753071 0.000104388 0.00014731 4.06487e-06 4.81286e-05 0
0.242001 0.86749 0.858477 0.864286 0 0 2.89383e-05 0.00291374 0.000232123 9.79096e-05 0.0095852 0.0221662 0.00166269 0.00414398 0 2.37985e-05 0 0 0.000669223 0
0.773156 0.193653 0.13915 0.0463704 0.0134119 0 0.000151745 0.00853912 0.023583 0.00796433 0.0491786 0.214113 0.0931519 0 0.0618531 0.0190508 0.0086194 0.0164062 0.00341397 0.00591267
0.862658 0.869036 0.833331 0.681085 0.0237986 0.000172329 6.71156e-06 0.000419112 0.00054456 0.00134267 0.000186703 0.00104611 0.0011935 0.00690379 0.00053405 0.000207281 0.00225642 0.00035031 0.000184077 0.00162543
0.728097 0.862195 0.856954 0.86037 0.000210729 0 2.50438e-05 0.000636415 0.00240703 1.37916e-05 0.00367344 0.00209389 3.44264e-05 0.00178177 0 0.000121335 0.000222947 7.68631e-05 0.000737202 0.00259012
0.862305 0.241403 0.864096 0.617704 0.00354027 0.00296008 6.67675e-05 0.00768756 0.00719239 0.000646186 0.00572423 0.00744463 0.00147932 0.000296797 0.00629981 8.3681e-06 0.013421 0.000745013 0.000614019 0.00481404
0.26321 0.668292 0.862619 0.867046 0.0266643 0.00524979 0.000103146 0.00628347 0.00484814 0.000632063 0.00972459 0.0158073 0.00320804 0.00156751 9.77219e-05 0.0147034 0.0113299 0.00902543 0.000524065 0.013872
0.861112 0.861053 0.738856 0.863305 3.64161e-06 0.000623647 2.8736e-07 0.000123381 0 9.06754e-05 0.000363417 0 0.00182322 6.70877e-05 0.000114701 6.79193e-06 0.000356081 1.7724e-06 0.000580616 8.44388e-06
0.868124 0.718288 0.747457 0.892037 0.00333462 2.27038e-05 3.35936e-05 0.00662801 0.00256512 0.000296955 0.000371372 0.000205958 0.00203034 0.0125214 0.000533963 0.00301907 0.00100784 0.000992365 0.00106979 0.00801478
0.864771 0.250871 0.86032 0.867047 0.000206035 0 3.05756e-08 5.19493e-06 2.61371e-06 8.01069e-06 0.00535724 0 3.17215e-07 8.33188e-05 0 0 0.00029709 0 0.000425209 7.36147e-05
0.878161 0.757193 0.863338 0.316628 0.000774291 0 3.46953e-05 0 0 0.00153275 0.00103236 0.00777589 2.57841e-05 0.00952558 0 0 0.00592909 0.000225401 0.000189633 5.10539e-05
0.864771 0.250871 0.86032 0.867047 0.000206035 0 3.05756e-08 5.19493e-06 2.61371e-06 8.01069e-06 0.00535724 0 3.17215e-07 8.33188e-05 0 0 0.00029709 0 0.000425209 7.36147e-05
0.759204 0.731853 0.932911 0.755131 0.0169572 0.0382806 4.87236e-05 0.00308362 0.00182535 0 0 0.000191264 0.00828801 0.000756473 0.00117966 0.010582 0.00432752 0.00494794 0.00331212 0.0130574
0.862956 0.860274 0.865385 0.775705 0.0187504 0.000631406 6.11364e-06 9.21539e-05 3.52102e-07 8.06739e-05 5.53352e-05 0.00135588 0.000151822 0 0.000143101 0.000292101 0.000502491 0.000369558 0.000256296 5.0498e-05
0.865894 0.858707 0.851923 0.819414 0.0100008 0.000625291 9.41912e-06 9.62053e-05 1.67778e-07 2.11212e-05 0 0.00205601 0 0 0.000391468 0.00033039 0.00021825 0.000214761 0.000241649 3.55448e-05
0.858734 0.863892 0.647492 0.864242 0 0.000634895 3.99495e-06 0 4.85649e-05 0.00014149 0.000996011 0 0.00387502 0 0 0 0.00132606 4.87647e-06 0.00113251 4.91623e-06
0.250359 0.251594 0.876396 0.274214 0.0750067 6.40131e-06 8.42165e-07 1.89597e-05 0.0347705 0.00100594 0.00362298 0.0018571 6.15425e-06 0.00486076 0.00390796 7.81473e-05 0.000151895 0 0 0.000271461
0.13823 0.0432743 0.908189 0.0500213 0.128814 0 0 0.000695752 0.0480934 0.000351565 0.000967673 0.00117483 0 0.0042744 0.00157789 5.34727e-05 0 0 0.00012637 0
0.860761 0.741725 0.860627 0.860917 0.000473451 0.000265485 1.76702e-06 0 0 0 6.93533e-07 0.00123094 0 0.000122031 0.00074136 9.31881e-05 0.000207489 3.57296e-06 2.61441e-05 0
0.858021 0.858786 0.712725 0.865365 7.85557e-06 0.000459072 3.19791e-06 0.000122686 1.93072e-05 8.15513e-05 0.000552344 1.65124e-05 0.00235181 0.000151797 0 2.58436e-05 0.000594841 9.06401e-07 0.00072396 1.5518e-05
0.868816 0.899879 0.204135 0.285367 0 0 0 0.0213279 0.0466222 0.00412609 4.01541e-05 0.000522044 0.00113969 0 0.00802086 0.00544608 0.0201741 0.000301981 0.000180246 0.00042966
0.857978 0.682364 0.863532 0.860861 0.000462414 0.000109525 1.97352e-06 2.20995e-05 1.31627e-06 8.30632e-06 2.57185e-06 9.88801e-05 1.51193e-07 0.000390984 0.000453954 0 0.000182801 0 1.69225e-05 4.78441e-05
0.0736276 0.831667 0.268044 0.237924 0.0360235 0.188352 5.77558e-05 0.000191592 0.000662695 0.000654643 0.0124976 0.0452625 0.000255067 0.00117047 0 0 0.0274247 0 0 0.00128621
0.0205512 0.0590019 0.851871 0.0623863 0.12898 0.00185272 0.000112115 0.00102334 0.0588994 0.000114087 0.00442872 0.00607781 0.000102705 0.00636716 1.59546e-06 0.00456298 0 0.00290951 0 0
0.846575 0.83141 0.235178 0.87682 0.00403398 0.000160142 2.34793e-05 0.0014585 0.00901944 0.000707733 0.000532503 0.000243391 0.00161688 0.00172111 0.000215156 0.000590052 0.00174791 8.60822e-05 0.000533222 0.00251969
0.650982 0.723027 0.863627 0.857575 0.00702046 0.000181702 5.86767e-05 0.00621147 0.000598891 0.000213778 0.00283957 0.00926496 0.000185624 0.00243001 0.000827752 0.00088447 0 8.87399e-06 0.00105544 0.00901427
0.855964 0.649206 0.862195 0.860742 0.000220506 0.000258842 4.66023e-06 1.74692e-05 3.9206e-06 1.50082e-05 1.52568e-06 0.000335819 4.8464e-07 0.0002467 0.000370693 3.11419e-05 0.000101698 0 3.87403e-05 0.000112413
0.857531 0.679131 0.862501 0.860314 0.000427276 0.000210561 3.12539e-06 4.74259e-06 6.97704e-06 1.61953e-05 1.86026e-06 0.000432921 8.84847e-07 0.000205736 0.000475353 2.47912e-05 0.000157089 3.96395e-07 2.44539e-05 0.00017487
0.864629 0.858297 0.867565 0.67051 0.0283144 0.000153887 1.01814e-05 0.000255127 3.71266e-05 0.00112539 7.55048e-06 0.000779746 5.84539e-06 0.000570123 2.84668e-05 0.000113506 0 0.000173572 7.29744e-05 0.00104293
0.797154 0.859306 0.71886 0.72093 0.0261761 0.00699437 0.000143651 0.00898424 0.0167365 0.000858792 0.00438673 0.0020796 0 0.00795395 0.0068487 0.00068192 0.0205447 0.00199091 0.00145043 0.000791461
0.214739 0.854165 0.881479 0.865455 0.00181949 0 2.72633e-05 0.0027781 0.000387232 0 0.0107146 0.0223176 0.00177719 0.00265579 0 0 0 0 0.000809044 0.000253928
0.709913 0.862301 0.862709 0.854208 0 0.000274005 3.22644e-05 0.000566859 0.00215136 2.65507e-05 0.00541437 0.00171121 0.00035593 0.00283043 4.0202e-05 9.39635e-05 1.55888e-05 3.92788e-05 0.000562602 0.0024023
0.84871 0.853039 0.631562 0.860786 7.05974e-05 0.000321192 7.53052e-06 3.1171e-05 0.000231631 0.000200761 0.00127789 0.000105792 0.00407974 0 0 0 0.00175595 0 0.00127823 0
0.14418 0.125653 0.303834 0.819581 0.0544166 0.022634 0.000266649 2.88607e-06 0.0277712 0.00288869 0.00873742 0 1.18028e-06 0.013749 0.00567871 0.077815 0.0451559 0.0137291 0.000657564 0.0849134
0.863348 0.862272 0.861263 0.734718 0.0215271 0.000455673 9.58295e-06 0.000192476 8.91116e-05 0.000534289 6.38867e-05 0.00178541 9.34443e-05 0.000551661 0.000153817 0.000269165 0.000391492 0.000326875 0.000225592 0.000318021
0.747028 0.252818 0.872075 0.0230623 0.0124051 0.00231086 3.36785e-06 0.000863469 0.0537919 0.000894704 0 0.00067685 0.00404543 0.00248299 1.48771e-05 0.0287941 9.63644e-05 0.000108 0.000626902 5.68772e-05
0.859002 0.85867 0.695731 0.863956 3.62811e-06 0.000395661 5.01558e-06 0.000181585 0.000197377 6.28072e-05 0.000571713 0.000111748 0.00296514 0.000705742 0.000135003 0.000101399 0.000872527 2.3015e-05 0.000733917 7.08415e-05
0.0412867 0.236246 0.85914 0.894632 0.0402608 0.00310239 0.000269463 0.0111728 0.0158369 0.00100044 0.00368546 0.0255776 0.00382743 0.0022303 0.000402326 0.0368718 0.0309401 0.0144109 0.000796269 0.0386794
0.859926 0.735378 0.862991 0.861629 0.000567441 7.21984e-05 2.70436e-07 1.4339e-05 7.90044e-07 8.79687e-07 2.36596e-06 0.000433098 1.09139e-07 0.000392838 0.000619568 6.0664e-06 0.000187504 2.65684e-07 4.5962e-06 1.76952e-05
0.733858 0.855116 0.674663 0.894811 0.0122083 0.00752098 9.38818e-05 0.00533222 0.00957082 6.47446e-05 0.00518207 0.00131615 0.00697189 0.0156481 0.0040772 0.000709052 0.0108425 0.00810906 0.000786598 0.00216561
0.121233 0.836657 0.197011 0.257101 0.0241064 0.213447 1.99363e-05 0.000343506 0.000243559 0 0.00364591 0.0529207 0.00213236 0 0.000243763 0 0.0263266 0.00011046 0 0.000643329
0.321327 0.12318 0.268981 0.289343 0.0221336 0.00563948 0.00026522 0.00350334 0.000818002 0.00206215 0.0139144 0.0965265 0.01811 0.0111859 0.00120924 0.00363881 0.0574309 0.00629581 0.00051112 0.0194609
0.0437347 0.0767673 0.210838 0.199291 0.0759023 0.00370125 0.0003845 0 0.033583 0 0 0.00618388 0 0.000922876 0 0.0592215 0.127636 0 0.00103851 0.067133
0.750513 0.846686 0.687131 0.863637 0.00990906 0.0048717 1.61052e-05 0.00228404 0.00211467 0.000503384 0.00367424 0.0021767 0.013587 0.0212638 0.00098163 0 0.00275152 0.0145362 0.000237434 0.00231804
0.864886 0.862801 0.24052 0.720322 0.0192987 0.0050878 3.18332e-06 0.0032415 0.0197729 0.00190045 0 0.00308277 0.000956648 0 0.00346054 0.0020123 0.0115937 3.43687e-05 5.96662e-05 0.000816663
0.675328 0.86198 0.861713 0.856136 0.000897534 0.000458908 4.15595e-05 0.000602009 0.00231428 4.14763e-05 0.00743974 0.00163713 0.000449391 0.00402422 3.46931e-05 7.55725e-05 1.04909e-05 2.88176e-05 0.000677256 0.00181386
0.24657 0.857524 0.857813 0.798348 0.00807842 0.00683584 5.29153e-05 0.00342678 0.000222581 0.00164372 0.009603 0.0222498 0.00385289 0.00375605 0 0.00213686 1.74403e-05 0.000247417 0.00114657 0
0.864932 0.857516 0.784893 0.866326 0.00131265 0.000587517 5.87323e-06 0 0 0 0.000218833 0 0.000472582 0 1.00537e-05 4.23456e-05 0 5.37877e-05 0.000700337 0
0.145351 0.353855 0.220752 0.887093 0.0495551 0.00239172 0.000467018 0 0.00449727 0.000822921 0.0104713 0.00829401 0.0487846 0.00326203 0 0.00192248 0.00334523 0.00656776 0.00139909 0.0637357
0.859057 0.703098 0.863615 0.861199 0.000571709 9.13126e-05 6.15125e-07 1.08147e-05 1.18368e-06 4.86876e-06 2.45626e-06 0.000299111 1.54713e-07 0.000330367 0.000550115 0 0.000231257 0 0 3.65131e-05
0.856454 0.265308 0.630017 0.868348 0.00563125 0.0014649 2.12285e-06 3.78612e-06 0.00563026 0.000301444 0.0113502 0.00087911 0 0 0.000306832 0.000763368 0.000791841 0 0.000137567 0.0132213
0.662628 0.867301 0.869046 0.861524 0.00260389 0.000388308 3.31145e-05 0.000605895 0.0029132 8.56465e-05 0.00784453 0.00118656 0.000279982 0.00321596 5.63295e-05 0 2.57958e-05 1.30914e-05 0.00036066 0.00247957
0 0 0 0 0.0750747 0 0.000146593 0 0.0300796 0.00064848 0 0 0 0 0.00154887 0.0346492 0.146875 0 0.00131019 0.055597
0.868699 0.794725 0.864993 0.301835 0.000663075 1.5197e-05 2.88961e-05 0.000144592 0 0.0016775 0.000819318 0.00726854 0.000114069 0.00796564 0 0.000465961 0.00443547 0.000225401 0.000360546 3.7442e-05
0.875917 0.821788 0.86775 0.277716 0.000172638 5.59027e-05 9.66853e-06 0.00122684 0 0.00230159 0.000896834 0.0067656 0 0.00436642 0 0.000936586 2.26986e-05 0 0 9.67691e-05
0.0425637 0.0950374 0.0283899 0.0010678 0.0344398 0.0578678 2.73585e-05 0.000312145 0.000737432 2.93968e-05 0.00123653 0.155875 0.0463869 0 0.000240976 0.000235866 0.0830039 0.00482881 9.29563e-06 0.030828
0.869695 0.775374 0.253555 0.884725 0.0119341 0.00307487 2.2754e-05 0.00240756 0.0134339 0.000688648 0.000154495 0.00181863 0.000121303 0.00393971 0.000641888 0.00109408 0.00261778 8.87256e-05 0.000155236 0.00367295
0.857366 0.109613 0.15787 0.31638 0.00673097 6.99114e-05 3.10366e-05 0.0115606 0.0232362 0.0126226 0.0288945 0.11089 0.100548 0 0.0369057 0.033118 0.000107895 0.0276808 0.0038269 0
0.8632 0.761746 0.859467 0.860336 0.00056104 0.000159386 3.38363e-07 1.98152e-05 7.24426e-07 5.64879e-06 1.50265e-06 0.000843734 7.38365e-08 0.000474541 0.000794281 0 0.000301912 0 9.51345e-06 2.95876e-05
0.859405 0.861597 0.734629 0.859365 6.70072e-05 0.000600535 3.37973e-07 0.000111784 3.21581e-05 8.5922e-05 0.000297417 4.03295e-05 0.00184341 0.00043271 0.000182839 7.05358e-05 0.000455808 0 0.000427199 2.30709e-05
0.279012 0.292938 0.273157 0.878547 0.0243827 0.0376607 0.000366769 0 0.00128125 4.36582e-05 0.000148066 0.00397569 0.0182625 0.000365205 0 0.000201977 0.00402125 5.92919e-05 0.000652402 0.0741683
0.254538 0.847364 0.910753 0.707152 0.0230994 0 0 0.00396107 0.000265491 0.000729758 0.00246045 0.0321473 0 0.00171221 0.000106608 0.00507866 0 0 0.000744495 0
0.868997 0.849483 0.868747 0.262884 0.00111957 0.000111805 9.83838e-06 0.00245367 0 0.00232123 0.000603718 0.00592181 2.2319e-05 0.00228238 0 0.00187317 0 0 0.000109362 0.000244592
0.746206 0.871828 0.850275 0.855416 0 0 2.84345e-05 0 0.00114438 0 0.00481438 0.000817884 0 0 0 0 0 0 0.00101763 0.0007764
0.847764 0.854051 0.817504 0.137541 0 0.00176301 2.24991e-05 0.00207992 0.00403267 0.00212885 0.000769038 0.0112209 0.000786991 0.0174268 0.00109523 0.00188556 0.00664874 0.00103851 0.00113954 0
0.872212 0.118757 0.251886 0.142721 0 0 0 0.0163968 0.0114156 0.00788339 0.072542 0.246664 0.0210807 0.00652593 0.0660456 0.0160548 0 0.0137354 0.00313204 0
0.767569 0.865314 0.256136 0.871861 0.00952588 0 8.47022e-05 0.00163633 0.00979541 0.000949949 0.000689062 0 0.0120583 0.00685872 0.000968628 0.00638446 0.0044658 0.000160157 8.81491e-05 0.00277935
0.863926 0.85792 0.863337 0.799221 0.0118927 0.000671143 0 2.80535e-06 0.000134133 0.000223328 0.000165115 0.00243149 0.000390496 0.000976533 0.000507509 0.00033773 0.00130894 0.000411486 0.000367953 0.000269958
0.204018 0.244937 0.314918 0.109306 0.0301941 0.0189933 0.000256023 2.90489e-05 0 0.00184185 0.006495 0.0887357 0.024921 0.00625661 0 0.00069853 0.0611003 0.00374051 0.00061398 0.0279815
0.864798 0.850429 0.827189 0.69346 0.0295248 0.000416548 3.0886e-05 0.00114691 0.00446978 0.000640662 0.00124008 0.000724122 0.00373839 0.00535629 0.0028573 0.000348169 0.0103573 0.000417359 0.000159164 0.000319755
0.265422 0.77374 0.870279 0.876924 0.00494066 0.00125914 3.79615e-05 0.00382267 0.0024596 0.000148946 0.00790831 0.0232912 0.000229137 0.00334075 0.00016093 0.00144555 0.00260589 0.000502902 0.000592972 0.00629359
0.711412 0.859225 0.863087 0.853244 0 0.000272506 3.86601e-05 0.000562488 0.0018742 2.62156e-07 0.00550293 0.00179669 0.000361133 0.00325127 0 4.46011e-06 0 4.9284e-05 0.000795298 0.00206504
0.864349 0.758989 0.709391 0.886236 0.00109209 0.0005618 3.48418e-05 0.0057139 0.002558 0.000201478 0.000302263 0.00036686 0.000846778 0.0174614 0.000539107 0.00189722 0.000949691 0.000551508 0.00070096 0.00560398
0.237973 0.888559 0.0760624 0.0213476 0.0152147 0.1919 0.00010038 0.0178562 0.0140734 0.00182315 0 0.0349309 0 0.0100005 0.00113714 0.00519895 0.0333676 0.00608314 0.00146627 0.00924958
0.30527 0.285026 0.879556 0.863952 0.016552 0 4.30432e-05 0.00312438 0.00373668 1.58832e-05 0.00741035 0.0307577 0 1.26691e-05 0 0 0.010834 0 9.61084e-05 0.00938415
0.866698 0.268597 0.876875 0.775643 0.00125807 0.00470105 1.30884e-05 0.000151271 0.00101748 7.03524e-05 0.0118264 0.000244843 0.000166094 0 0.000851488 0.000909558 0 0.000212784 0.000463119 0.0110023
0.85554 0.813909 0.264311 0.86174 0.00673435 0.00193756 2.00723e-05 0.000435462 0.0104216 0.000792144 0.000386216 0.0012097 0.000569463 0.000353904 0.0002569 0.000611165 0.0017283 4.24619e-05 0.000268392 0.00319757
0.855889 0.652224 0.861732 0.860419 0.000223189 0.000314221 5.50454e-06 7.62491e-06 8.98953e-06 2.04628e-05 1.15589e-06 0.000540746 1.14094e-06 0.000137339 0.000393736 5.5933e-05 8.171e-05 3.96395e-07 4.62717e-05 0.000221182
0.32187 0.195793 0.228486 0.178348 0.0534366 0 0.000136757 0 0.0245012 0.000456748 0 0 0 4.16594e-05 0.00303178 0.0201405 0.103861 0 0.0011578 0.0324309
0.0924145 0.0356853 0.280037 0.204814 0.0807524 0.00549712 0.000377895 0 0.029325 0 0 0 0 0 0 0.0535013 0.131135 0 0.000839026 0.0521005
0.794974 0.806435 0.835191 0.861361 0.00605969 0.00201409 3.1798e-05 0.000595945 0.00148496 0.000589017 0.00204724 0.00138316 0.001814 0.00232008 0.000814487 0.00332494 0.000735054 0.000501173 0.000491673 0.000563441
0.86001 0.863356 0.709731 0.863955 0 0.000686395 9.7647e-07 0 1.03638e-05 0.000117252 0.000615415 9.06869e-06 0.00252396 0 0 0 0.000643179 0 0.000816762 0
0.883196 0.260152 0.872959 0.781868 0.00113303 0.00149289 7.31567e-06 2.487e-05 0.000865226 0.000123896 0.0107355 0.000131973 1.72057e-05 0.000117622 0.000715234 0.00042436 0.000170978 0.000208426 0.000439295 0.00895678
0.290278 0.718061 0.872469 0.860861 0.00777266 0.00251652 0 0.00226447 0 7.972e-05 0.0117033 0.0247388 0.0014214 0.000896665 0 0 0 0 0.00036329 0
0.717533 0.202646 0.888073 0.0719977 0.0139416 0.00549504 5.29769e-08 0 0.053802 6.25207e-05 2.03046e-05 0.00143958 0.00368541 0.00104245 0 0.0285498 0 0 0.000229547 0
0.0370093 0 0.800627 0.0210404 0.04007 0.0110678 0.000704422 0.0225884 0.0869184 0.000175181 0.0196242 0.0459206 0.0046303 0.000558269 0.000867921 4.92603e-05 0.0880288 0.0407085 0.00010131 0.0184831
0.264403 0.259305 0.284876 0.0883722 0.0240147 0.0122561 0.000253237 0 3.01348e-06 0.00253663 0.00579717 0.0887106 0.0237213 0.00948698 0 0.000259377 0.0554464 0.00248925 0.000609993 0.0256299
0.25689 0.888255 0.303617 0.234202 0 0.179716 4.93768e-05 0.0038075 0 0.00025111 0.00193169 0.0367378 0.00304673 0.0197129 0 0.00376112 0 0.00420442 0.00182071 0.00749349
0.863638 0.856957 0.865225 0.700161 0.0262521 0.000286573 9.85301e-06 0.000260053 2.45703e-05 0.000781588 1.3183e-05 0.000835547 2.61245e-05 0.000399707 4.34608e-05 0.000150395 6.84304e-05 0.000230407 0.000103554 0.00068973
0.859905 0.86825 0.80932 0.748017 0.017601 0.000378258 0 0.000797094 0.000820838 0.000799967 0.0002878 0.00189814 0.00250322 0.00881251 0.000740676 0.00019736 0.00210181 0.000304841 0.00014411 0.000659449
0.86364 0.768139 0.860317 0.861096 0.000531996 0.00013608 2.91651e-08 3.30287e-05 0 0 1.45931e-06 0.000857553 0 0.000495463 0.00080468 2.73113e-05 0.000257039 1.66154e-06 1.64184e-05 0
0.692333 0.864282 0.864047 0.853023 0 8.00555e-05 3.40391e-05 0.000421867 0.00213949 0 0.00618759 0.00190623 3.13843e-05 0.00351529 6.60028e-06 0 2.49541e-05 3.33536e-05 0.000593357 0.00192793
0.858368 0.862018 0.666763 0.860675 1.87872e-05 0.000541233 4.1141e-06 4.22485e-05 9.18735e-05 0.000114762 0.000728168 2.4907e-05 0.00326517 0.000355564 5.36998e-05 2.1832e-05 0.00118905 6.92885e-06 0.000823398 4.20391e-05
0.119945 0.24302 0.855485 0.116864 0.108532 0.00844121 9.41382e-05 0.00151989 0.0486163 8.24551e-05 0.000398256 0.011796 0.000710571 0.00376698 0 0.00120424 0.00329786 0 9.95378e-05 0.00153441
0.855445 0.860771 0.221619 0.862685 0.000704394 4.42183e-05 1.21212e-05 0.000403311 0.00753892 0.000674293 0.00051352 0.00024191 0.00161688 0 0 8.47849e-05 0.000776322 4.65314e-05 0.000489836 0.0021769
0.857475 0.670633 0.863226 0.860598 0.000399441 0.000122746 2.67731e-06 2.69033e-05 1.9744e-06 1.22363e-05 2.62965e-06 0 2.26789e-07 0.000428236 0.000408939 0 0.000171977 0 2.53837e-05 7.17662e-05
0.806189 0.860808 0.868716 0.652705 0.0132013 0 3.69333e-05 0.000337303 0 0.00159406 0.00210814 0.00132085 0.000782601 0.00596815 0 0.00359965 0 0 0.00105293 0
0.856246 0.649615 0.862978 0.860234 0.000200167 0.000147564 3.73869e-06 4.62874e-05 0 7.75041e-06 2.34124e-06 0 0 0.000547271 0.000328457 2.03232e-05 0.000120296 0 2.09587e-05 0
0.864417 0.858951 0.865505 0.708477 0.0239309 0.000340692 6.47426e-06 0.0001747 4.51534e-05 0.000829882 4.744e-05 0.00115768 7.83323e-05 0.000592885 0.000131128 0.000198542 0.000277194 0.000240435 0.000169311 0.000751636
0.863261 0.222561 0.859346 0.866723 2.21091e-05 8.78794e-05 2.07773e-06 7.68365e-06 4.57401e-06 1.52916e-05 0.00535677 1.38498e-05 5.59535e-07 4.84294e-05 0 1.55709e-05 0.000245714 0 0.000444579 0.000129821
0.300416 0.182872 0.176563 0.870539 0.0738713 0.0436258 0.000386266 0 0.0354567 6.80654e-05 0.00859809 0 0.00781994 0 0 7.09108e-05 0.0202519 0.00108398 0 0.0481175
0.868997 0.849483 0.868747 0.262884 0.00111957 0.000111805 9.83838e-06 0.00245367 0 0.00232123 0.000603718 0.00592181 2.2319e-05 0.00228238 0 0.00187317 0 0 0.000109362 0.000244592
0.858194 0.860402 0.689744 0.86302 1.33214e-05 0.000500152 3.65601e-06 8.2467e-05 5.55903e-05 9.81569e-05 0.000640256 2.07097e-05 0.00280849 0.000253681 2.68499e-05 2.38378e-05 0.000891943 3.91762e-06 0.000773679 2.87785e-05
0.871411 0.876201 0.279408 0.25273 0.000374699 0.000983057 0 0.0232507 0.0515681 0.00468663 0 0.00124063 0 0.00256143 0.0100083 0.00878996 0.0252764 0 6.15103e-05 0.000896544
0.86306 0.864178 0.663647 0.777886 0.0103808 0.00354464 0 0.00263579 0.00523968 0.000950717 3.55445e-05 0.0020674 0.00192745 0.0187454 0.00194397 0.000874195 0.00464157 8.04046e-06 8.09836e-05 1.72259e-05
0.671642 0.862998 0.860001 0.862587 0.0070127 0.000907645 4.34203e-05 0.000917792 0.00271933 0.000529435 0.00794547 0.00104511 0.00110513 0.00361857 9.30449e-05 0.00101384 2.22399e-05 2.43375e-05 0.000617738 0.00234532
0.864901 0.864475 0.62706 0.20492 7.70987e-05 0.00152077 7.64095e-06 0.00652021 0.0156115 0.00273813 0.000511547 0.00849178 0.00109855 0.0172269 0.0022585 0.000181791 0.00635498 0.000521508 0.000776001 0.000562101
0.868997 0.849483 0.868747 0.262884 0.00111957 0.000111805 9.83838e-06 0.00245367 0 0.00232123 0.000603718 0.00592181 2.2319e-05 0.00228238 0 0.00187317 0 0 0.000109362 0.000244592
0.862708 0.866388 0.863079 0.7438 0.0176107 0.000532414 3.96256e-06 8.9094e-05 0.000106953 0.000643126 0.000110797 0.00215896 0.000156332 0.000505811 0.000298814 0.000399857 0.000581364 0.000441305 0.000348807 0.000480623
0.862875 0.863515 0.779541 0.858945 2.36841e-05 0.000748108 0 8.18878e-05 1.59867e-06 5.61325e-05 3.66214e-05 2.7131e-05 0.00114275 0.000266693 0.000435835 5.81347e-05 3.89569e-05 5.02367e-06 0.000241617 1.19319e-05
0.859707 0.708902 0.864448 0.860947 0.000676013 4.99003e-06 0 2.15919e-05 6.47113e-07 5.84381e-06 3.38752e-06 3.49624e-06 7.35419e-08 0.000486119 0.00053202 0 0.000269272 0 0 3.07927e-05
0.863585 0.861353 0.863905 0.750118 0.0191824 0.000526428 6.79825e-06 0.000107062 7.93487e-05 0.000452268 8.28728e-05 0.00181435 0.000137256 0.00038439 0.000213512 0.000309492 0.000600397 0.000365473 0.000276795 0.000340882
0.860717 0.860232 0.754876 0.865024 0 0.000568973 2.30453e-07 7.49131e-05 0 7.19866e-05 0.000363002 1.18404e-05 0.00169482 0.000129117 0.000263215 3.28141e-05 0.000254687 5.85491e-06 0.00060402 6.53379e-06
0 0 0 0 0.0750747 0 0.000146593 0 0.0300796 0.00064848 0 0 0 0 0.00154887 0.0346492 0.146875 0 0.00131019 0.055597
0.272017 0.758084 0.879308 0.881965 0.00848456 0.00141812 6.0454e-05 0.00445422 0.00231577 0.000993774 0.00918167 0.0198437 0.00304242 0.00237234 0.000213253 0.00182338 0.00260121 0.000507541 0.00095067 0.00769508
0.863353 0.859312 0.864552 0.695592 0.0248616 0.000286108 1.16197e-05 0.000231133 8.50581e-05 0.000901347 3.94841e-05 0.00148678 3.55729e-05 0.000257768 9.84069e-05 0.000224892 0.000141609 0.000290605 0.000168991 0.000706818
0.0816195 0.135808 0.224134 0.0599691 0.0884312 0.00262428 0.000205676 0 0.0382617 0.000403577 0 9.35596e-05 0 0.00230868 0.00150415 0.0271623 0.105141 0 0.0014565 0.0396416
0.848445 0.808691 0.182459 0.865498 0.0164044 0.00482447 4.4568e-05 0.00188054 0.0158913 0.000762777 0.000391733 0.00290299 0.000125443 0.00784017 0.00139756 0.00102773 0.00529596 2.37832e-05 5.8399e-06 0.00371897
0.85826 0.861778 0.659586 0.868423 0 0.000458299 4.89608e-06 0 0.000124441 0.000107546 0.000927819 0 0.00375631 0 0 0 0.00107409 1.31836e-06 0.00108599 1.49791e-05
0.867632 0.655857 0.860026 0.841854 0.0015461 0.000163959 1.32504e-05 0.000186338 0.000297539 0.000240141 1.12878e-05 0 3.6154e-05 0.000367482 0.000567153 1.34935e-05 0.000896268 0 4.55001e-05 0.00222646
0.747913 0.2572 0.863725 0.871597 0.00592643 0.0111351 1.772e-07 0.00165102 0.00164406 7.13436e-05 0.0169558 0.000598824 0.000709564 0.000149901 0.00171906 0.00717459 0.00020362 0.0125886 0.000279691 0.00998439
0.213059 0.829349 0.862617 0.0388021 0.0589049 0.000520176 0 0.00300462 0.0102624 0.0029316 0 0.00513712 0 0.00312108 0.00766652 0.0022398 0 0 0.000325124 6.1148e-05
0.864771 0.250871 0.86032 0.867047 0.000206035 0 3.05756e-08 5.19493e-06 2.61371e-06 8.01069e-06 0.00535724 0 3.17215e-07 8.33188e-05 0 0 0.00029709 0 0.000425209 7.36147e-05
0.635412 0.8497 0.257347 0.856001 0.00903461 0.0317086 6.54804e-06 0.000669291 0.00329928 0.000587378 0.000610917 0.0177479 0.000104083 0.00646887 2.08723e-05 4.2416e-06 0.00221141 1.9589e-05 0.000859421 0.00418045
0.253433 0.878927 0.789173 0.8719 0.000692396 0.00170551 0.000101969 0.00622449 0.00407146 0.00179434 0.0111611 0.0189196 0.00481214 0.00723136 0.00160513 0.000698997 0.00457761 0.000416234 0.00127631 0.000210967
0.858874 0.864177 0.25746 0.86116 0.000736389 0.00010021 1.00055e-05 0.000423425 0.00754532 0.000619191 0.000107925 0.00026532 0.000811679 0 4.04786e-05 0.000157582 0.000327736 4.65314e-05 0.000100149 0.00220017
0.863155 0.858883 0.862965 0.754282 0.0187047 0.000551671 5.93428e-06 0.000113482 8.23522e-05 0.000405341 8.97331e-05 0.00166494 0.000137303 0.000346524 0.000236855 0.000345737 0.000649795 0.000411748 0.000305335 0.000336009
0.705652 0.867602 0.86467 0.85636 0.000298656 0.000149939 2.83795e-05 0.000557509 0.00236975 5.63016e-05 0.00544117 0.00158332 0.000269119 0.00260071 3.68593e-05 8.62208e-05 5.11664e-05 3.34095e-05 0.000449939 0.00257345
0.859528 0.8641 0.676726 0.861393 0 0.000645037 2.64884e-06 0 5.22518e-05 0.000114762 0.000703864 1.87428e-06 0.00312857 0.000198555 4.85912e-05 0 0.00104383 4.87647e-06 0.000829216 2.80977e-05
0.946859 0.130729 0.0912656 0.741376 4.29725e-05 0.0602973 0 0.0120092 0.00341114 0.00300702 0.00133917 0.107806 0.00144486 0.0390758 0.00512941 0.00172827 0.0178821 2.59999e-06 0.000631113 0.0158916
0.857664 0.846455 0.777205 0.862095 0.000747153 0.000251762 3.46938e-06 0.000590884 0 2.98182e-05 8.01182e-05 0.000480844 0.000712955 0.0111561 0.000647487 9.55582e-05 0.000172595 1.77313e-05 0.000315331 5.32666e-05
0.242677 0.208504 0.0682274 0.0978303 0.0021168 0.0340703 1.59166e-06 0.000658936 0.000566037 0 3.83386e-06 0.135384 0.0118576 0.000815257 0.000475903 0.0354606 0.073975 0.0043554 0.00168025 0.0130879
0.859158 0.708118 0.863503 0.861533 0.000507818 0.000130144 1.22541e-06 1.79938e-05 1.05339e-06 2.05502e-06 1.99391e-06 0.000472829 1.45519e-07 0.000285415 0.000562463 1.3215e-05 0.000161313 7.9279e-07 8.33583e-06 2.49882e-05
0.861678 0.857201 0.861247 0.733996 0.0223369 0.000447399 1.04772e-05 0.000257507 6.64948e-05 0.000446328 4.45964e-05 0.00140162 4.58756e-05 9.96954e-05 0.000101633 0.000284847 0.000211972 0.000386447 0.000213162 0.000300126
0.102698 0.818246 0.067884 0.72875 0.00511704 0.11983 0.000153726 0.00718897 0.00234307 0.000665901 0 0.0319847 0.0493458 0.010056 0.0126981 0.042101 0.0180855 0 0 0.0383949
0.824015 0.212352 0.744934 0.155662 0.00252069 0.000523246 0.000153983 0.0387645 0.0519982 0.00329818 0.0132451 0.034137 0.00384315 0.00600843 0.0286874 0.00661479 0.0413518 0.00330533 7.21775e-05 0.0246913
0.85898 0.858764 0.711698 0.865616 7.85557e-06 0.000479401 3.19791e-06 9.45931e-05 1.93072e-05 0.000100064 0.000598703 1.65124e-05 0.00242897 0.000151797 7.76799e-06 1.81061e-05 0.000659327 3.5448e-06 0.000805686 1.72781e-05
0.169067 0.311156 0.737236 0.867526 0.036068 0 0.000270513 0.010431 0.0254962 0.000232946 0.0115501 0.144613 0.00141324 0.0105271 0.00138775 0.0483052 0.0239376 0.0315471 0.00098297 0.0710236
0.269809 0.88136 0.817791 0.861938 9.80086e-05 0 6.77337e-05 0.00408321 2.34854e-05 0.00191531 0.0101111 0.0186612 0.00511051 0.00696882 2.64717e-05 0.000580337 5.54724e-06 6.08438e-06 0.000959725 0.00041946
0.868997 0.849483 0.868747 0.262884 0.00111957 0.000111805 9.83838e-06 0.00245367 0 0.00232123 0.000603718 0.00592181 2.2319e-05 0.00228238 0 0.00187317 0 0 0.000109362 0.000244592
0.870332 0.782474 0.662304 0.876981 0.00226645 0.000812461 3.02397e-05 0.00629023 0.00420004 0.000195743 0.000325105 0.000650309 0.000108491 0.0206068 0.00077168 0.00166593 0.00180653 0.000506739 0.000510397 0.00396587
0.854234 0.635419 0.861373 0.861376 0 0.000475564 7.90623e-06 0 2.58393e-06 6.52491e-06 0 0.00112726 3.32582e-07 0 0.000385567 0.00021683 0 6.11419e-06 0.000104725 6.42714e-05
0.111749 0.843571 0.212015 0.193069 0.0269439 0.224203 2.58622e-05 0 2.69431e-05 0.000257949 0.00420412 0.057862 0.000122982 0 0 0 0.0263568 0 0 0
0.857473 0.678203 0.862983 0.860699 0.000322592 0.000122442 2.5826e-06 3.56379e-05 0 5.46017e-06 2.34948e-06 8.11551e-05 0 0.000495793 0.000425494 1.55709e-05 0.000142699 0 1.55046e-05 0
0.858874 0.864177 0.25746 0.86116 0.000736389 0.00010021 1.00055e-05 0.000423425 0.00754532 0.000619191 0.000107925 0.00026532 0.000811679 0 4.04786e-05 0.000157582 0.000327736 4.65314e-05 0.000100149 0.00220017
0.864878 0.858753 0.868026 0.665289 0.0287222 0.000130006 1.0026e-05 0.000255232 3.71266e-05 0.0011857 6.47424e-06 0.000722685 2.33816e-06 0.000637188 2.84668e-05 0.000104188 0 0.000173572 6.5453e-05 0.00111966
0.858487 0.856711 0.774036 0.285929 0.000305846 0.00176471 8.57581e-06 0.00189609 0.00255019 0.00250094 0.000612677 0.00751172 0.00104662 0.0193184 0.000813815 0.00147928 0.00183369 0.000299053 0.0007734 7.17596e-05
0.938344 0.706062 0.892499 0.748158 0.00904326 0 0 0.000778343 0.000310278 0.00222897 0.000583837 0.00291847 0.00518127 0.000631278 0.000612219 0 7.15367e-05 0.00020416 0 0.00155499
0.863624 0.862256 0.862607 0.712175 0.0239969 0.000345988 1.13306e-05 0.000232761 8.50982e-05 0.000723165 4.32081e-05 0.00155754 5.42782e-05 0.000586006 0.000102486 0.000220293 0.000252894 0.000293443 0.000172296 0.000515981
0.76089 0.853828 0.871051 0.328186 0.000978757 0.000921721 2.23332e-05 0.000984617 0.00127696 0.00205408 0.00407823 0.0077948 0.000578303 0.0119252 0 0.00143636 0 0.000384832 0.00092577 0.00100739
0.841368 0.736057 0.762266 0.895849 0.000417539 0.000340255 4.3006e-05 0.00497564 0.000914132 0.000336924 0.000899259 4.94225e-05 0.0018618 0.0138122 0.000281856 0.00220559 5.19865e-05 0.000590585 0.000988585 0.0068594
0.71452 0.863859 0.856882 0.855044 0 0.000126458 3.34953e-05 0.000616664 0.00211634 1.07116e-05 0.00490752 0.00213359 0.000270814 0.00311008 2.14791e-05 0.000223075 0.000108517 5.1264e-05 0.000698286 0.00191361
0.868415 0.773494 0.255538 0.881908 0.0122073 0.00329746 2.36869e-05 0.00230674 0.0133273 0.000763715 0.000158454 0.00184502 0 0.00428672 0.000601409 0.00101053 0.00249351 7.91015e-05 0.000156984 0.00386822
0.739047 0.86559 0.864088 0.854246 0.000430156 0.000565367 2.10429e-05 0.000264172 0.0015247 2.42899e-05 0.00434738 0.00157351 0.000582664 0.00155236 3.29483e-05 0.000122544 1.39898e-05 1.61459e-05 0.000509815 0.00264792
0.858626 0.860326 0.689126 0.865082 7.85557e-06 0.000538112 3.57092e-06 5.71365e-05 2.44891e-05 0.000122696 0.00072491 1.51265e-05 0.00284354 8.72384e-05 0 1.69906e-06 0.000853573 6.17347e-07 0.000912057 1.40112e-05
0.860317 0.281148 0.0153942 0.0400364 0.00559825 0.00388581 4.16219e-05 0.00161551 0.0106874 0.00501156 0.0466624 0.193802 0.060722 0 0.0590145 0.0431416 0.0237382 0.0196748 0.00454578 0.00655017
0.861094 0.860009 0.738442 0.86622 0 0.000580391 1.54834e-06 0.000116888 0 8.60989e-05 0.000443545 0 0.00191317 0 7.87005e-05 0 0.000340559 3.5448e-06 0.000699012 2.42135e-06
0.858983 0.705827 0.864144 0.861389 0.000588359 8.30829e-05 5.65925e-07 1.24918e-05 0 4.46313e-07 2.45626e-06 0.00030812 0 0.000316478 0.000543986 0 0.000204449 0 0 0
0.864771 0.250871 0.86032 0.867047 0.000206035 0 3.05756e-08 5.19493e-06 2.61371e-06 8.01069e-06 0.00535724 0 3.17215e-07 8.33188e-05 0 0 0.00029709 0 0.000425209 7.36147e-05
0.863986 0.867439 0.779356 0.855679 5.91516e-05 0.00077308 0 5.46477e-05 5.30486e-05 3.28381e-05 0 6.67353e-05 0.00109619 0.000345472 0.000408828 0.000124071 9.65779e-06 4.5778e-06 5.18293e-05 3.53715e-05
0.859037 0.26335 0.633364 0.864606 0.00563125 0.00139032 4.14549e-07 0 0.00563128 0.000282699 0.0102289 0.0008841 0 0 0.000201833 0.000378717 0.000849045 0 0.000152379 0.00850003
0.655181 0.28838 0.865566 0.883889 0.0171971 0.0122303 3.14802e-05 0.00372325 0.00321914 6.95277e-05 0.0107611 0.00938538 0.000174599 0 0.00085481 0.00835077 0.0056145 0.0101328 0.000242387 0.0148233
0.861969 0.854377 0.679668 0.258704 0.000143391 0.00196318 1.07825e-05 0.00394083 0.00965786 0.00250727 0.000544905 0.00835068 0.00114352 0.0215649 0.00167902 0.000592103 0.00494762 0.000499633 0.000886742 0.000156791
0.76661 0.859981 0.731899 0.874889 0.0110195 0.00410995 2.5412e-05 0.00104966 0.00147486 0.000306684 0.00308206 0.000799403 0.00756864 0.015123 0.000919876 0.000471732 0.00169842 0.00728876 0.000153419 0.0025826
0.111426 0.0303888 0.000813507 0.166949 0.068282 0.00472888 0.000247383 0 0.000833798 4.5873e-06 0.000714586 0.000132768 1.42478e-06 2.517e-05 0.00076433 0.0821493 0.130733 0 0.00308491 0.093878
