1 0.50043 0.522046 0.525008 0.47676 0.550831 0.478324 0.481667 0.492134 0.490726 0.487011 0.522251 0.520161 0.443491 0.561782 0.526128 0.510881 0.504282 0.423853 0.496935
0 0.835886 0.275973 0.739907 0.998653 0.585012 0.535606 0.755867 0.271769 0.240889 0.487218 0.742025 0.303193 0.705846 0.200653 0.21404 0.614118 0.263938 0.589132 0.707466
0.500007 0.527942 0.548905 0.490976 0.467728 0.536406 0.415325 0.555629 0.463951 0.514836 0.522867 0.513609 0.51578 0.487026 0.518645 0.528486 0.491583 0.487125 0.449364 0.512939
0.204823 0.558287 0.583431 0.473616 0.439972 0.550333 0.417918 0.610307 0.436709 0.485156 0.525689 0.522109 0.527957 0.528568 0.47142 0.511079 0.484416 0.490349 0.503419 0.511075
0.79521 0.515209 0.520512 0.523316 0.472577 0.534541 0.454778 0.489925 0.483066 0.506405 0.488704 0.515262 0.510462 0.459386 0.556723 0.53135 0.513739 0.508251 0.419862 0.501564
0.344042 0.533982 0.569951 0.478767 0.463468 0.544529 0.406311 0.595899 0.447894 0.507112 0.533676 0.51951 0.517314 0.509797 0.493055 0.523679 0.492955 0.479196 0.479438 0.50521
0.909672 0.502312 0.51917 0.525375 0.475767 0.549065 0.474664 0.481549 0.489089 0.492639 0.486882 0.525528 0.52227 0.447092 0.557102 0.529705 0.511108 0.50877 0.422372 0.49914
0.655957 0.524509 0.530179 0.50792 0.469362 0.528638 0.434087 0.514217 0.478049 0.517794 0.507674 0.509993 0.516226 0.467882 0.545441 0.531549 0.498149 0.501092 0.427166 0.512972
0.0903465 0.578291 0.60513 0.49123 0.428522 0.547229 0.438291 0.619731 0.420502 0.478084 0.501509 0.512324 0.541557 0.537625 0.45689 0.491159 0.503268 0.497613 0.526284 0.510677
0.0423857 0.584321 0.612869 0.496379 0.4314 0.547595 0.449458 0.625674 0.408509 0.476162 0.493739 0.51274 0.545459 0.542734 0.449055 0.485954 0.51257 0.500371 0.539831 0.509398
0.957623 0.501082 0.520743 0.525107 0.476891 0.549842 0.477452 0.481463 0.489577 0.49202 0.487203 0.524044 0.521991 0.445808 0.559367 0.528709 0.511087 0.506884 0.422291 0.497702
0.420832 0.530124 0.559985 0.48355 0.465805 0.540891 0.408225 0.577464 0.455926 0.512185 0.529672 0.515976 0.515068 0.498475 0.506151 0.525831 0.491986 0.481525 0.463935 0.509107
0.271589 0.543404 0.575441 0.47433 0.450777 0.548521 0.40868 0.604304 0.442072 0.49561 0.531971 0.522795 0.523292 0.52037 0.479118 0.519464 0.486595 0.483086 0.490597 0.508731
0.728405 0.520396 0.524045 0.51712 0.467662 0.530454 0.444035 0.499794 0.483013 0.513986 0.497237 0.511281 0.513334 0.46351 0.554463 0.530524 0.506624 0.50629 0.422871 0.507541
0.579166 0.527496 0.53859 0.498798 0.46891 0.531052 0.423866 0.533671 0.471592 0.517015 0.51515 0.51004 0.5156 0.476183 0.532433 0.530552 0.492626 0.493534 0.435348 0.515285
0.144384 0.57066 0.595108 0.482194 0.433717 0.551047 0.428641 0.616469 0.432552 0.479408 0.513332 0.517508 0.535557 0.53098 0.464316 0.501376 0.492941 0.496818 0.514722 0.509543
0.855586 0.507392 0.518422 0.524959 0.476649 0.54326 0.465079 0.483875 0.485437 0.497642 0.487005 0.522942 0.515897 0.452481 0.555353 0.531856 0.51282 0.509351 0.420475 0.499785
0.883443 0.504213 0.518637 0.524983 0.477091 0.546274 0.470919 0.482012 0.486629 0.494039 0.486751 0.524148 0.519165 0.449237 0.55565 0.531137 0.511892 0.508588 0.420795 0.499832
0.307175 0.537824 0.573057 0.47657 0.458712 0.546596 0.407034 0.60129 0.444512 0.502062 0.53354 0.521781 0.520163 0.51513 0.48564 0.522221 0.490636 0.48048 0.485548 0.506113
0.116583 0.574471 0.600467 0.487479 0.429272 0.548672 0.432674 0.618316 0.427667 0.478149 0.505782 0.512626 0.53792 0.534247 0.460453 0.495522 0.498414 0.495914 0.519249 0.510512
0.692818 0.521174 0.525959 0.51217 0.469542 0.530313 0.438651 0.505647 0.480657 0.516436 0.504132 0.513052 0.517268 0.464479 0.549201 0.532289 0.500764 0.505098 0.424774 0.511445
0.460265 0.528412 0.554438 0.487225 0.466744 0.53907 0.411558 0.566736 0.459977 0.513544 0.526631 0.515235 0.515715 0.492903 0.51222 0.527206 0.49182 0.484328 0.45698 0.510894
0.539738 0.527729 0.543389 0.49467 0.468386 0.533839 0.41934 0.544334 0.46792 0.515898 0.519122 0.512027 0.515943 0.481282 0.525237 0.52974 0.491361 0.490387 0.441845 0.514775
0.0656391 0.581281 0.608828 0.493738 0.429715 0.546688 0.44406 0.622733 0.413475 0.477501 0.497362 0.512376 0.543381 0.540866 0.45285 0.488455 0.507858 0.498427 0.53325 0.510409
0.382004 0.531922 0.565738 0.480915 0.465478 0.542143 0.406456 0.587877 0.451769 0.510601 0.532227 0.516722 0.514919 0.50428 0.5004 0.524429 0.493257 0.479125 0.471893 0.506486
0.0205195 0.587162 0.616713 0.499065 0.432839 0.548727 0.454441 0.628304 0.404234 0.474843 0.49038 0.513325 0.547744 0.544286 0.445425 0.483592 0.51706 0.502516 0.545972 0.508372
0.762551 0.517489 0.521445 0.520866 0.468407 0.533663 0.449861 0.493739 0.484201 0.509875 0.492797 0.514483 0.512709 0.461928 0.556223 0.530781 0.510565 0.509282 0.421785 0.504036
0.979533 0.500736 0.521473 0.525109 0.476679 0.550356 0.4778 0.481752 0.490955 0.491541 0.487026 0.523127 0.521154 0.444532 0.56063 0.527344 0.510966 0.50547 0.423184 0.497295
0.618012 0.527385 0.534855 0.50338 0.467669 0.528645 0.429718 0.523506 0.475129 0.517339 0.511068 0.50758 0.515058 0.472775 0.540982 0.530499 0.496024 0.497804 0.43083 0.513172
0.934382 0.501603 0.520094 0.525231 0.47648 0.549668 0.475898 0.481874 0.489288 0.492597 0.487051 0.524864 0.522167 0.446394 0.558171 0.529335 0.51111 0.507731 0.422259 0.498315
0.237459 0.550216 0.57857 0.473103 0.443558 0.549968 0.412624 0.606919 0.439486 0.489263 0.529309 0.523039 0.525787 0.52568 0.474467 0.515573 0.483969 0.486556 0.496849 0.510675
0.173836 0.565513 0.588668 0.47624 0.43769 0.550557 0.423631 0.613986 0.434024 0.4824 0.520528 0.52075 0.530935 0.530023 0.468117 0.506783 0.48733 0.493911 0.509617 0.51058
0.826204 0.511702 0.519342 0.524723 0.474862 0.538605 0.459529 0.486871 0.484234 0.502151 0.486879 0.518871 0.511829 0.456186 0.556245 0.531483 0.514153 0.508616 0.419959 0.500132
0.158897 0.568447 0.591933 0.479001 0.43575 0.550812 0.426177 0.615231 0.433375 0.480906 0.517147 0.519249 0.533278 0.530364 0.466359 0.504043 0.489912 0.495648 0.512228 0.510054
0.0312714 0.585723 0.614819 0.497687 0.432169 0.54807 0.452005 0.627121 0.406221 0.475452 0.491915 0.512818 0.546398 0.543607 0.447202 0.484757 0.514873 0.50123 0.542919 0.508906
0.968718 0.500913 0.521115 0.525131 0.47675 0.550078 0.477603 0.481645 0.490259 0.491853 0.487096 0.523608 0.52163 0.445167 0.560001 0.528035 0.511025 0.506186 0.422755 0.497489
0.710781 0.52062 0.524854 0.514613 0.468379 0.530527 0.441228 0.502509 0.482006 0.515252 0.500916 0.512331 0.515622 0.463964 0.55196 0.531495 0.503515 0.506031 0.423866 0.50951
0.896739 0.502924 0.518752 0.525117 0.476367 0.548047 0.473175 0.481502 0.487942 0.492966 0.486965 0.525248 0.521262 0.447987 0.556192 0.530499 0.511266 0.508919 0.421648 0.499612
0.922203 0.501998 0.519602 0.525328 0.476187 0.549323 0.475581 0.481449 0.489158 0.492471 0.487019 0.52523 0.522271 0.446858 0.557775 0.529504 0.511155 0.508448 0.422271 0.498628
0.325456 0.53555 0.571861 0.477906 0.461825 0.54525 0.406679 0.599251 0.445885 0.505011 0.533633 0.520443 0.518309 0.512668 0.489455 0.523 0.492624 0.479209 0.482894 0.505099
0.55951 0.527533 0.54071 0.496442 0.468259 0.53286 0.421619 0.538552 0.469873 0.516167 0.51756 0.511484 0.516365 0.478761 0.528751 0.530335 0.491379 0.492629 0.438517 0.51523
0.362897 0.532913 0.567577 0.479496 0.464449 0.543874 0.406232 0.591705 0.449949 0.508722 0.533395 0.518806 0.516696 0.506785 0.496424 0.524399 0.492485 0.479768 0.475509 0.506035
0.637089 0.526645 0.532809 0.505663 0.467423 0.528354 0.43243 0.518603 0.476753 0.517192 0.509188 0.507722 0.515252 0.470969 0.544271 0.530694 0.497599 0.500108 0.429015 0.512232
0.745668 0.519585 0.523018 0.519331 0.467537 0.531301 0.446975 0.496983 0.483782 0.512233 0.494221 0.511643 0.511974 0.462939 0.556061 0.530079 0.509241 0.507164 0.422148 0.505622
0.869747 0.505148 0.518318 0.524894 0.476927 0.545445 0.468641 0.482625 0.486167 0.495112 0.486883 0.52408 0.518214 0.450286 0.555049 0.531601 0.512031 0.508966 0.42068 0.500109
0.220946 0.554117 0.58076 0.473166 0.441215 0.550294 0.415143 0.608476 0.438121 0.486823 0.527488 0.522669 0.526831 0.527501 0.472705 0.513321 0.483783 0.48837 0.500096 0.511169
0.401337 0.531126 0.562836 0.482029 0.46558 0.541553 0.407106 0.582676 0.453852 0.51144 0.531046 0.51632 0.514874 0.501302 0.50328 0.525121 0.4924 0.480294 0.46772 0.507956
0.0538231 0.582742 0.610898 0.495141 0.430558 0.547229 0.446791 0.624283 0.411035 0.476755 0.495434 0.512535 0.544432 0.541788 0.450854 0.487217 0.510324 0.49938 0.536556 0.509861
0.440501 0.52911 0.557135 0.48532 0.466154 0.540229 0.409783 0.572096 0.458044 0.512795 0.528269 0.515821 0.515535 0.49571 0.509077 0.526551 0.491766 0.483034 0.460487 0.510047
0.779068 0.516052 0.520653 0.522176 0.470349 0.534565 0.452426 0.491438 0.483771 0.508004 0.490929 0.515593 0.512093 0.460706 0.556368 0.531281 0.512089 0.509455 0.420917 0.502709
0.519894 0.527902 0.546129 0.492766 0.467864 0.535155 0.417375 0.549878 0.465983 0.515289 0.521049 0.512769 0.515916 0.484218 0.522042 0.529099 0.491398 0.48892 0.445581 0.513829
0.67456 0.522664 0.527911 0.510141 0.470021 0.52933 0.436262 0.509828 0.479358 0.517513 0.506037 0.511815 0.516962 0.465785 0.547205 0.532102 0.499361 0.502973 0.425845 0.512509
0.989983 0.500598 0.521739 0.525068 0.476775 0.550574 0.478239 0.481534 0.491593 0.490964 0.487029 0.52266 0.520597 0.444007 0.561301 0.526661 0.510948 0.504904 0.423528 0.497082
0.289207 0.539996 0.573775 0.475563 0.454787 0.548573 0.407795 0.602756 0.443454 0.498393 0.532813 0.52369 0.522589 0.517651 0.481278 0.521436 0.488386 0.482392 0.48819 0.507492
0.946193 0.501308 0.520493 0.525185 0.476547 0.549777 0.476391 0.481995 0.489412 0.492644 0.487084 0.524486 0.52221 0.446048 0.558695 0.529085 0.511052 0.507217 0.422326 0.498021
0.480127 0.528048 0.551655 0.489105 0.467341 0.537772 0.413432 0.561195 0.461917 0.51423 0.52483 0.51454 0.515844 0.489954 0.515372 0.527908 0.491707 0.485725 0.453226 0.511908
0.254315 0.547098 0.577308 0.473389 0.446931 0.548298 0.409999 0.605789 0.440716 0.492922 0.530798 0.521573 0.523849 0.522975 0.477363 0.517209 0.485188 0.483892 0.493155 0.509822
0.0100967 0.588482 0.618606 0.500342 0.433613 0.549364 0.45682 0.629688 0.402301 0.474079 0.48868 0.513503 0.548676 0.544955 0.443646 0.482497 0.519285 0.503465 0.548863 0.507835
0.810894 0.513678 0.520108 0.524132 0.473977 0.536093 0.457136 0.488524 0.483384 0.504381 0.487374 0.516403 0.510437 0.457764 0.556642 0.531337 0.514359 0.507907 0.419654 0.500755
0.0778074 0.579817 0.607024 0.492458 0.429153 0.546929 0.4412 0.621339 0.416915 0.47775 0.499317 0.512376 0.542284 0.539271 0.454767 0.489806 0.505631 0.497896 0.529783 0.510636
0.103273 0.576071 0.602816 0.48977 0.42836 0.547992 0.43526 0.619094 0.424422 0.477956 0.503113 0.512055 0.539836 0.535941 0.458405 0.493282 0.501075 0.496429 0.522453 0.510632
0.59869 0.527268 0.536311 0.500737 0.467957 0.530388 0.426758 0.528017 0.473503 0.516847 0.513645 0.509466 0.516111 0.474433 0.536493 0.530841 0.493502 0.496467 0.432931 0.514565
0.130279 0.572337 0.59787 0.485216 0.431243 0.550219 0.430617 0.617575 0.430653 0.478454 0.509162 0.514952 0.536963 0.532435 0.462133 0.498536 0.495923 0.496409 0.516833 0.509831
0.189144 0.562735 0.586183 0.474455 0.439461 0.551203 0.421242 0.612039 0.435864 0.483526 0.524045 0.522512 0.53004 0.528732 0.470143 0.509065 0.485361 0.493716 0.507073 0.510368
0.841125 0.509612 0.518923 0.52491 0.47612 0.540819 0.462058 0.48551 0.48472 0.499993 0.486755 0.520803 0.51344 0.454215 0.555738 0.531726 0.513652 0.508715 0.42014 0.499865
0.13729 0.571942 0.596587 0.483394 0.432268 0.550067 0.429483 0.616771 0.43127 0.479123 0.51137 0.515823 0.535825 0.531852 0.46356 0.499545 0.494158 0.496355 0.515653 0.510083
0.928355 0.501791 0.519888 0.525302 0.47628 0.549531 0.475639 0.481788 0.489291 0.492614 0.486986 0.525041 0.522217 0.446543 0.557977 0.529378 0.511124 0.508009 0.422327 0.498471
0.229159 0.552136 0.579592 0.47306 0.442214 0.550168 0.413814 0.60766 0.438842 0.48796 0.52843 0.522861 0.526316 0.526668 0.473546 0.514462 0.483737 0.487449 0.498429 0.510989
0.4702 0.528326 0.553009 0.488105 0.466818 0.538526 0.412584 0.563836 0.460997 0.513749 0.525775 0.514941 0.51589 0.491486 0.513857 0.527557 0.491675 0.485292 0.455112 0.511355
0.430655 0.529511 0.558487 0.484404 0.465915 0.540775 0.408986 0.574733 0.457068 0.512405 0.529076 0.516136 0.515473 0.4971 0.507528 0.52623 0.491767 0.482445 0.46228 0.509596
0.166329 0.566653 0.590023 0.477543 0.436237 0.55005 0.424543 0.614696 0.433213 0.481825 0.518366 0.51934 0.531466 0.530697 0.467008 0.505331 0.488556 0.493655 0.510553 0.510872
0.803135 0.514443 0.520317 0.523695 0.473677 0.535017 0.455977 0.489082 0.48283 0.505433 0.488055 0.515707 0.510319 0.458591 0.556642 0.531555 0.514148 0.508014 0.419539 0.501116
0.298155 0.538724 0.57325 0.476111 0.456721 0.547944 0.407435 0.601977 0.444057 0.500045 0.533179 0.523209 0.521682 0.516366 0.48311 0.522009 0.489421 0.481688 0.486924 0.506828
0.665284 0.523415 0.528865 0.508946 0.469688 0.529263 0.435149 0.511825 0.478755 0.517576 0.507085 0.511356 0.516971 0.466752 0.546151 0.531973 0.498484 0.502345 0.426526 0.512877
0.509953 0.527804 0.547474 0.491907 0.468051 0.535775 0.416326 0.552791 0.464895 0.515146 0.52197 0.513345 0.515921 0.485517 0.520189 0.528895 0.491484 0.487934 0.447472 0.513457
0.876715 0.504649 0.518418 0.524925 0.477161 0.545798 0.469873 0.482156 0.48623 0.494495 0.486834 0.524153 0.518687 0.449832 0.555293 0.531482 0.511976 0.508845 0.420615 0.49996
0.903296 0.502685 0.518843 0.525151 0.476451 0.548252 0.473851 0.481169 0.488017 0.492834 0.487158 0.525476 0.521715 0.447918 0.556584 0.530442 0.511183 0.509174 0.421723 0.499286
0.151611 0.569967 0.593597 0.480326 0.434897 0.550864 0.42748 0.615784 0.432946 0.480208 0.515517 0.518442 0.53433 0.530539 0.465588 0.502605 0.49121 0.496494 0.513551 0.50981
0.334709 0.534648 0.571052 0.478507 0.462813 0.544749 0.40649 0.597791 0.446798 0.506181 0.533509 0.519808 0.517651 0.511269 0.491241 0.523312 0.493161 0.478937 0.481243 0.504967
0.0367865 0.584903 0.613874 0.497212 0.431627 0.547957 0.450671 0.626385 0.407566 0.475726 0.492694 0.512735 0.546053 0.54312 0.448041 0.485346 0.513826 0.500812 0.541291 0.509108
0.31627 0.536608 0.572471 0.47733 0.460298 0.546063 0.406827 0.600327 0.445276 0.50349 0.533535 0.521227 0.51936 0.513808 0.487387 0.522663 0.491727 0.479919 0.484229 0.505521
0.701837 0.520771 0.52536 0.513331 0.468914 0.530486 0.439885 0.504024 0.481389 0.515877 0.502708 0.512788 0.516685 0.46416 0.550602 0.531956 0.501981 0.505668 0.424364 0.510516
0.549648 0.527675 0.542038 0.495599 0.468509 0.53323 0.420384 0.541518 0.4689 0.516132 0.518203 0.511662 0.515998 0.479892 0.52691 0.530036 0.491359 0.491264 0.44004 0.515154
0.372427 0.532344 0.566644 0.480173 0.464904 0.543136 0.406288 0.589816 0.450935 0.509629 0.532889 0.517846 0.515838 0.505571 0.498411 0.524395 0.492828 0.47949 0.473761 0.506248
0.569355 0.527562 0.539692 0.497704 0.468855 0.531717 0.422643 0.536259 0.470679 0.516771 0.516159 0.510551 0.515724 0.477341 0.530542 0.530426 0.492104 0.492698 0.436785 0.515374
0.353451 0.533468 0.56841 0.478875 0.463683 0.544744 0.406251 0.593429 0.449081 0.507611 0.533767 0.519836 0.517616 0.508101 0.494395 0.524301 0.492044 0.480157 0.477295 0.505941
0.862761 0.506119 0.518264 0.524978 0.477232 0.543987 0.467355 0.482826 0.485278 0.496076 0.486672 0.523374 0.517065 0.451245 0.554996 0.531951 0.512513 0.508933 0.420188 0.500065
0.963213 0.501 0.520968 0.525167 0.476723 0.549968 0.477497 0.481636 0.490016 0.492004 0.487085 0.523815 0.521842 0.445402 0.559741 0.528292 0.511054 0.506474 0.422616 0.497578
0.627574 0.527848 0.534362 0.504677 0.466213 0.528119 0.431866 0.520919 0.476047 0.516805 0.509788 0.5063 0.514542 0.4728 0.544008 0.530095 0.497854 0.49972 0.430201 0.511339
0.391657 0.531558 0.564171 0.481372 0.465459 0.541991 0.406756 0.585152 0.452831 0.510942 0.531699 0.516719 0.515078 0.502702 0.501715 0.524876 0.492595 0.479907 0.469697 0.50735
0.770852 0.51613 0.520598 0.521416 0.469221 0.535065 0.451272 0.492107 0.48424 0.50863 0.492504 0.516369 0.513582 0.461231 0.555931 0.531418 0.510847 0.510423 0.421649 0.503406
0.212839 0.556387 0.582229 0.473235 0.440484 0.549895 0.416317 0.609438 0.437379 0.486184 0.52665 0.521789 0.527056 0.528045 0.472389 0.512036 0.484042 0.488997 0.50154 0.51118
0.0258607 0.586398 0.615843 0.498415 0.432601 0.548588 0.453232 0.62784 0.40541 0.474994 0.491061 0.513069 0.546996 0.543823 0.446228 0.484227 0.516083 0.50189 0.544425 0.508556
0.974233 0.500828 0.521275 0.525117 0.476745 0.550189 0.477741 0.481653 0.490551 0.491693 0.48708 0.523387 0.521423 0.444895 0.560302 0.527731 0.511001 0.505876 0.422931 0.497388
0.0967724 0.577176 0.603985 0.490565 0.428447 0.547674 0.436819 0.619354 0.422474 0.478048 0.502375 0.512332 0.540902 0.536755 0.457641 0.492231 0.502188 0.497186 0.524439 0.510594
0.737086 0.520322 0.523744 0.518346 0.46748 0.530341 0.4455 0.498594 0.483402 0.513346 0.495351 0.510688 0.512111 0.463252 0.555606 0.530014 0.508199 0.506186 0.422374 0.506577
0.529828 0.527723 0.544736 0.493768 0.468386 0.534419 0.418256 0.547201 0.46692 0.515724 0.520025 0.512414 0.515874 0.482623 0.523501 0.529467 0.491376 0.489404 0.443639 0.514439
0.280362 0.541514 0.574442 0.474991 0.452754 0.548906 0.408258 0.603484 0.442837 0.496819 0.532395 0.523716 0.523247 0.518986 0.479849 0.520631 0.4874 0.482991 0.489448 0.508137
0.719632 0.520569 0.524501 0.515875 0.467997 0.530306 0.442617 0.501151 0.482504 0.514724 0.499053 0.511577 0.514396 0.463708 0.553359 0.530954 0.505106 0.506048 0.423319 0.508543
0.450369 0.528821 0.555829 0.486265 0.466341 0.539609 0.410628 0.569455 0.459049 0.513165 0.527394 0.515374 0.515501 0.494348 0.51072 0.526798 0.491821 0.483608 0.458699 0.510462
0.951982 0.501181 0.520654 0.525159 0.476674 0.549829 0.476868 0.481819 0.489531 0.492401 0.487116 0.524254 0.522118 0.445877 0.559043 0.528874 0.51106 0.506993 0.422347 0.497855
0.890104 0.503038 0.518491 0.524792 0.476554 0.547511 0.473135 0.481028 0.487146 0.492642 0.487176 0.524966 0.521154 0.448531 0.555687 0.530948 0.511176 0.509106 0.421041 0.500098
0.411065 0.530632 0.561406 0.482744 0.465699 0.541256 0.407615 0.580076 0.4549 0.511822 0.53041 0.516179 0.514963 0.499873 0.504717 0.525478 0.492147 0.480924 0.465813 0.50855
0.915984 0.5021 0.519319 0.525219 0.476243 0.549105 0.475191 0.48125 0.488819 0.49241 0.487137 0.5254 0.522279 0.447126 0.557329 0.529816 0.511068 0.508744 0.422104 0.498919
0.262922 0.544323 0.575553 0.474198 0.4484 0.550037 0.409659 0.604782 0.441723 0.49323 0.531104 0.524214 0.524767 0.521929 0.476739 0.518991 0.485585 0.484512 0.49231 0.509426
0.109873 0.575199 0.601665 0.488746 0.428628 0.54832 0.433886 0.618725 0.426161 0.477988 0.504263 0.512147 0.538858 0.535096 0.45937 0.494353 0.499813 0.496037 0.520729 0.5106
0.984789 0.500682 0.521606 0.525133 0.476678 0.550428 0.478091 0.481617 0.49129 0.491276 0.486993 0.522912 0.52095 0.444266 0.561011 0.526977 0.51097 0.505219 0.423385 0.497163
0.490064 0.527972 0.550278 0.490041 0.467553 0.537096 0.414376 0.558415 0.462925 0.51454 0.523862 0.514097 0.515828 0.488489 0.516996 0.528207 0.491647 0.486425 0.451306 0.512422
0.245856 0.547442 0.576685 0.473602 0.444543 0.55168 0.411963 0.605823 0.440621 0.489421 0.529855 0.525554 0.526693 0.52479 0.473838 0.517355 0.483911 0.487083 0.495823 0.510446
0.181438 0.564116 0.587332 0.475279 0.438654 0.550969 0.422442 0.613123 0.435003 0.482956 0.522313 0.521743 0.530511 0.529319 0.469055 0.508054 0.486277 0.493855 0.508354 0.510436
0.588953 0.527477 0.537476 0.49973 0.468146 0.530728 0.425448 0.530727 0.472591 0.516833 0.514466 0.509636 0.515921 0.475455 0.534685 0.530658 0.493089 0.495253 0.434185 0.514757
0.818623 0.51265 0.519546 0.52455 0.474135 0.537645 0.458371 0.48754 0.484089 0.503187 0.487127 0.518056 0.511353 0.457091 0.556472 0.531361 0.514225 0.50867 0.41998 0.500345
0.683726 0.52167 0.526689 0.511042 0.469839 0.530184 0.437434 0.507449 0.48003 0.516873 0.505412 0.513067 0.517639 0.46501 0.547952 0.532432 0.499714 0.504474 0.425326 0.512155
0.608365 0.527322 0.535586 0.502083 0.467981 0.52941 0.428182 0.525819 0.47428 0.517199 0.512306 0.508472 0.515509 0.473518 0.538687 0.530685 0.494768 0.496954 0.431813 0.51396
0.754167 0.519133 0.522577 0.520358 0.46772 0.531685 0.448489 0.495701 0.484034 0.511363 0.492788 0.51186 0.51137 0.462556 0.556699 0.529905 0.510459 0.507407 0.421791 0.50474
0.0716532 0.580588 0.607922 0.493077 0.429484 0.546858 0.442648 0.622047 0.415202 0.477639 0.498385 0.512529 0.542858 0.540036 0.453773 0.489161 0.50674 0.49824 0.531562 0.510531
0.84842 0.508213 0.518384 0.524961 0.476334 0.542526 0.463602 0.484434 0.485223 0.498662 0.4871 0.522666 0.515217 0.45335 0.555318 0.531991 0.513016 0.509595 0.420475 0.499788
0.123378 0.573528 0.599225 0.486317 0.43005 0.549217 0.431543 0.617897 0.429138 0.478309 0.507358 0.513433 0.537216 0.533404 0.4614 0.496841 0.497121 0.495938 0.517897 0.51032
0.940357 0.501437 0.520325 0.52519 0.476502 0.549774 0.476031 0.482046 0.489374 0.492683 0.487072 0.524666 0.522158 0.446187 0.55841 0.529212 0.511064 0.507413 0.422311 0.498174
0.0840394 0.579049 0.606089 0.491909 0.428843 0.547142 0.439789 0.620476 0.41872 0.477945 0.500477 0.512493 0.542126 0.53842 0.455822 0.490493 0.504466 0.49792 0.528104 0.510596
0.0152702 0.587781 0.617675 0.499741 0.433189 0.549041 0.455625 0.629027 0.403277 0.474425 0.489449 0.513315 0.548178 0.544639 0.444512 0.483033 0.518213 0.502919 0.547389 0.508098
0.787161 0.515886 0.520725 0.522754 0.471743 0.534 0.453503 0.490734 0.483071 0.507426 0.489678 0.514902 0.510816 0.460152 0.556682 0.531352 0.513134 0.508546 0.420131 0.50209
0.048043 0.583443 0.611896 0.495842 0.430878 0.547397 0.448098 0.625017 0.409796 0.476405 0.494434 0.512468 0.544905 0.542304 0.449904 0.486562 0.511516 0.499739 0.538129 0.509634
0.833781 0.510834 0.519277 0.524926 0.475481 0.539508 0.46073 0.486401 0.484485 0.501127 0.486441 0.519358 0.512082 0.455173 0.556119 0.531419 0.514193 0.50824 0.419952 0.499952
0.196942 0.560363 0.584865 0.473983 0.440042 0.550571 0.419751 0.611288 0.435797 0.484471 0.524969 0.52246 0.528758 0.529011 0.470836 0.510153 0.485059 0.491798 0.505518 0.510689
0.995255 0.500506 0.521897 0.525014 0.476826 0.550734 0.478308 0.481551 0.491907 0.490749 0.487045 0.522421 0.520281 0.443723 0.561576 0.526351 0.510916 0.504559 0.423696 0.497
0.0596613 0.58212 0.609867 0.494394 0.430229 0.546997 0.445485 0.623445 0.412212 0.477203 0.496568 0.512709 0.544048 0.541285 0.451882 0.487847 0.50904 0.499122 0.535022 0.510116
0.646556 0.525818 0.531696 0.506916 0.468215 0.528214 0.433435 0.516485 0.477408 0.517529 0.508246 0.508338 0.515415 0.469612 0.545272 0.530953 0.49829 0.500569 0.428137 0.512239
0.00493177 0.589286 0.619463 0.500846 0.433997 0.549449 0.458041 0.630221 0.40106 0.473917 0.488046 0.513701 0.549219 0.545416 0.442903 0.481899 0.520207 0.504004 0.550403 0.507664
0.651241 0.525151 0.530971 0.507452 0.468813 0.528415 0.43376 0.515405 0.477719 0.517673 0.507925 0.509142 0.515768 0.468765 0.545365 0.531233 0.498304 0.50079 0.42769 0.512547
0.0626357 0.581611 0.609257 0.494074 0.429762 0.546507 0.444758 0.623048 0.412532 0.477474 0.496824 0.512208 0.543638 0.541354 0.452414 0.48807 0.508396 0.498443 0.534075 0.510379
0.893467 0.503306 0.518697 0.525038 0.476762 0.547443 0.472566 0.481512 0.487375 0.493241 0.486972 0.524912 0.520579 0.448478 0.556032 0.530797 0.511473 0.508893 0.42126 0.499626
0.880079 0.504431 0.518528 0.524954 0.477126 0.546036 0.470396 0.482084 0.486429 0.494267 0.486793 0.524151 0.518926 0.449535 0.555471 0.53131 0.511934 0.508717 0.420705 0.499896
0.925287 0.501884 0.519635 0.525254 0.476576 0.549337 0.476203 0.481083 0.488984 0.492088 0.487113 0.525101 0.522199 0.446897 0.557906 0.529546 0.51122 0.508429 0.422012 0.49852
0.0126768 0.588171 0.618103 0.500049 0.433339 0.549149 0.456219 0.629249 0.402734 0.47435 0.489156 0.51351 0.548566 0.54483 0.444119 0.482738 0.518685 0.503283 0.54816 0.507995
0.0935525 0.577753 0.604564 0.490843 0.428497 0.547424 0.437541 0.619586 0.421472 0.478045 0.501908 0.512286 0.541083 0.537208 0.457262 0.49169 0.502723 0.497311 0.525332 0.510684
0.00751423 0.588884 0.619034 0.500594 0.433805 0.549407 0.457431 0.629955 0.401681 0.473998 0.488363 0.513602 0.548948 0.545186 0.443274 0.482198 0.519746 0.503734 0.549633 0.50775
0.749933 0.519518 0.522852 0.519918 0.467565 0.531364 0.447731 0.496424 0.483922 0.511826 0.49329 0.511522 0.511393 0.462817 0.556455 0.529883 0.509995 0.507129 0.421915 0.50515
0.147997 0.570313 0.594352 0.48126 0.434307 0.550956 0.42806 0.616126 0.432749 0.479808 0.514424 0.517975 0.534943 0.530759 0.464952 0.50199 0.492076 0.496656 0.514136 0.509676
0.791179 0.514614 0.519894 0.522964 0.471351 0.536184 0.454338 0.489795 0.484063 0.50636 0.490118 0.517407 0.512616 0.459698 0.556218 0.531616 0.512577 0.51017 0.420839 0.501846
0.971482 0.500877 0.521209 0.525155 0.476696 0.550129 0.477699 0.481656 0.490463 0.491779 0.487052 0.523488 0.521544 0.44499 0.560199 0.527828 0.511017 0.506012 0.422893 0.497423
0.293674 0.539729 0.573654 0.475598 0.455586 0.547844 0.407442 0.602258 0.443737 0.499385 0.533116 0.522849 0.521881 0.516912 0.482607 0.52152 0.488688 0.481872 0.487258 0.507302
0.225042 0.553269 0.5803 0.472958 0.441985 0.550103 0.414688 0.608067 0.438191 0.487461 0.528212 0.522875 0.526404 0.527291 0.473398 0.51387 0.483773 0.48798 0.499522 0.511
0.669923 0.52283 0.528197 0.509445 0.469779 0.529688 0.435698 0.510615 0.479121 0.517385 0.506823 0.512127 0.517399 0.466238 0.546481 0.532194 0.498647 0.503078 0.426265 0.512775
0.584086 0.527429 0.537885 0.499094 0.468215 0.531168 0.424722 0.531917 0.472167 0.516713 0.515089 0.510108 0.516153 0.475901 0.533564 0.530706 0.492536 0.494876 0.434784 0.51505
0.504981 0.527846 0.548168 0.491434 0.4679 0.536125 0.415847 0.554183 0.464413 0.514978 0.522455 0.513547 0.51592 0.486268 0.519395 0.528725 0.491512 0.48759 0.448436 0.513193
0.799135 0.514195 0.519803 0.52352 0.472195 0.5364 0.455456 0.489141 0.483994 0.505548 0.489076 0.517411 0.51197 0.459051 0.556387 0.531524 0.513245 0.509666 0.420489 0.501328
0.386822 0.531762 0.564903 0.48109 0.465436 0.542145 0.406595 0.58646 0.452323 0.510732 0.532011 0.516818 0.515086 0.50345 0.501012 0.524697 0.492811 0.479625 0.470755 0.506968
0.900012 0.502542 0.518808 0.525196 0.475972 0.548651 0.473783 0.481492 0.488509 0.492691 0.486958 0.525585 0.521944 0.447496 0.556352 0.530201 0.511059 0.508944 0.422036 0.499599
0.741386 0.519551 0.523096 0.518732 0.467512 0.53147 0.44629 0.49752 0.48375 0.512632 0.49529 0.512145 0.512896 0.462973 0.555537 0.530341 0.508328 0.507382 0.422496 0.506141
0.679144 0.521957 0.527109 0.510493 0.469855 0.530148 0.43684 0.508427 0.479759 0.517034 0.505986 0.512983 0.517733 0.465367 0.547381 0.532423 0.499262 0.504142 0.425666 0.512414
0.155244 0.569375 0.592845 0.479634 0.435486 0.551034 0.426936 0.615505 0.433342 0.480488 0.516476 0.519029 0.53396 0.530242 0.466049 0.503346 0.490533 0.496432 0.512978 0.509776
0.660635 0.523652 0.5293 0.508359 0.469434 0.529491 0.434701 0.512707 0.478462 0.51745 0.507763 0.51142 0.517199 0.467358 0.545629 0.532004 0.498139 0.502446 0.427037 0.512813
0.45532 0.528613 0.555125 0.486747 0.466605 0.539313 0.411104 0.568089 0.459473 0.513378 0.527015 0.515325 0.515625 0.493599 0.511448 0.527036 0.491821 0.483961 0.457827 0.510689
0.807014 0.514061 0.520212 0.523914 0.473827 0.535555 0.456556 0.488803 0.483107 0.504907 0.487715 0.516055 0.510378 0.458177 0.556642 0.531446 0.514253 0.50796 0.419596 0.500935
0.302661 0.53851 0.57325 0.476203 0.45765 0.547019 0.407117 0.60158 0.444283 0.501173 0.533431 0.522132 0.52076 0.515661 0.484625 0.521988 0.489911 0.48098 0.486049 0.506554
0.866245 0.505869 0.518314 0.524994 0.477349 0.544163 0.467971 0.482592 0.48531 0.495767 0.486648 0.523411 0.517301 0.451019 0.555117 0.531892 0.512485 0.508873 0.420155 0.49999
0.766712 0.51746 0.521483 0.521301 0.468945 0.533264 0.450543 0.493346 0.483942 0.50965 0.491969 0.513975 0.511984 0.461652 0.556566 0.530688 0.511268 0.508758 0.421382 0.503673
0.435572 0.529356 0.557813 0.48485 0.466024 0.540473 0.409368 0.573417 0.457547 0.512607 0.528639 0.515934 0.515459 0.49639 0.508306 0.526385 0.491758 0.482715 0.461336 0.509843
0.320863 0.536211 0.572004 0.477425 0.460902 0.545805 0.406697 0.599543 0.445634 0.504145 0.533712 0.521047 0.519077 0.513093 0.488324 0.522924 0.491752 0.479862 0.483359 0.505557
0.250075 0.547635 0.577369 0.473372 0.445866 0.549185 0.410714 0.605964 0.440544 0.491677 0.530375 0.522493 0.524689 0.523734 0.476226 0.516974 0.484718 0.484867 0.494175 0.510102
0.70632 0.520685 0.525111 0.513959 0.468665 0.530458 0.440569 0.503248 0.481696 0.515615 0.501854 0.512537 0.516215 0.464008 0.551312 0.531731 0.502711 0.50583 0.424105 0.510049
0.330077 0.535133 0.571161 0.478041 0.46209 0.545417 0.406601 0.598185 0.446439 0.50533 0.533679 0.520679 0.518514 0.511777 0.490005 0.523393 0.49237 0.479636 0.481878 0.505308
0.859259 0.506709 0.518206 0.525041 0.476628 0.544533 0.465264 0.483901 0.486107 0.497304 0.487171 0.524122 0.516628 0.451922 0.555082 0.531901 0.512497 0.509702 0.420965 0.499643
0.544691 0.527682 0.542716 0.495119 0.468373 0.533575 0.419897 0.542894 0.468417 0.515982 0.51872 0.51187 0.516033 0.480637 0.526116 0.529889 0.49136 0.490919 0.440991 0.514908
0.632381 0.527577 0.533757 0.505199 0.466321 0.528045 0.432407 0.519681 0.476472 0.516871 0.509389 0.506453 0.514684 0.47219 0.544679 0.530211 0.498017 0.50016 0.429645 0.511366
0.57427 0.527483 0.539032 0.498129 0.468578 0.531656 0.423354 0.534735 0.471211 0.516683 0.515882 0.510553 0.516007 0.476862 0.531507 0.530555 0.492143 0.493574 0.436145 0.515292
0.377207 0.532223 0.565489 0.480072 0.464749 0.543603 0.406414 0.588072 0.451581 0.509544 0.53297 0.518602 0.516622 0.504496 0.498701 0.524989 0.49174 0.480641 0.472433 0.506997
0.0285438 0.586033 0.615312 0.498133 0.43226 0.548321 0.452591 0.627394 0.40584 0.475267 0.491489 0.512974 0.546848 0.543735 0.446712 0.484463 0.515473 0.501611 0.543657 0.508738
0.367657 0.532492 0.567803 0.480273 0.465166 0.542594 0.406206 0.591551 0.450224 0.509764 0.532827 0.517081 0.515084 0.5066 0.498124 0.523856 0.493925 0.478339 0.475067 0.505488
0.495038 0.527921 0.549549 0.49049 0.467644 0.536822 0.414903 0.55696 0.463419 0.514652 0.523432 0.513989 0.51594 0.487753 0.517785 0.528412 0.49157 0.486912 0.450368 0.512665
0.311704 0.537088 0.572651 0.476958 0.459406 0.546515 0.406974 0.600757 0.444907 0.502635 0.533539 0.521747 0.519939 0.514529 0.486333 0.522548 0.491107 0.480334 0.484935 0.505834
0.992639 0.500549 0.521817 0.525034 0.47681 0.550658 0.478243 0.481563 0.491731 0.49088 0.487046 0.522551 0.520442 0.443875 0.561418 0.526529 0.510928 0.504735 0.4236 0.497045
0.406198 0.530995 0.562197 0.482382 0.465705 0.54122 0.407341 0.581427 0.454312 0.51172 0.530673 0.516035 0.514738 0.500574 0.5041 0.525252 0.492349 0.480463 0.4667 0.508239
0.965971 0.500958 0.521048 0.52516 0.47672 0.550023 0.477566 0.48164 0.490162 0.491924 0.487077 0.523704 0.521739 0.445266 0.559891 0.528139 0.511042 0.506319 0.422704 0.497527
0.358167 0.533218 0.567866 0.479093 0.463997 0.544479 0.406244 0.592427 0.449549 0.508068 0.533658 0.519561 0.517384 0.507351 0.495274 0.524465 0.492022 0.480207 0.476315 0.506106
0.906481 0.502483 0.51885 0.525154 0.476153 0.548644 0.474284 0.480981 0.48836 0.492719 0.48743 0.525864 0.522342 0.447856 0.556848 0.530304 0.510978 0.509582 0.422011 0.499138
0.514928 0.527854 0.546807 0.492336 0.467952 0.535444 0.416829 0.551345 0.46545 0.515232 0.521502 0.513014 0.51589 0.484869 0.52113 0.528983 0.49144 0.488388 0.446508 0.513655
0.912834 0.502267 0.518978 0.525124 0.476714 0.548797 0.475812 0.480293 0.488315 0.491841 0.487434 0.525535 0.522224 0.447764 0.557278 0.530131 0.511191 0.509437 0.421649 0.49889
0.425741 0.529817 0.559204 0.483957 0.465849 0.54089 0.408604 0.576069 0.456512 0.512267 0.529397 0.516134 0.515321 0.49777 0.506805 0.526053 0.491823 0.482049 0.463104 0.509375
0.233276 0.551255 0.579135 0.472992 0.442899 0.549974 0.413203 0.607282 0.439111 0.488648 0.528976 0.522876 0.525973 0.526215 0.474128 0.514978 0.483807 0.486978 0.497652 0.510829
0.715224 0.520494 0.524596 0.515218 0.468181 0.530574 0.441897 0.50176 0.482285 0.514934 0.500086 0.512171 0.515172 0.463829 0.552577 0.531307 0.504218 0.506207 0.423625 0.509037
0.534783 0.527772 0.544081 0.494179 0.468188 0.534169 0.418855 0.545701 0.467452 0.515733 0.519634 0.512175 0.515947 0.482053 0.52449 0.529565 0.491365 0.490053 0.442785 0.514513
0.55458 0.527151 0.540868 0.495487 0.467376 0.53423 0.421317 0.539121 0.46957 0.515361 0.51896 0.512872 0.517764 0.479681 0.5277 0.530601 0.490386 0.49375 0.439623 0.515122
0.113213 0.574949 0.601111 0.488078 0.428947 0.548446 0.433296 0.618464 0.426902 0.478087 0.505087 0.51236 0.538396 0.534655 0.460004 0.494867 0.499068 0.496045 0.520008 0.510561
0.140837 0.571211 0.595838 0.482878 0.432933 0.550591 0.429036 0.616606 0.431939 0.47926 0.512301 0.516681 0.535779 0.531416 0.463872 0.500474 0.493599 0.496576 0.515168 0.509806
0.774983 0.516347 0.520768 0.521804 0.470065 0.534262 0.451749 0.491825 0.483658 0.508539 0.491578 0.515456 0.512377 0.461074 0.556285 0.531386 0.511687 0.509632 0.421024 0.503011
0.564433 0.527547 0.540201 0.497073 0.468557 0.532289 0.422131 0.537406 0.470276 0.516469 0.516859 0.511017 0.516045 0.478051 0.529646 0.53038 0.491741 0.492663 0.437651 0.515302
0.396477 0.531257 0.563475 0.481677 0.465455 0.541886 0.406871 0.583925 0.453392 0.51116 0.531419 0.516605 0.515011 0.502031 0.50246 0.52499 0.492452 0.480124 0.468739 0.507672
0.60353 0.527375 0.536122 0.501588 0.468275 0.529523 0.427456 0.527186 0.473801 0.517299 0.512723 0.508603 0.515428 0.473908 0.537692 0.530657 0.494496 0.496223 0.432359 0.514191
0.445432 0.529014 0.556501 0.485791 0.466328 0.539798 0.410197 0.570794 0.458465 0.513047 0.527783 0.515504 0.515444 0.49499 0.509903 0.526695 0.491823 0.483227 0.459519 0.510279
0.348733 0.533769 0.56893 0.47864 0.463426 0.544982 0.406281 0.594392 0.448565 0.507164 0.533875 0.520147 0.517909 0.50878 0.493465 0.524207 0.492023 0.480156 0.478205 0.505805
0.485099 0.528169 0.550978 0.489533 0.46722 0.537449 0.413956 0.559732 0.46248 0.514283 0.524312 0.514218 0.515796 0.489283 0.516296 0.527991 0.491645 0.486211 0.452236 0.512125
0.524862 0.527832 0.54544 0.493249 0.468025 0.53481 0.417842 0.548509 0.466473 0.515468 0.520566 0.512569 0.515915 0.48347 0.522831 0.529262 0.491384 0.489237 0.444632 0.514089
0.0340009 0.585294 0.614362 0.497534 0.431846 0.548118 0.451319 0.626709 0.407017 0.475574 0.492316 0.512881 0.54637 0.5433 0.447587 0.485055 0.514382 0.501143 0.542102 0.508972
0.177614 0.564182 0.587738 0.475889 0.437638 0.550182 0.422727 0.613714 0.433978 0.482737 0.520716 0.520518 0.530069 0.530338 0.468212 0.507396 0.486959 0.492561 0.508631 0.511016
0.59382 0.527524 0.537067 0.500366 0.468078 0.530288 0.426174 0.529538 0.473016 0.516953 0.513843 0.509164 0.515689 0.475009 0.535806 0.530611 0.493642 0.49563 0.433586 0.514463
0.241638 0.549343 0.578166 0.473187 0.444246 0.54967 0.411903 0.606603 0.43988 0.490076 0.529649 0.522762 0.525419 0.525005 0.475037 0.516026 0.484195 0.485928 0.495882 0.510507
0.6132 0.527269 0.53505 0.502578 0.467686 0.529298 0.428908 0.524453 0.47476 0.517099 0.511889 0.508341 0.51559 0.473128 0.539682 0.530712 0.49504 0.497685 0.431266 0.513729
0.886823 0.503726 0.518557 0.524928 0.476775 0.547027 0.471714 0.481667 0.487077 0.493533 0.487057 0.524736 0.520069 0.448976 0.555744 0.531013 0.51156 0.50902 0.421086 0.499817
0.339376 0.534315 0.570502 0.478637 0.463141 0.544639 0.4064 0.596845 0.447346 0.506647 0.533592 0.519659 0.517483 0.510533 0.492148 0.523496 0.493058 0.479066 0.48034 0.505088
0.732753 0.520456 0.523894 0.517813 0.467477 0.530435 0.444816 0.499188 0.483245 0.513593 0.496135 0.51096 0.51254 0.463492 0.555069 0.530195 0.507572 0.50629 0.422629 0.506966
0.465222 0.528327 0.553737 0.487668 0.46678 0.538804 0.412038 0.565319 0.460496 0.513663 0.526215 0.515076 0.515786 0.492209 0.513039 0.527364 0.491762 0.484763 0.456062 0.511122
0.0747088 0.580185 0.607453 0.492765 0.429316 0.546868 0.441937 0.621699 0.416008 0.477714 0.498842 0.512457 0.542578 0.539689 0.454258 0.489495 0.506181 0.498046 0.530686 0.510591
0.688282 0.521742 0.526527 0.511683 0.469733 0.529727 0.437982 0.506812 0.480325 0.51689 0.504409 0.51234 0.516901 0.464685 0.548784 0.532108 0.5004 0.504129 0.424872 0.511917
0.275952 0.54245 0.574941 0.474624 0.451817 0.548708 0.408459 0.603906 0.442409 0.496236 0.532239 0.5233 0.523271 0.519689 0.479476 0.520081 0.486978 0.483038 0.490032 0.508433
0.415951 0.530442 0.560787 0.483183 0.465968 0.540914 0.407989 0.578838 0.455336 0.512113 0.530073 0.515979 0.514962 0.499137 0.505527 0.525679 0.492208 0.481168 0.464915 0.508703
0.943278 0.50139 0.520395 0.52525 0.476479 0.549671 0.476499 0.481846 0.48936 0.492611 0.487043 0.524577 0.522334 0.446158 0.55866 0.529121 0.51109 0.50741 0.422309 0.498045
0.133754 0.572204 0.597197 0.484205 0.43179 0.550099 0.430043 0.617251 0.430951 0.478786 0.510263 0.515326 0.536254 0.532149 0.462869 0.499063 0.494977 0.496311 0.51622 0.509982
0.976822 0.500824 0.521345 0.525194 0.476657 0.550177 0.478038 0.481509 0.490787 0.491526 0.487 0.523268 0.521392 0.444728 0.560592 0.527459 0.511024 0.505771 0.423094 0.497289
0.0509331 0.583093 0.611397 0.495492 0.430718 0.547313 0.447445 0.62465 0.410415 0.47658 0.494934 0.512501 0.544668 0.542046 0.450379 0.48689 0.51092 0.499559 0.537343 0.509747
0.25864 0.546028 0.576768 0.473718 0.44792 0.548524 0.409709 0.60543 0.441059 0.49352 0.531011 0.522108 0.523835 0.522328 0.477594 0.517862 0.485595 0.483757 0.492567 0.509546
0.284764 0.541053 0.574301 0.475107 0.453781 0.548276 0.407839 0.603138 0.443077 0.497868 0.5327 0.523094 0.522573 0.518232 0.480961 0.520841 0.487841 0.482388 0.488582 0.507881
0.822447 0.512173 0.519429 0.524688 0.474446 0.538132 0.459027 0.487185 0.484188 0.502628 0.486895 0.518438 0.511558 0.456628 0.556368 0.531385 0.514245 0.508611 0.419956 0.500235
0.475144 0.52817 0.552432 0.488658 0.467144 0.538006 0.412863 0.562697 0.461478 0.514111 0.525192 0.514488 0.515589 0.490729 0.514659 0.527605 0.491819 0.485153 0.454136 0.511658
0.0395721 0.584512 0.613386 0.496891 0.431408 0.547797 0.450023 0.626061 0.408115 0.475878 0.493072 0.512589 0.545737 0.54294 0.448495 0.485637 0.513271 0.500482 0.54048 0.509245
0.170058 0.566845 0.589598 0.47659 0.437742 0.550931 0.424534 0.614258 0.434071 0.482064 0.520341 0.520982 0.531801 0.529708 0.468023 0.50617 0.4877 0.49526 0.510603 0.510143
0.21687 0.55508 0.581346 0.473259 0.440745 0.550322 0.415808 0.608925 0.437744 0.486289 0.52695 0.522509 0.527031 0.527925 0.472286 0.512754 0.48387 0.488749 0.50091 0.511254
0.193025 0.561419 0.585439 0.474242 0.439251 0.550651 0.420328 0.611545 0.4357 0.483878 0.524179 0.522056 0.529127 0.529163 0.470388 0.509419 0.485127 0.492284 0.506069 0.51088
0.931387 0.501715 0.520165 0.525415 0.475876 0.549724 0.475067 0.48256 0.489697 0.493213 0.486788 0.524996 0.522292 0.446123 0.558104 0.529134 0.511036 0.507565 0.422738 0.498397
0.783107 0.516158 0.520916 0.522433 0.471437 0.533713 0.452955 0.491221 0.483016 0.507804 0.490068 0.514569 0.510915 0.460359 0.55658 0.531306 0.512822 0.508404 0.420238 0.502435
0.837449 0.510086 0.518963 0.524893 0.475809 0.540347 0.461429 0.485785 0.484609 0.500488 0.486778 0.520454 0.513075 0.454728 0.555822 0.531705 0.513783 0.50879 0.4201 0.499904
0.873162 0.50515 0.518421 0.524974 0.477238 0.5451 0.469184 0.482338 0.485869 0.495017 0.48672 0.523781 0.518114 0.450277 0.555294 0.531601 0.51221 0.508795 0.42043 0.499943
0.208817 0.556868 0.582383 0.47368 0.4397 0.550734 0.417047 0.609758 0.437399 0.485177 0.525744 0.522441 0.527966 0.528336 0.471125 0.511744 0.484063 0.489835 0.50238 0.511348
0.0178901 0.587378 0.617247 0.499484 0.433016 0.549029 0.455008 0.628763 0.403933 0.474497 0.489782 0.513248 0.547907 0.544382 0.444881 0.483346 0.517751 0.502672 0.546614 0.508175
0.814774 0.513295 0.520004 0.52435 0.474126 0.536632 0.457715 0.488244 0.483661 0.503855 0.487034 0.51675 0.510496 0.45735 0.556642 0.531227 0.514464 0.507853 0.419711 0.500574
0.852019 0.507905 0.5185 0.524948 0.476616 0.54263 0.464376 0.484177 0.485172 0.498173 0.48695 0.522472 0.515318 0.452912 0.5554 0.531894 0.513021 0.509239 0.420339 0.499805
0.844774 0.508997 0.518707 0.524929 0.476265 0.541489 0.462839 0.484961 0.484858 0.49934 0.486867 0.521505 0.514149 0.453855 0.555591 0.531839 0.513422 0.509054 0.420201 0.499822
0.697327 0.520967 0.525649 0.51275 0.469259 0.530405 0.439274 0.504823 0.481012 0.516158 0.503427 0.512952 0.516992 0.464305 0.549879 0.532138 0.501363 0.505391 0.42456 0.510995
0.937366 0.501526 0.520197 0.525216 0.476495 0.549686 0.476028 0.481909 0.489282 0.492649 0.48708 0.524785 0.52222 0.446342 0.558301 0.529306 0.511091 0.507632 0.422258 0.498226
0.119975 0.574022 0.5999 0.486946 0.429568 0.548881 0.43209 0.618028 0.428389 0.47823 0.506544 0.512944 0.537576 0.533854 0.460971 0.496086 0.497785 0.495908 0.518552 0.510452
0.0809019 0.579416 0.606536 0.492182 0.428995 0.547011 0.440507 0.620914 0.417767 0.477867 0.499888 0.512438 0.542212 0.53888 0.455283 0.490161 0.505044 0.497885 0.528957 0.510623
0.997799 0.500447 0.521958 0.524934 0.476916 0.550833 0.478252 0.481589 0.49198 0.490654 0.487104 0.522312 0.520088 0.443635 0.56162 0.526286 0.510886 0.504398 0.423708 0.496997
0.622804 0.527822 0.534756 0.504102 0.466821 0.528151 0.4309 0.522283 0.475576 0.517097 0.510259 0.506529 0.514524 0.472904 0.542761 0.530165 0.497204 0.498673 0.430506 0.512051
0.200871 0.559213 0.583979 0.473843 0.439528 0.550515 0.418733 0.610685 0.436345 0.48455 0.525026 0.522123 0.528279 0.528967 0.470917 0.510519 0.484586 0.490895 0.504303 0.511152
0.162623 0.567886 0.591154 0.478264 0.436064 0.550671 0.425396 0.614859 0.433691 0.48128 0.517951 0.519398 0.532643 0.530117 0.466847 0.504589 0.48917 0.495194 0.511392 0.510284
0.641815 0.52651 0.532442 0.506328 0.46729 0.528187 0.433235 0.517488 0.47712 0.517172 0.508632 0.507589 0.515171 0.470647 0.545264 0.530639 0.498293 0.500652 0.42872 0.511736
0.954791 0.501144 0.520672 0.52516 0.476794 0.549759 0.477385 0.481478 0.489495 0.49214 0.48716 0.524156 0.522146 0.445905 0.559263 0.528801 0.5111 0.507033 0.422276 0.497745
0.919139 0.501994 0.519393 0.52514 0.476481 0.549125 0.475454 0.4811 0.488684 0.492295 0.487264 0.525336 0.522283 0.447144 0.557442 0.529872 0.511048 0.508731 0.421969 0.498809
0.267236 0.544018 0.575572 0.474145 0.449566 0.549075 0.409083 0.604528 0.441883 0.49453 0.531638 0.523234 0.523916 0.521101 0.478132 0.519157 0.486008 0.483709 0.491338 0.509103
0.987367 0.500641 0.52166 0.525087 0.476759 0.550497 0.478175 0.481545 0.491417 0.491095 0.487031 0.52279 0.520759 0.44416 0.561142 0.526839 0.51096 0.50508 0.423432 0.497126
0.94907 0.501246 0.520562 0.525162 0.476652 0.54981 0.476709 0.48183 0.48948 0.492429 0.487112 0.524352 0.522121 0.445969 0.558891 0.52896 0.511068 0.507114 0.42232 0.497933
0.0686424 0.580952 0.608399 0.493402 0.429669 0.546869 0.443363 0.622418 0.414418 0.477529 0.4979 0.512544 0.543124 0.540378 0.453286 0.488839 0.507321 0.49841 0.532425 0.510438
0.829991 0.511307 0.519379 0.524839 0.475117 0.539028 0.460151 0.486736 0.484412 0.501646 0.486565 0.51895 0.511844 0.455625 0.556232 0.531357 0.514229 0.508268 0.419963 0.500058
0.100025 0.576711 0.603451 0.49014 0.428285 0.547638 0.435992 0.619113 0.423332 0.478055 0.502736 0.512016 0.540252 0.536436 0.458128 0.492596 0.501596 0.496689 0.523401 0.510737
0.126803 0.573064 0.598627 0.485754 0.430501 0.549536 0.431033 0.617626 0.429845 0.478407 0.50824 0.513974 0.536988 0.53297 0.461896 0.497504 0.496483 0.496093 0.517305 0.510177
0.758366 0.518655 0.522214 0.520731 0.468 0.532207 0.44918 0.494969 0.484104 0.510813 0.49239 0.512495 0.511484 0.462286 0.5567 0.530077 0.510775 0.507806 0.421661 0.504385
0.0452104 0.583882 0.612447 0.496176 0.431216 0.547758 0.448771 0.625371 0.409415 0.476181 0.494124 0.512813 0.545289 0.542329 0.449408 0.486315 0.51212 0.50027 0.538991 0.509421
0.724006 0.520532 0.524299 0.516521 0.467824 0.530349 0.44335 0.500497 0.482751 0.514347 0.49808 0.511371 0.513777 0.463636 0.553929 0.530701 0.505928 0.506129 0.423089 0.508017
0.982193 0.500714 0.521524 0.525124 0.476731 0.550363 0.478092 0.481552 0.491114 0.491307 0.487027 0.523007 0.521042 0.44442 0.560877 0.52714 0.510985 0.505383 0.423263 0.497201
0.106539 0.575458 0.602238 0.489421 0.428246 0.548116 0.434451 0.61894 0.425372 0.477904 0.503414 0.511853 0.53927 0.535584 0.458763 0.493776 0.50056 0.495958 0.521424 0.510695
0.0871769 0.578682 0.605641 0.491637 0.428692 0.547274 0.43907 0.620038 0.419673 0.478024 0.501065 0.512548 0.54204 0.53796 0.45636 0.490825 0.503888 0.497955 0.527251 0.510568
0.960455 0.50102 0.520815 0.525055 0.476989 0.549924 0.477518 0.481448 0.489659 0.4919 0.487245 0.523932 0.521837 0.44571 0.559472 0.528617 0.511075 0.506735 0.422306 0.49766
0.1853 0.563217 0.586701 0.474933 0.438853 0.550863 0.421737 0.612597 0.435235 0.483263 0.522935 0.521847 0.53005 0.529267 0.469499 0.508509 0.485894 0.493331 0.507592 0.510584
0.0567422 0.582431 0.610383 0.494768 0.430393 0.547113 0.446138 0.623864 0.411624 0.476979 0.496001 0.512622 0.54424 0.541536 0.451368 0.487532 0.509682 0.499251 0.535789 0.509988
0.00244678 0.58972 0.619928 0.501036 0.434391 0.549698 0.458662 0.630578 0.400613 0.47374 0.487805 0.513994 0.549425 0.545474 0.44249 0.481697 0.520698 0.504408 0.551195 0.507512
0.0231997 0.586865 0.616255 0.498628 0.432806 0.548563 0.453873 0.628064 0.40468 0.474984 0.490813 0.513231 0.547304 0.544097 0.445887 0.483905 0.516496 0.502201 0.545258 0.508503
0.00878674 0.588683 0.61882 0.500471 0.4337 0.54937 0.457129 0.62982 0.401974 0.474043 0.488514 0.513537 0.548811 0.545084 0.443461 0.48234 0.519516 0.503588 0.54925 0.507797
0.726221 0.520338 0.524097 0.516772 0.46776 0.530532 0.44367 0.500075 0.482905 0.514151 0.497813 0.511542 0.513795 0.463516 0.554118 0.530709 0.506132 0.506353 0.423014 0.507825
0.02185 0.586928 0.616507 0.498959 0.432737 0.548739 0.45412 0.628192 0.404598 0.474848 0.490505 0.513244 0.54759 0.544149 0.445596 0.483752 0.516853 0.502361 0.545556 0.508398
0.183369 0.563667 0.587017 0.475106 0.438754 0.550916 0.422089 0.61286 0.435119 0.483109 0.522624 0.521795 0.530281 0.529293 0.469277 0.508282 0.486085 0.493593 0.507973 0.51051
0.171945 0.565929 0.589007 0.476469 0.437484 0.550522 0.423932 0.614186 0.433873 0.482258 0.520134 0.520565 0.531125 0.530086 0.467894 0.506472 0.48756 0.49406 0.509932 0.510576
0.10821 0.575526 0.601994 0.488954 0.428497 0.548109 0.434204 0.618762 0.425677 0.478004 0.503981 0.511985 0.539 0.535339 0.459225 0.493975 0.500081 0.496076 0.521126 0.510679
0.986037 0.500652 0.521634 0.52508 0.476733 0.550494 0.478029 0.481645 0.491337 0.491212 0.48703 0.52285 0.520815 0.444216 0.561019 0.526941 0.510951 0.505124 0.423392 0.497173
0.477639 0.528214 0.552027 0.488852 0.467108 0.53793 0.413203 0.561874 0.461731 0.514085 0.524995 0.514516 0.515741 0.490362 0.515054 0.527743 0.491716 0.48558 0.453664 0.511767
0.08561 0.578807 0.60576 0.491637 0.428804 0.547131 0.439383 0.620439 0.419116 0.477961 0.50064 0.512409 0.541725 0.538284 0.456004 0.490751 0.504145 0.497619 0.527591 0.510698
0.128525 0.572676 0.598191 0.485446 0.430951 0.549963 0.430831 0.617716 0.430317 0.478405 0.508692 0.514517 0.536959 0.532649 0.461954 0.49813 0.496188 0.496259 0.517065 0.509954
0.16076 0.568167 0.591543 0.478633 0.435907 0.550742 0.425786 0.615045 0.433533 0.481093 0.517549 0.519324 0.53296 0.530241 0.466603 0.504316 0.489541 0.495421 0.51181 0.510169
0.96183 0.500995 0.520847 0.525036 0.477013 0.549954 0.477539 0.481447 0.489703 0.491858 0.487259 0.523881 0.521776 0.445663 0.559523 0.528569 0.511066 0.506667 0.422325 0.497642
0.699585 0.520878 0.525517 0.513041 0.469051 0.530437 0.439568 0.504452 0.481226 0.516027 0.503059 0.512831 0.516829 0.464237 0.550262 0.532026 0.501665 0.505502 0.424472 0.510753
0.950528 0.501212 0.520614 0.525161 0.476656 0.549833 0.47675 0.481858 0.489521 0.492435 0.48711 0.524305 0.52211 0.445909 0.558962 0.528912 0.511061 0.507038 0.422347 0.497896
0.801113 0.514503 0.520323 0.523509 0.473511 0.534996 0.455684 0.48922 0.482813 0.505632 0.488417 0.515786 0.510584 0.458743 0.556552 0.531639 0.51391 0.508201 0.419629 0.501269
0.467701 0.528287 0.553398 0.487908 0.466863 0.538631 0.412266 0.56464 0.460736 0.513756 0.525976 0.514975 0.515778 0.491839 0.513434 0.527443 0.491762 0.484915 0.455593 0.511247
0.620373 0.527631 0.53481 0.503705 0.466976 0.52856 0.430433 0.522794 0.475372 0.517021 0.51072 0.507123 0.514891 0.473 0.541952 0.530322 0.49665 0.498558 0.43077 0.512423
0.653625 0.525234 0.530821 0.507749 0.468377 0.528375 0.434319 0.514709 0.477965 0.51748 0.507668 0.508917 0.515736 0.468802 0.546111 0.531151 0.498716 0.501392 0.427573 0.512066
0.135522 0.571983 0.596883 0.483883 0.431969 0.550117 0.429737 0.616997 0.431139 0.478949 0.510766 0.51559 0.536127 0.532001 0.463148 0.499318 0.494617 0.496323 0.515917 0.510026
0.917556 0.502173 0.519437 0.525371 0.475911 0.549166 0.475105 0.481498 0.48914 0.492694 0.487017 0.525419 0.522366 0.447027 0.557593 0.529582 0.511108 0.508715 0.42239 0.498764
0.812834 0.513486 0.520056 0.524241 0.474051 0.536362 0.457425 0.488384 0.483523 0.504118 0.487204 0.516577 0.510466 0.457557 0.556642 0.531282 0.514411 0.50788 0.419682 0.500664
0.235373 0.550463 0.578583 0.47311 0.443255 0.5506 0.413232 0.60698 0.43928 0.48857 0.52919 0.523921 0.526323 0.526143 0.473856 0.515543 0.483775 0.487314 0.497628 0.510733
0.938865 0.501489 0.520361 0.525293 0.476175 0.549772 0.475659 0.482377 0.489556 0.492993 0.486914 0.524719 0.522263 0.446046 0.558374 0.529114 0.511029 0.507326 0.42254 0.498228
0.929871 0.501753 0.520027 0.525359 0.476078 0.549628 0.475353 0.482174 0.489494 0.492913 0.486887 0.525019 0.522254 0.446333 0.55804 0.529256 0.51108 0.507787 0.422532 0.498434
0.75205 0.519325 0.522714 0.520138 0.467642 0.531524 0.44811 0.496063 0.483978 0.511595 0.493039 0.511691 0.511382 0.462686 0.556577 0.529894 0.510227 0.507268 0.421853 0.504945
0.269417 0.543541 0.575323 0.474292 0.450086 0.549169 0.408972 0.604329 0.442052 0.494842 0.531772 0.523487 0.523906 0.52076 0.478311 0.519465 0.486199 0.483685 0.491056 0.508954
0.222981 0.553793 0.580609 0.472978 0.441656 0.550053 0.414923 0.60828 0.438066 0.487216 0.527943 0.522647 0.526485 0.527447 0.473223 0.513541 0.48377 0.488112 0.499828 0.511073
0.789162 0.515439 0.520537 0.522827 0.471938 0.534522 0.453911 0.4904 0.483162 0.506982 0.489662 0.515476 0.511177 0.459855 0.556505 0.531473 0.513066 0.508761 0.420199 0.502003
0.991256 0.500567 0.52177 0.525022 0.476837 0.550632 0.478195 0.481558 0.49163 0.490917 0.487068 0.52261 0.520485 0.443964 0.561319 0.526633 0.510932 0.504822 0.423531 0.497077
0.0671441 0.581135 0.608649 0.49356 0.429764 0.546872 0.443715 0.622617 0.414037 0.477456 0.49764 0.512519 0.543216 0.540543 0.453043 0.488671 0.507621 0.498469 0.532842 0.510397
0.881717 0.504134 0.51845 0.524909 0.477264 0.545787 0.471594 0.481303 0.486018 0.493629 0.486744 0.524012 0.519474 0.449415 0.555496 0.531386 0.51185 0.508748 0.420361 0.50007
0.967347 0.500946 0.521097 0.525185 0.476665 0.550042 0.477606 0.481658 0.490278 0.491909 0.487043 0.523652 0.521715 0.445172 0.56 0.528025 0.511038 0.506236 0.422793 0.49749
0.878345 0.504487 0.518435 0.524922 0.47744 0.545291 0.470935 0.481511 0.485694 0.493995 0.486612 0.523719 0.518903 0.449694 0.555359 0.531534 0.512037 0.508596 0.42017 0.500109
0.337042 0.53451 0.570547 0.478403 0.462826 0.54503 0.406456 0.597071 0.447171 0.506225 0.533716 0.520171 0.517968 0.510775 0.491493 0.52358 0.492668 0.47945 0.480687 0.505225
0.433115 0.52946 0.558163 0.48463 0.466007 0.540562 0.40918 0.574084 0.457271 0.512536 0.528833 0.515985 0.515429 0.496731 0.507927 0.526312 0.491783 0.482536 0.461779 0.509725
0.923748 0.50195 0.519649 0.525324 0.476281 0.549341 0.475726 0.481414 0.489144 0.492425 0.487026 0.525189 0.522264 0.446817 0.557845 0.52949 0.511167 0.508392 0.422236 0.498571
0.27379 0.543174 0.57537 0.474388 0.451291 0.548206 0.408471 0.604131 0.442192 0.496135 0.532123 0.522484 0.522955 0.519993 0.479673 0.519569 0.486816 0.482785 0.490164 0.508603
0.300406 0.538648 0.573242 0.476092 0.45705 0.547406 0.407281 0.601723 0.444138 0.500582 0.533329 0.522558 0.521199 0.516082 0.483943 0.521977 0.489588 0.48131 0.48645 0.506724
0.557048 0.527552 0.541059 0.496292 0.46854 0.532842 0.421235 0.539402 0.469596 0.516277 0.517616 0.511473 0.516143 0.478945 0.528212 0.530262 0.491433 0.492041 0.438838 0.515294
0.527344 0.527837 0.545093 0.493482 0.468082 0.534642 0.418089 0.547805 0.466718 0.515535 0.520311 0.51247 0.515908 0.483095 0.523228 0.529341 0.491366 0.489428 0.444146 0.51422
0.743536 0.519165 0.522772 0.518925 0.467528 0.532034 0.446685 0.496982 0.483924 0.512274 0.49526 0.512874 0.513289 0.462833 0.555503 0.530505 0.508393 0.507981 0.422557 0.505923
0.295907 0.53953 0.573754 0.475734 0.456302 0.547258 0.407272 0.602255 0.443755 0.500104 0.533216 0.522232 0.521241 0.516611 0.483399 0.521501 0.489191 0.481281 0.486926 0.507036
0.502492 0.527819 0.548501 0.491218 0.46795 0.536295 0.415598 0.554903 0.464131 0.514933 0.522693 0.513722 0.515942 0.486593 0.518922 0.528684 0.491534 0.487371 0.448922 0.51309
