1 1 0 0.611425 0 1 0.981204 0.0342787 0.8673 0.581531 1 0.894129 0.523238 0 0.957887 0.70864 0.363217 0 0.45922 0.898541
0.246464 0 0.0425729 0 1 0.157364 0.342904 0.884984 0.967465 0.956331 0.559821 0.0262754 0 0.0600164 0 0 0.614967 0.289839 0.886595 0.904241
0 0.269865 0.369001 0.741232 0.219836 0.48892 0.858986 0 0.255978 1 0.125169 0.847359 0.876261 0 0.503872 0.153888 0.558745 0.742655 0.479988 0.830233
0 0.771036 0.485787 0.875789 1 0.31693 0.324445 0.968519 0.460791 1 0.440507 0.532395 0.879724 0.257711 0.676657 1 0.61082 1 0.342185 0.803726
1 0.544052 0.339006 0.368623 0 0.170125 0 0.419212 1 0.576593 0.900553 0.313199 0 0.128702 0.253561 0.402037 0.620704 0.258082 0.599787 0.375673
0.741858 0.665219 1 0.5 0.299497 0.5 0.5 0.5 0.5 0.5 0.5 0.5 0.5 0.5 0.5 0.5 0.5 0.5 0.500064 0.5
0.479998 1 1 0.5 0.299497 0.5 0.5 0.5 0.5 0.5 0.5 0.5 0.5 0.5 0.5 0.5 0.5 0.5 0.499866 0.5
0.995859 0.363752 1 0.5 0.299497 0.5 0.5 0.5 0.5 0.5 0.5 0.5 0.5 0.5 0.5 0.5 0.5 0.5 0.500079 0.5
0.998203 0.00654591 1 0.5 0.299497 0.5 0.5 0.5 0.5 0.5 0.5 0.5 0.5 0.5 0.5 0.5 0.5 0.5 0.499957 0.5
0.567855 0 1 0.5 0.299497 0.5 0.5 0.5 0.5 0.5 0.5 0.5 0.5 0.5 0.5 0.5 0.5 0.5 0.500094 0.5
0.06259 0.0342045 1 0.5 0.299497 0.5 0.5 0.5 0.5 0.5 0.5 0.5 0.5 0.5 0.5 0.5 0.5 0.5 0.500069 0.5
0.96963 0.98136 1 0.5 0.299497 0.5 0.5 0.5 0.5 0.5 0.5 0.5 0.5 0.5 0.5 0.5 0.5 0.5 0.500102 0.5
0.967197 0.0400959 1 0.5 0.299497 0.5 0.5 0.5 0.5 0.5 0.5 0.5 0.5 0.5 0.5 0.5 0.5 0.5 0.500144 0.5
0.998334 1 0 0.5 0 0.5 0.5 0 0.5 0 0.5 0.5 0.5 0.5 1 0.5 1 0.5 0.000547624 0.5
0.949744 0.00526036 1 0.5 0.299497 0.5 0.5 0.5 0.5 0.5 0.5 0.5 0.5 0.5 0.5 0.5 0.5 0.5 0.500015 0.5
0.0976865 0.719739 1 0.5 0.299497 0.5 0.5 0.5 0.5 0.5 0.5 0.5 0.5 0.5 0.5 0.5 0.5 0.5 0.500254 0.5
0.315391 0.885136 1 0.5 0.299497 0.5 0.5 0.5 0.5 0.5 0.5 0.5 0.5 0.5 0.5 0.5 0.5 0.5 0.500169 0.5
0.106377 0.365376 1 0.5 0.299497 0.5 0.5 0.5 0.5 0.5 0.5 0.5 0.5 0.5 0.5 0.5 0.5 0.5 0.499939 0.5
0.892447 0.537941 1 0.5 0.299497 0.5 0.5 0.5 0.5 0.5 0.5 0.5 0.5 0.5 0.5 0.5 0.5 0.5 0.499719 0.5
0.91637 0.48666 1 0.5 0.299497 0.5 0.5 0.5 0.5 0.5 0.5 0.5 0.5 0.5 0.5 0.5 0.5 0.5 0.50006 0.5
0.956304 0.0340358 1 0.5 0.299497 0.5 0.5 0.5 0.5 0.5 0.5 0.5 0.5 0.5 0.5 0.5 0.5 0.5 0.499958 0.5
0.997147 0.00404905 1 0.5 0.299497 0.5 0.5 0.5 0.5 0.5 0.5 0.5 0.5 0.5 0.5 0.5 0.5 0.5 0.499943 0.5
0.995825 0.992944 1 0.5 0.299497 0.5 0.5 0.5 0.5 0.5 0.5 0.5 0.5 0.5 0.5 0.5 0.5 0.5 0.5001 0.5
0.0267551 0.695722 1 0.5 0.299497 0.5 0.5 0.5 0.5 0.5 0.5 0.5 0.5 0.5 0.5 0.5 0.5 0.5 0.50013 0.5
0.948578 0.116159 1 0.5 0.299497 0.5 0.5 0.5 0.5 0.5 0.5 0.5 0.5 0.5 0.5 0.5 0.5 0.5 0.499935 0.5
0.113929 0.0205029 1 0.5 0.299497 0.5 0.5 0.5 0.5 0.5 0.5 0.5 0.5 0.5 0.5 0.5 0.5 0.5 0.500085 0.5
0.0273887 0.600388 1 0.5 0.299497 0.5 0.5 0.5 0.5 0.5 0.5 0.5 0.5 0.5 0.5 0.5 0.5 0.5 0.499844 0.5
0.994612 0.0142658 1 0.5 0.299497 0.5 0.5 0.5 0.5 0.5 0.5 0.5 0.5 0.5 0.5 0.5 0.5 0.5 0.499902 0.5
0.835046 0.706743 1 0.5 0.299497 0.5 0.5 0.5 0.5 0.5 0.5 0.5 0.5 0.5 0.5 0.5 0.5 0.5 0.499746 0.5
0.984486 1 0 0.5 0 0.5 0.5 0 0.5 0 0.5 0.5 0.5 0.5 1 0.5 1 0.5 0.00018173 0.5
0.730233 0.706455 1 0.5 0.299497 0.5 0.5 0.5 0.5 0.5 0.5 0.5 0.5 0.5 0.5 0.5 0.5 0.5 0.499815 0.5
0.683348 0.0123875 1 0.5 0.299497 0.5 0.5 0.5 0.5 0.5 0.5 0.5 0.5 0.5 0.5 0.5 0.5 0.5 0.499914 0.5
0.614163 0.0246798 1 0.5 0.299497 0.5 0.5 0.5 0.5 0.5 0.5 0.5 0.5 0.5 0.5 0.5 0.5 0.5 0.500104 0.5
0.137173 0.672007 1 0.5 0.299497 0.5 0.5 0.5 0.5 0.5 0.5 0.5 0.5 0.5 0.5 0.5 0.5 0.5 0.499858 0.5
0.95448 0.623985 1 0.5 0.299497 0.5 0.5 0.5 0.5 0.5 0.5 0.5 0.5 0.5 0.5 0.5 0.5 0.5 0.499977 0.5
0.999619 1 0 0.5 0 0.5 0.5 0 0.5 0 0.5 0.5 0.5 0.5 1 0.5 1 0.5 0.000238363 0.5
0.68895 0.440973 1 0.5 0.299497 0.5 0.5 0.5 0.5 0.5 0.5 0.5 0.5 0.5 0.5 0.5 0.5 0.5 0.499974 0.5
0.655843 0.347614 1 0.5 0.299497 0.5 0.5 0.5 0.5 0.5 0.5 0.5 0.5 0.5 0.5 0.5 0.5 0.5 0.500077 0.5
0.992992 0.0351434 1 0.5 0.299497 0.5 0.5 0.5 0.5 0.5 0.5 0.5 0.5 0.5 0.5 0.5 0.5 0.5 0.499956 0.5
0.62819 0.753774 1 0.5 0.299497 0.5 0.5 0.5 0.5 0.5 0.5 0.5 0.5 0.5 0.5 0.5 0.5 0.5 0.499836 0.5
0.982114 0.958666 1 0.5 0.299497 0.5 0.5 0.5 0.5 0.5 0.5 0.5 0.5 0.5 0.5 0.5 0.5 0.5 0.499967 0.5
0.142457 0.330914 1 0.5 0.299497 0.5 0.5 0.5 0.5 0.5 0.5 0.5 0.5 0.5 0.5 0.5 0.5 0.5 0.500106 0.5
0.719368 0.853944 1 0.5 0.299497 0.5 0.5 0.5 0.5 0.5 0.5 0.5 0.5 0.5 0.5 0.5 0.5 0.5 0.499926 0.5
0.252466 0.26681 1 0.5 0.299497 0.5 0.5 0.5 0.5 0.5 0.5 0.5 0.5 0.5 0.5 0.5 0.5 0.5 0.499924 0.5
0.451348 0.448332 1 0.5 0.299497 0.5 0.5 0.5 0.5 0.5 0.5 0.5 0.5 0.5 0.5 0.5 0.5 0.5 0.49997 0.5
0.389787 0.857792 1 0.5 0.299497 0.5 0.5 0.5 0.5 0.5 0.5 0.5 0.5 0.5 0.5 0.5 0.5 0.5 0.500236 0.5
0.851042 0.145503 1 0.5 0.299497 0.5 0.5 0.5 0.5 0.5 0.5 0.5 0.5 0.5 0.5 0.5 0.5 0.5 0.500043 0.5
0.398802 0.827999 1 0.5 0.299497 0.5 0.5 0.5 0.5 0.5 0.5 0.5 0.5 0.5 0.5 0.5 0.5 0.5 0.499975 0.5
0.880576 0.673559 1 0.5 0.299497 0.5 0.5 0.5 0.5 0.5 0.5 0.5 0.5 0.5 0.5 0.5 0.5 0.5 0.499879 0.5
0.289841 0.609521 1 0.5 0.299497 0.5 0.5 0.5 0.5 0.5 0.5 0.5 0.5 0.5 0.5 0.5 0.5 0.5 0.499975 0.5
0.883608 0 1 0.5 0.299497 0.5 0.5 0.5 0.5 0.5 0.5 0.5 0.5 0.5 0.5 0.5 0.5 0.5 0.500091 0.5
0.926795 0.128815 1 0.5 0.299497 0.5 0.5 0.5 0.5 0.5 0.5 0.5 0.5 0.5 0.5 0.5 0.5 0.5 0.5001 0.5
0.797428 0.66056 1 0.5 0.299497 0.5 0.5 0.5 0.5 0.5 0.5 0.5 0.5 0.5 0.5 0.5 0.5 0.5 0.499787 0.5
0.99555 1 0 0.5 0 0.5 0.5 0 0.5 0 0.5 0.5 0.5 0.5 1 0.5 1 0.5 0.00019434 0.5
0.0918643 0.0932106 1 0.5 0.299497 0.5 0.5 0.5 0.5 0.5 0.5 0.5 0.5 0.5 0.5 0.5 0.5 0.5 0.500037 0.5
0.858741 0.341585 1 0.5 0.299497 0.5 0.5 0.5 0.5 0.5 0.5 0.5 0.5 0.5 0.5 0.5 0.5 0.5 0.499934 0.5
0.0557705 0.442433 1 0.5 0.299497 0.5 0.5 0.5 0.5 0.5 0.5 0.5 0.5 0.5 0.5 0.5 0.5 0.5 0.500112 0.5
0.88863 0.246556 1 0.5 0.299497 0.5 0.5 0.5 0.5 0.5 0.5 0.5 0.5 0.5 0.5 0.5 0.5 0.5 0.499984 0.5
0.960717 0.0457572 1 0.5 0.299497 0.5 0.5 0.5 0.5 0.5 0.5 0.5 0.5 0.5 0.5 0.5 0.5 0.5 0.500026 0.5
0.76613 0.69158 1 0.5 0.299497 0.5 0.5 0.5 0.5 0.5 0.5 0.5 0.5 0.5 0.5 0.5 0.5 0.5 0.500075 0.5
1 0.990984 0 0.5 0 0.5 0.5 0 0.5 0 0.5 0.5 0.5 0.5 1 0.5 1 0.5 2.54393e-05 0.5
0.631663 0.863109 1 0.5 0.299497 0.5 0.5 0.5 0.5 0.5 0.5 0.5 0.5 0.5 0.5 0.5 0.5 0.5 0.499943 0.5
0.326929 0.422608 1 0.5 0.299497 0.5 0.5 0.5 0.5 0.5 0.5 0.5 0.5 0.5 0.5 0.5 0.5 0.5 0.499798 0.5
0.999389 0.995969 1 0 0 0 0.5 0 0.5 1 0.602757 0 0.5 0 0 0 1 0.5 0.000373718 1
0.947352 0.0280291 1 0.5 0.299497 0.5 0.5 0.5 0.5 0.5 0.5 0.5 0.5 0.5 0.5 0.5 0.5 0.5 0.500123 0.5
0.873515 0.883559 1 0.5 0.299497 0.5 0.5 0.5 0.5 0.5 0.5 0.5 0.5 0.5 0.5 0.5 0.5 0.5 0.499854 0.5
0.993653 0.979904 1 0.5 0.299497 0.5 0.5 0.5 0.5 0.5 0.5 0.5 0.5 0.5 0.5 0.5 0.5 0.5 0.500102 0.5
0.084888 0.696532 1 0.5 0.299497 0.5 0.5 0.5 0.5 0.5 0.5 0.5 0.5 0.5 0.5 0.5 0.5 0.5 0.499877 0.5
0.00273474 1 1 0.5 0.299497 0.5 0.5 0.5 0.5 0.5 0.5 0.5 0.5 0.5 0.5 0.5 0.5 0.5 0.500059 0.5
0.713201 0.417231 1 0.5 0.299497 0.5 0.5 0.5 0.5 0.5 0.5 0.5 0.5 0.5 0.5 0.5 0.5 0.5 0.50005 0.5
0.0659295 0.721458 1 0.5 0.299497 0.5 0.5 0.5 0.5 0.5 0.5 0.5 0.5 0.5 0.5 0.5 0.5 0.5 0.499837 0.5
0.752 0.0146639 1 0.5 0.299497 0.5 0.5 0.5 0.5 0.5 0.5 0.5 0.5 0.5 0.5 0.5 0.5 0.5 0.500079 0.5
0.708335 0.633742 1 0.5 0.299497 0.5 0.5 0.5 0.5 0.5 0.5 0.5 0.5 0.5 0.5 0.5 0.5 0.5 0.499887 0.5
0.887377 0.695281 1 0.5 0.299497 0.5 0.5 0.5 0.5 0.5 0.5 0.5 0.5 0.5 0.5 0.5 0.5 0.5 0.499738 0.5
0.969805 0.0493596 1 0.5 0.299497 0.5 0.5 0.5 0.5 0.5 0.5 0.5 0.5 0.5 0.5 0.5 0.5 0.5 0.499908 0.5
0.974026 0.281621 1 0.5 0.299497 0.5 0.5 0.5 0.5 0.5 0.5 0.5 0.5 0.5 0.5 0.5 0.5 0.5 0.500216 0.5
0.995534 1 1 0 0 0 0.5 0 0.5 1 0.602757 0 0.5 0 0 0 1 0.5 0.000187753 1
0.710941 0.734755 1 0.5 0.299497 0.5 0.5 0.5 0.5 0.5 0.5 0.5 0.5 0.5 0.5 0.5 0.5 0.5 0.499924 0.5
0.994994 0.00838221 1 0.5 0.299497 0.5 0.5 0.5 0.5 0.5 0.5 0.5 0.5 0.5 0.5 0.5 0.5 0.5 0.499959 0.5
0.171563 0.371857 1 0.5 0.299497 0.5 0.5 0.5 0.5 0.5 0.5 0.5 0.5 0.5 0.5 0.5 0.5 0.5 0.500188 0.5
0.959692 0.0445812 1 0.5 0.299497 0.5 0.5 0.5 0.5 0.5 0.5 0.5 0.5 0.5 0.5 0.5 0.5 0.5 0.499959 0.5
0.967069 0.245691 1 0.5 0.299497 0.5 0.5 0.5 0.5 0.5 0.5 0.5 0.5 0.5 0.5 0.5 0.5 0.5 0.500001 0.5
0.0378194 0.379728 1 0.5 0.299497 0.5 0.5 0.5 0.5 0.5 0.5 0.5 0.5 0.5 0.5 0.5 0.5 0.5 0.500076 0.5
0.863318 0.0450817 1 0.5 0.299497 0.5 0.5 0.5 0.5 0.5 0.5 0.5 0.5 0.5 0.5 0.5 0.5 0.5 0.500077 0.5
0.730226 0.429638 1 0.5 0.299497 0.5 0.5 0.5 0.5 0.5 0.5 0.5 0.5 0.5 0.5 0.5 0.5 0.5 0.500052 0.5
0.99865 1 0 0.5 0 0.5 0.5 0 0.5 0 0.5 0.5 0.5 0.5 1 0.5 1 0.5 0.000496596 0.5
0.672807 0.155437 1 0.5 0.299497 0.5 0.5 0.5 0.5 0.5 0.5 0.5 0.5 0.5 0.5 0.5 0.5 0.5 0.500048 0.5
0.945475 0.958725 1 0.5 0.299497 0.5 0.5 0.5 0.5 0.5 0.5 0.5 0.5 0.5 0.5 0.5 0.5 0.5 0.499805 0.5
0.628589 0.518948 1 0.5 0.299497 0.5 0.5 0.5 0.5 0.5 0.5 0.5 0.5 0.5 0.5 0.5 0.5 0.5 0.500102 0.5
0.178765 0.850064 1 0.5 0.299497 0.5 0.5 0.5 0.5 0.5 0.5 0.5 0.5 0.5 0.5 0.5 0.5 0.5 0.499939 0.5
0.884462 0.117905 1 0.5 0.299497 0.5 0.5 0.5 0.5 0.5 0.5 0.5 0.5 0.5 0.5 0.5 0.5 0.5 0.50016 0.5
0.908261 0.0478212 1 0.5 0.299497 0.5 0.5 0.5 0.5 0.5 0.5 0.5 0.5 0.5 0.5 0.5 0.5 0.5 0.499898 0.5
0.979896 0.13831 1 0.5 0.299497 0.5 0.5 0.5 0.5 0.5 0.5 0.5 0.5 0.5 0.5 0.5 0.5 0.5 0.499963 0.5
0.764834 0.00639864 1 0.5 0.299497 0.5 0.5 0.5 0.5 0.5 0.5 0.5 0.5 0.5 0.5 0.5 0.5 0.5 0.500033 0.5
0.643363 0.820225 1 0.5 0.299497 0.5 0.5 0.5 0.5 0.5 0.5 0.5 0.5 0.5 0.5 0.5 0.5 0.5 0.500015 0.5
0.896288 0.863657 1 0.5 0.299497 0.5 0.5 0.5 0.5 0.5 0.5 0.5 0.5 0.5 0.5 0.5 0.5 0.5 0.50013 0.5
0.926279 0.193948 1 0.5 0.299497 0.5 0.5 0.5 0.5 0.5 0.5 0.5 0.5 0.5 0.5 0.5 0.5 0.5 0.499962 0.5
0.0448338 0.906318 1 0.5 0.299497 0.5 0.5 0.5 0.5 0.5 0.5 0.5 0.5 0.5 0.5 0.5 0.5 0.5 0.500084 0.5
0.931663 0.981238 1 0.5 0.299497 0.5 0.5 0.5 0.5 0.5 0.5 0.5 0.5 0.5 0.5 0.5 0.5 0.5 0.499987 0.5
0.89284 0.361877 1 0.5 0.299497 0.5 0.5 0.5 0.5 0.5 0.5 0.5 0.5 0.5 0.5 0.5 0.5 0.5 0.499875 0.5
0.037763 0.501201 1 0.5 0.299497 0.5 0.5 0.5 0.5 0.5 0.5 0.5 0.5 0.5 0.5 0.5 0.5 0.5 0.500013 0.5
0.104753 0.570852 1 0.5 0.299497 0.5 0.5 0.5 0.5 0.5 0.5 0.5 0.5 0.5 0.5 0.5 0.5 0.5 0.500126 0.5
0.998203 0.00654591 1 0.5 0.299497 0.5 0.5 0.5 0.5 0.5 0.5 0.5 0.5 0.5 0.5 0.5 0.5 0.5 0.499957 0.5
0.592361 0.813935 1 0.5 0.299497 0.5 0.5 0.5 0.5 0.5 0.5 0.5 0.5 0.5 0.5 0.5 0.5 0.5 0.499818 0.5
0.429608 0.614578 1 0.5 0.299497 0.5 0.5 0.5 0.5 0.5 0.5 0.5 0.5 0.5 0.5 0.5 0.5 0.5 0.499963 0.5
0.15033 0.777424 1 0.5 0.299497 0.5 0.5 0.5 0.5 0.5 0.5 0.5 0.5 0.5 0.5 0.5 0.5 0.5 0.499886 0.5
0.900498 0.577504 1 0.5 0.299497 0.5 0.5 0.5 0.5 0.5 0.5 0.5 0.5 0.5 0.5 0.5 0.5 0.5 0.500158 0.5
0.83959 0.952404 1 0.5 0.299497 0.5 0.5 0.5 0.5 0.5 0.5 0.5 0.5 0.5 0.5 0.5 0.5 0.5 0.500001 0.5
1 0.993736 0 0.5 0 0.5 0.5 0 0.5 0 0.5 0.5 0.5 0.5 1 0.5 1 0.5 0.000263802 0.5
0.818349 0.785346 1 0.5 0.299497 0.5 0.5 0.5 0.5 0.5 0.5 0.5 0.5 0.5 0.5 0.5 0.5 0.5 0.500122 0.5
0.846606 0.408911 1 0.5 0.299497 0.5 0.5 0.5 0.5 0.5 0.5 0.5 0.5 0.5 0.5 0.5 0.5 0.5 0.49993 0.5
0.804958 0.859531 1 0.5 0.299497 0.5 0.5 0.5 0.5 0.5 0.5 0.5 0.5 0.5 0.5 0.5 0.5 0.5 0.50003 0.5
0.177942 0.582988 1 0.5 0.299497 0.5 0.5 0.5 0.5 0.5 0.5 0.5 0.5 0.5 0.5 0.5 0.5 0.5 0.50017 0.5
0.675946 0.454103 1 0.5 0.299497 0.5 0.5 0.5 0.5 0.5 0.5 0.5 0.5 0.5 0.5 0.5 0.5 0.5 0.499751 0.5
0.999706 0.999552 0 0.5 0 0.5 0.5 0 0.5 0 0.5 0.5 0.5 0.5 1 0.5 1 0.5 9.96821e-05 0.5
0.122583 0.34278 1 0.5 0.299497 0.5 0.5 0.5 0.5 0.5 0.5 0.5 0.5 0.5 0.5 0.5 0.5 0.5 0.500026 0.5
0.956304 0.0340358 1 0.5 0.299497 0.5 0.5 0.5 0.5 0.5 0.5 0.5 0.5 0.5 0.5 0.5 0.5 0.5 0.499958 0.5
0.999344 0.998214 0 0.5 0 0.5 0.5 0 0.5 0 0.5 0.5 0.5 0.5 1 0.5 1 0.5 0.000191826 0.5
0.995106 0.00570063 1 0.5 0.299497 0.5 0.5 0.5 0.5 0.5 0.5 0.5 0.5 0.5 0.5 0.5 0.5 0.5 0.499931 0.5
0.971128 0.00562643 1 0.5 0.299497 0.5 0.5 0.5 0.5 0.5 0.5 0.5 0.5 0.5 0.5 0.5 0.5 0.5 0.500366 0.5
0.236692 0.814526 1 0.5 0.299497 0.5 0.5 0.5 0.5 0.5 0.5 0.5 0.5 0.5 0.5 0.5 0.5 0.5 0.499977 0.5
0.113869 0.511873 1 0.5 0.299497 0.5 0.5 0.5 0.5 0.5 0.5 0.5 0.5 0.5 0.5 0.5 0.5 0.5 0.499955 0.5
0.975316 0.897472 1 0.5 0.299497 0.5 0.5 0.5 0.5 0.5 0.5 0.5 0.5 0.5 0.5 0.5 0.5 0.5 0.500013 0.5
0.492704 0.719879 1 0.5 0.299497 0.5 0.5 0.5 0.5 0.5 0.5 0.5 0.5 0.5 0.5 0.5 0.5 0.5 0.499884 0.5
0.91786 0.079994 1 0.5 0.299497 0.5 0.5 0.5 0.5 0.5 0.5 0.5 0.5 0.5 0.5 0.5 0.5 0.5 0.499955 0.5
0.562161 0.735722 1 0.5 0.299497 0.5 0.5 0.5 0.5 0.5 0.5 0.5 0.5 0.5 0.5 0.5 0.5 0.5 0.500044 0.5
0.995802 0.0029486 1 0.5 0.299497 0.5 0.5 0.5 0.5 0.5 0.5 0.5 0.5 0.5 0.5 0.5 0.5 0.5 0.49992 0.5
0.512307 0.566079 1 0.5 0.299497 0.5 0.5 0.5 0.5 0.5 0.5 0.5 0.5 0.5 0.5 0.5 0.5 0.5 0.49999 0.5
0.835675 0.511698 1 0.5 0.299497 0.5 0.5 0.5 0.5 0.5 0.5 0.5 0.5 0.5 0.5 0.5 0.5 0.5 0.499995 0.5
0.656822 0.0676962 1 0.5 0.299497 0.5 0.5 0.5 0.5 0.5 0.5 0.5 0.5 0.5 0.5 0.5 0.5 0.5 0.500146 0.5
0.722994 0.372829 1 0.5 0.299497 0.5 0.5 0.5 0.5 0.5 0.5 0.5 0.5 0.5 0.5 0.5 0.5 0.5 0.499903 0.5
0.566301 0.532266 1 0.5 0.299497 0.5 0.5 0.5 0.5 0.5 0.5 0.5 0.5 0.5 0.5 0.5 0.5 0.5 0.499997 0.5
0.976961 0.209965 1 0.5 0.299497 0.5 0.5 0.5 0.5 0.5 0.5 0.5 0.5 0.5 0.5 0.5 0.5 0.5 0.50009 0.5
0.209861 0.153371 1 0.5 0.299497 0.5 0.5 0.5 0.5 0.5 0.5 0.5 0.5 0.5 0.5 0.5 0.5 0.5 0.500068 0.5
0.906238 0.744175 1 0.5 0.299497 0.5 0.5 0.5 0.5 0.5 0.5 0.5 0.5 0.5 0.5 0.5 0.5 0.5 0.499982 0.5
0.979526 0.0678341 1 0.5 0.299497 0.5 0.5 0.5 0.5 0.5 0.5 0.5 0.5 0.5 0.5 0.5 0.5 0.5 0.500053 0.5
0.549812 0.284836 1 0.5 0.299497 0.5 0.5 0.5 0.5 0.5 0.5 0.5 0.5 0.5 0.5 0.5 0.5 0.5 0.499822 0.5
0.100202 0.881181 1 0.5 0.299497 0.5 0.5 0.5 0.5 0.5 0.5 0.5 0.5 0.5 0.5 0.5 0.5 0.5 0.499915 0.5
0.794729 0.839268 1 0.5 0.299497 0.5 0.5 0.5 0.5 0.5 0.5 0.5 0.5 0.5 0.5 0.5 0.5 0.5 0.499831 0.5
0.793346 0.618437 1 0.5 0.299497 0.5 0.5 0.5 0.5 0.5 0.5 0.5 0.5 0.5 0.5 0.5 0.5 0.5 0.499981 0.5
0.361995 0.627676 1 0.5 0.299497 0.5 0.5 0.5 0.5 0.5 0.5 0.5 0.5 0.5 0.5 0.5 0.5 0.5 0.500013 0.5
0.997422 0 1 0.5 0.299497 0.5 0.5 0.5 0.5 0.5 0.5 0.5 0.5 0.5 0.5 0.5 0.5 0.5 0.500046 0.5
0.942177 0.29664 1 0.5 0.299497 0.5 0.5 0.5 0.5 0.5 0.5 0.5 0.5 0.5 0.5 0.5 0.5 0.5 0.49993 0.5
0.730226 0.429638 1 0.5 0.299497 0.5 0.5 0.5 0.5 0.5 0.5 0.5 0.5 0.5 0.5 0.5 0.5 0.5 0.500052 0.5
0.568115 0.351723 1 0.5 0.299497 0.5 0.5 0.5 0.5 0.5 0.5 0.5 0.5 0.5 0.5 0.5 0.5 0.5 0.499618 0.5
0.545531 0.709697 1 0.5 0.299497 0.5 0.5 0.5 0.5 0.5 0.5 0.5 0.5 0.5 0.5 0.5 0.5 0.5 0.499963 0.5
0.617339 0.480909 1 0.5 0.299497 0.5 0.5 0.5 0.5 0.5 0.5 0.5 0.5 0.5 0.5 0.5 0.5 0.5 0.500008 0.5
0.547812 0.664492 1 0.5 0.299497 0.5 0.5 0.5 0.5 0.5 0.5 0.5 0.5 0.5 0.5 0.5 0.5 0.5 0.500271 0.5
0.999857 1 0 0.5 0 0.5 0.5 0 0.5 0 0.5 0.5 0.5 0.5 1 0.5 1 0.5 0 0.5
0.995636 0.961214 1 0.5 0.299497 0.5 0.5 0.5 0.5 0.5 0.5 0.5 0.5 0.5 0.5 0.5 0.5 0.5 0.499806 0.5
0.994792 0.011271 1 0.5 0.299497 0.5 0.5 0.5 0.5 0.5 0.5 0.5 0.5 0.5 0.5 0.5 0.5 0.5 0.499853 0.5
0.211515 0.560354 1 0.5 0.299497 0.5 0.5 0.5 0.5 0.5 0.5 0.5 0.5 0.5 0.5 0.5 0.5 0.5 0.499876 0.5
0.0422523 0.777517 1 0.5 0.299497 0.5 0.5 0.5 0.5 0.5 0.5 0.5 0.5 0.5 0.5 0.5 0.5 0.5 0.500051 0.5
0.915705 0.301516 1 0.5 0.299497 0.5 0.5 0.5 0.5 0.5 0.5 0.5 0.5 0.5 0.5 0.5 0.5 0.5 0.499909 0.5
0.908741 0.769691 1 0.5 0.299497 0.5 0.5 0.5 0.5 0.5 0.5 0.5 0.5 0.5 0.5 0.5 0.5 0.5 0.499681 0.5
0.465445 0.786529 1 0.5 0.299497 0.5 0.5 0.5 0.5 0.5 0.5 0.5 0.5 0.5 0.5 0.5 0.5 0.5 0.499993 0.5
0.967912 0.0552093 1 0.5 0.299497 0.5 0.5 0.5 0.5 0.5 0.5 0.5 0.5 0.5 0.5 0.5 0.5 0.5 0.50001 0.5
0.0721687 0.391305 1 0.5 0.299497 0.5 0.5 0.5 0.5 0.5 0.5 0.5 0.5 0.5 0.5 0.5 0.5 0.5 0.499982 0.5
0.0238847 0.537759 1 0.5 0.299497 0.5 0.5 0.5 0.5 0.5 0.5 0.5 0.5 0.5 0.5 0.5 0.5 0.5 0.500067 0.5
0.83245 0.245661 1 0.5 0.299497 0.5 0.5 0.5 0.5 0.5 0.5 0.5 0.5 0.5 0.5 0.5 0.5 0.5 0.50008 0.5
0.815663 0.148787 1 0.5 0.299497 0.5 0.5 0.5 0.5 0.5 0.5 0.5 0.5 0.5 0.5 0.5 0.5 0.5 0.499998 0.5
0.998655 0.000726594 1 0.5 0.299497 0.5 0.5 0.5 0.5 0.5 0.5 0.5 0.5 0.5 0.5 0.5 0.5 0.5 0.499971 0.5
0.706838 0.604 1 0.5 0.299497 0.5 0.5 0.5 0.5 0.5 0.5 0.5 0.5 0.5 0.5 0.5 0.5 0.5 0.499847 0.5
0.808897 0.854218 1 0.5 0.299497 0.5 0.5 0.5 0.5 0.5 0.5 0.5 0.5 0.5 0.5 0.5 0.5 0.5 0.499822 0.5
0.558732 0.695487 1 0.5 0.299497 0.5 0.5 0.5 0.5 0.5 0.5 0.5 0.5 0.5 0.5 0.5 0.5 0.5 0.499798 0.5
0.998354 0.000383211 1 0.5 0.299497 0.5 0.5 0.5 0.5 0.5 0.5 0.5 0.5 0.5 0.5 0.5 0.5 0.5 0.499899 0.5
1 0.997756 1 0 0 0 0.5 0 0.5 1 0.602757 0 0.5 0 0 0 1 0.5 0.000468282 1
0.879129 0.643948 1 0.5 0.299497 0.5 0.5 0.5 0.5 0.5 0.5 0.5 0.5 0.5 0.5 0.5 0.5 0.5 0.499972 0.5
0.579054 0.0342768 1 0.5 0.299497 0.5 0.5 0.5 0.5 0.5 0.5 0.5 0.5 0.5 0.5 0.5 0.5 0.5 0.500099 0.5
0.923965 0.89795 1 0.5 0.299497 0.5 0.5 0.5 0.5 0.5 0.5 0.5 0.5 0.5 0.5 0.5 0.5 0.5 0.499897 0.5
0.240827 0.998082 1 0.5 0.299497 0.5 0.5 0.5 0.5 0.5 0.5 0.5 0.5 0.5 0.5 0.5 0.5 0.5 0.500035 0.5
0.807704 0.698079 1 0.5 0.299497 0.5 0.5 0.5 0.5 0.5 0.5 0.5 0.5 0.5 0.5 0.5 0.5 0.5 0.500121 0.5
0.748289 0.0051017 1 0.5 0.299497 0.5 0.5 0.5 0.5 0.5 0.5 0.5 0.5 0.5 0.5 0.5 0.5 0.5 0.500148 0.5
0.834347 0.585492 1 0.5 0.299497 0.5 0.5 0.5 0.5 0.5 0.5 0.5 0.5 0.5 0.5 0.5 0.5 0.5 0.499913 0.5
0.621053 0.493534 1 0.5 0.299497 0.5 0.5 0.5 0.5 0.5 0.5 0.5 0.5 0.5 0.5 0.5 0.5 0.5 0.499787 0.5
0.128303 0.336777 1 0.5 0.299497 0.5 0.5 0.5 0.5 0.5 0.5 0.5 0.5 0.5 0.5 0.5 0.5 0.5 0.500107 0.5
0.0829501 0.420885 1 0.5 0.299497 0.5 0.5 0.5 0.5 0.5 0.5 0.5 0.5 0.5 0.5 0.5 0.5 0.5 0.500174 0.5
0.043244 0.333238 1 0.5 0.299497 0.5 0.5 0.5 0.5 0.5 0.5 0.5 0.5 0.5 0.5 0.5 0.5 0.5 0.500068 0.5
0.994994 0.00838221 1 0.5 0.299497 0.5 0.5 0.5 0.5 0.5 0.5 0.5 0.5 0.5 0.5 0.5 0.5 0.5 0.499959 0.5
0.637345 0.805508 1 0.5 0.299497 0.5 0.5 0.5 0.5 0.5 0.5 0.5 0.5 0.5 0.5 0.5 0.5 0.5 0.500037 0.5
0.888368 0.167472 1 0.5 0.299497 0.5 0.5 0.5 0.5 0.5 0.5 0.5 0.5 0.5 0.5 0.5 0.5 0.5 0.50004 0.5
0.452343 0.401918 1 0.5 0.299497 0.5 0.5 0.5 0.5 0.5 0.5 0.5 0.5 0.5 0.5 0.5 0.5 0.5 0.499648 0.5
0.984461 0.153387 1 0.5 0.299497 0.5 0.5 0.5 0.5 0.5 0.5 0.5 0.5 0.5 0.5 0.5 0.5 0.5 0.500144 0.5
0.905477 0.00384152 1 0.5 0.299497 0.5 0.5 0.5 0.5 0.5 0.5 0.5 0.5 0.5 0.5 0.5 0.5 0.5 0.499862 0.5
0.815477 0.424574 1 0.5 0.299497 0.5 0.5 0.5 0.5 0.5 0.5 0.5 0.5 0.5 0.5 0.5 0.5 0.5 0.500051 0.5
0.936149 0.0254341 1 0.5 0.299497 0.5 0.5 0.5 0.5 0.5 0.5 0.5 0.5 0.5 0.5 0.5 0.5 0.5 0.500312 0.5
0.734973 0.427827 1 0.5 0.299497 0.5 0.5 0.5 0.5 0.5 0.5 0.5 0.5 0.5 0.5 0.5 0.5 0.5 0.499903 0.5
0.000867786 0.608249 1 0.5 0.299497 0.5 0.5 0.5 0.5 0.5 0.5 0.5 0.5 0.5 0.5 0.5 0.5 0.5 0.499927 0.5
0.5718 0.776093 1 0.5 0.299497 0.5 0.5 0.5 0.5 0.5 0.5 0.5 0.5 0.5 0.5 0.5 0.5 0.5 0.499981 0.5
0.613409 0.732378 1 0.5 0.299497 0.5 0.5 0.5 0.5 0.5 0.5 0.5 0.5 0.5 0.5 0.5 0.5 0.5 0.500083 0.5
0.0183439 0.620194 1 0.5 0.299497 0.5 0.5 0.5 0.5 0.5 0.5 0.5 0.5 0.5 0.5 0.5 0.5 0.5 0.499956 0.5
0.675946 0.454103 1 0.5 0.299497 0.5 0.5 0.5 0.5 0.5 0.5 0.5 0.5 0.5 0.5 0.5 0.5 0.5 0.499751 0.5
0.107959 0.361992 1 0.5 0.299497 0.5 0.5 0.5 0.5 0.5 0.5 0.5 0.5 0.5 0.5 0.5 0.5 0.5 0.500038 0.5
0.980965 0.087351 1 0.5 0.299497 0.5 0.5 0.5 0.5 0.5 0.5 0.5 0.5 0.5 0.5 0.5 0.5 0.5 0.499817 0.5
0.952458 0.361826 1 0.5 0.299497 0.5 0.5 0.5 0.5 0.5 0.5 0.5 0.5 0.5 0.5 0.5 0.5 0.5 0.500047 0.5
0.365197 0.366287 1 0.5 0.299497 0.5 0.5 0.5 0.5 0.5 0.5 0.5 0.5 0.5 0.5 0.5 0.5 0.5 0.500091 0.5
0.463942 0.652484 1 0.5 0.299497 0.5 0.5 0.5 0.5 0.5 0.5 0.5 0.5 0.5 0.5 0.5 0.5 0.5 0.500283 0.5
0.93419 0.966983 1 0.5 0.299497 0.5 0.5 0.5 0.5 0.5 0.5 0.5 0.5 0.5 0.5 0.5 0.5 0.5 0.499885 0.5
0.995453 0.0215429 1 0.5 0.299497 0.5 0.5 0.5 0.5 0.5 0.5 0.5 0.5 0.5 0.5 0.5 0.5 0.5 0.499952 0.5
0.667839 0.988877 1 0.5 0.299497 0.5 0.5 0.5 0.5 0.5 0.5 0.5 0.5 0.5 0.5 0.5 0.5 0.5 0.500205 0.5
0.0679849 0.631479 1 0.5 0.299497 0.5 0.5 0.5 0.5 0.5 0.5 0.5 0.5 0.5 0.5 0.5 0.5 0.5 0.499881 0.5
0.653571 0.474212 1 0.5 0.299497 0.5 0.5 0.5 0.5 0.5 0.5 0.5 0.5 0.5 0.5 0.5 0.5 0.5 0.499731 0.5
0.960718 0.816658 1 0.5 0.299497 0.5 0.5 0.5 0.5 0.5 0.5 0.5 0.5 0.5 0.5 0.5 0.5 0.5 0.500098 0.5
0.0783292 0.786594 1 0.5 0.299497 0.5 0.5 0.5 0.5 0.5 0.5 0.5 0.5 0.5 0.5 0.5 0.5 0.5 0.500071 0.5
0.769312 0.795657 1 0.5 0.299497 0.5 0.5 0.5 0.5 0.5 0.5 0.5 0.5 0.5 0.5 0.5 0.5 0.5 0.499927 0.5
0.533128 0.417745 1 0.5 0.299497 0.5 0.5 0.5 0.5 0.5 0.5 0.5 0.5 0.5 0.5 0.5 0.5 0.5 0.499972 0.5
0.998492 0.00514949 1 0.5 0.299497 0.5 0.5 0.5 0.5 0.5 0.5 0.5 0.5 0.5 0.5 0.5 0.5 0.5 0.499967 0.5
0.71787 0.490749 1 0.5 0.299497 0.5 0.5 0.5 0.5 0.5 0.5 0.5 0.5 0.5 0.5 0.5 0.5 0.5 0.499739 0.5
0.0856483 0.899909 1 0.5 0.299497 0.5 0.5 0.5 0.5 0.5 0.5 0.5 0.5 0.5 0.5 0.5 0.5 0.5 0.500112 0.5
0.903174 0.0153635 1 0.5 0.299497 0.5 0.5 0.5 0.5 0.5 0.5 0.5 0.5 0.5 0.5 0.5 0.5 0.5 0.499974 0.5
0.520998 0.560821 1 0.5 0.299497 0.5 0.5 0.5 0.5 0.5 0.5 0.5 0.5 0.5 0.5 0.5 0.5 0.5 0.500082 0.5
0.63181 0.653301 1 0.5 0.299497 0.5 0.5 0.5 0.5 0.5 0.5 0.5 0.5 0.5 0.5 0.5 0.5 0.5 0.499934 0.5
0.999706 0.999552 0 0.5 0 0.5 0.5 0 0.5 0 0.5 0.5 0.5 0.5 1 0.5 1 0.5 9.96821e-05 0.5
0.0879553 0.674134 1 0.5 0.299497 0.5 0.5 0.5 0.5 0.5 0.5 0.5 0.5 0.5 0.5 0.5 0.5 0.5 0.500075 0.5
0.0482032 0.317012 1 0.5 0.299497 0.5 0.5 0.5 0.5 0.5 0.5 0.5 0.5 0.5 0.5 0.5 0.5 0.5 0.500108 0.5
0.888235 0.568471 1 0.5 0.299497 0.5 0.5 0.5 0.5 0.5 0.5 0.5 0.5 0.5 0.5 0.5 0.5 0.5 0.499824 0.5
1 0.00223932 1 0.5 0.299497 0.5 0.5 0.5 0.5 0.5 0.5 0.5 0.5 0.5 0.5 0.5 0.5 0.5 0.500023 0.5
0.494588 0.504101 1 0.5 0.299497 0.5 0.5 0.5 0.5 0.5 0.5 0.5 0.5 0.5 0.5 0.5 0.5 0.5 0.49992 0.5
0.969654 0.013564 1 0.5 0.299497 0.5 0.5 0.5 0.5 0.5 0.5 0.5 0.5 0.5 0.5 0.5 0.5 0.5 0.499904 0.5
0.120838 0.885602 1 0.5 0.299497 0.5 0.5 0.5 0.5 0.5 0.5 0.5 0.5 0.5 0.5 0.5 0.5 0.5 0.499901 0.5
0.00992026 0.742236 1 0.5 0.299497 0.5 0.5 0.5 0.5 0.5 0.5 0.5 0.5 0.5 0.5 0.5 0.5 0.5 0.500081 0.5
0.110982 0.878584 1 0.5 0.299497 0.5 0.5 0.5 0.5 0.5 0.5 0.5 0.5 0.5 0.5 0.5 0.5 0.5 0.499919 0.5
0.175912 0.732858 1 0.5 0.299497 0.5 0.5 0.5 0.5 0.5 0.5 0.5 0.5 0.5 0.5 0.5 0.5 0.5 0.499951 0.5
0.782132 0.762768 1 0.5 0.299497 0.5 0.5 0.5 0.5 0.5 0.5 0.5 0.5 0.5 0.5 0.5 0.5 0.5 0.500068 0.5
0.871966 0.819406 1 0.5 0.299497 0.5 0.5 0.5 0.5 0.5 0.5 0.5 0.5 0.5 0.5 0.5 0.5 0.5 0.499916 0.5
0.905127 0.548405 1 0.5 0.299497 0.5 0.5 0.5 0.5 0.5 0.5 0.5 0.5 0.5 0.5 0.5 0.5 0.5 0.500146 0.5
0.942663 0.0947108 1 0.5 0.299497 0.5 0.5 0.5 0.5 0.5 0.5 0.5 0.5 0.5 0.5 0.5 0.5 0.5 0.499978 0.5
1 0.139415 1 0.5 0.299497 0.5 0.5 0.5 0.5 0.5 0.5 0.5 0.5 0.5 0.5 0.5 0.5 0.5 0.499842 0.5
0.0786925 0.714353 1 0.5 0.299497 0.5 0.5 0.5 0.5 0.5 0.5 0.5 0.5 0.5 0.5 0.5 0.5 0.5 0.499988 0.5
0.83558 0.500556 1 0.5 0.299497 0.5 0.5 0.5 0.5 0.5 0.5 0.5 0.5 0.5 0.5 0.5 0.5 0.5 0.500211 0.5
0.745805 0.459687 1 0.5 0.299497 0.5 0.5 0.5 0.5 0.5 0.5 0.5 0.5 0.5 0.5 0.5 0.5 0.5 0.499974 0.5
0.638686 0.719953 1 0.5 0.299497 0.5 0.5 0.5 0.5 0.5 0.5 0.5 0.5 0.5 0.5 0.5 0.5 0.5 0.499953 0.5
0.811742 0.261415 1 0.5 0.299497 0.5 0.5 0.5 0.5 0.5 0.5 0.5 0.5 0.5 0.5 0.5 0.5 0.5 0.50001 0.5
0.999017 0.99875 0 0.5 0 0.5 0.5 0 0.5 0 0.5 0.5 0.5 0.5 1 0.5 1 0.5 0.000335383 0.5
0.703629 0.144704 1 0.5 0.299497 0.5 0.5 0.5 0.5 0.5 0.5 0.5 0.5 0.5 0.5 0.5 0.5 0.5 0.499945 0.5
0.48765 0.0864699 1 0.5 0.299497 0.5 0.5 0.5 0.5 0.5 0.5 0.5 0.5 0.5 0.5 0.5 0.5 0.5 0.499825 0.5
0.7509 0.889898 1 0.5 0.299497 0.5 0.5 0.5 0.5 0.5 0.5 0.5 0.5 0.5 0.5 0.5 0.5 0.5 0.500024 0.5
0.878661 0.355084 1 0.5 0.299497 0.5 0.5 0.5 0.5 0.5 0.5 0.5 0.5 0.5 0.5 0.5 0.5 0.5 0.499823 0.5
0.526351 0.92182 1 0.5 0.299497 0.5 0.5 0.5 0.5 0.5 0.5 0.5 0.5 0.5 0.5 0.5 0.5 0.5 0.500095 0.5
0.843581 0.899703 1 0.5 0.299497 0.5 0.5 0.5 0.5 0.5 0.5 0.5 0.5 0.5 0.5 0.5 0.5 0.5 0.500048 0.5
0.752271 0.416682 1 0.5 0.299497 0.5 0.5 0.5 0.5 0.5 0.5 0.5 0.5 0.5 0.5 0.5 0.5 0.5 0.500155 0.5
0.442032 0.785184 1 0.5 0.299497 0.5 0.5 0.5 0.5 0.5 0.5 0.5 0.5 0.5 0.5 0.5 0.5 0.5 0.50002 0.5
0.615005 0.8385 1 0.5 0.299497 0.5 0.5 0.5 0.5 0.5 0.5 0.5 0.5 0.5 0.5 0.5 0.5 0.5 0.499888 0.5
0.905191 0.842015 1 0.5 0.299497 0.5 0.5 0.5 0.5 0.5 0.5 0.5 0.5 0.5 0.5 0.5 0.5 0.5 0.499971 0.5
0.992401 0.905201 1 0.5 0.299497 0.5 0.5 0.5 0.5 0.5 0.5 0.5 0.5 0.5 0.5 0.5 0.5 0.5 0.499963 0.5
0.999355 0.98564 0 0.5 0 0.5 0.5 0 0.5 0 0.5 0.5 0.5 0.5 1 0.5 1 0.5 0.000146946 0.5
0.9874 0.97343 1 0.5 0.299497 0.5 0.5 0.5 0.5 0.5 0.5 0.5 0.5 0.5 0.5 0.5 0.5 0.5 0.499952 0.5
0.989571 0.210682 1 0.5 0.299497 0.5 0.5 0.5 0.5 0.5 0.5 0.5 0.5 0.5 0.5 0.5 0.5 0.5 0.499904 0.5
0 0.306885 1 0.5 0.299497 0.5 0.5 0.5 0.5 0.5 0.5 0.5 0.5 0.5 0.5 0.5 0.5 0.5 0.5 0.5
0.606387 0.217351 1 0.5 0.299497 0.5 0.5 0.5 0.5 0.5 0.5 0.5 0.5 0.5 0.5 0.5 0.5 0.5 0.500072 0.5
0.779081 0.779826 1 0.5 0.299497 0.5 0.5 0.5 0.5 0.5 0.5 0.5 0.5 0.5 0.5 0.5 0.5 0.5 0.499854 0.5
0.0479567 0.621528 1 0.5 0.299497 0.5 0.5 0.5 0.5 0.5 0.5 0.5 0.5 0.5 0.5 0.5 0.5 0.5 0.499872 0.5
0.659052 0.526912 1 0.5 0.299497 0.5 0.5 0.5 0.5 0.5 0.5 0.5 0.5 0.5 0.5 0.5 0.5 0.5 0.500061 0.5
0.853249 0.374808 1 0.5 0.299497 0.5 0.5 0.5 0.5 0.5 0.5 0.5 0.5 0.5 0.5 0.5 0.5 0.5 0.499873 0.5
0.999619 1 0 0.5 0 0.5 0.5 0 0.5 0 0.5 0.5 0.5 0.5 1 0.5 1 0.5 0.000238363 0.5
0.941673 0.0208518 1 0.5 0.299497 0.5 0.5 0.5 0.5 0.5 0.5 0.5 0.5 0.5 0.5 0.5 0.5 0.5 0.500064 0.5
0.152765 0.711548 1 0.5 0.299497 0.5 0.5 0.5 0.5 0.5 0.5 0.5 0.5 0.5 0.5 0.5 0.5 0.5 0.499891 0.5
0.994896 0.00388137 1 0.5 0.299497 0.5 0.5 0.5 0.5 0.5 0.5 0.5 0.5 0.5 0.5 0.5 0.5 0.5 0.499919 0.5
0.882201 0.0560225 1 0.5 0.299497 0.5 0.5 0.5 0.5 0.5 0.5 0.5 0.5 0.5 0.5 0.5 0.5 0.5 0.499715 0.5
0.639106 0.185117 1 0.5 0.299497 0.5 0.5 0.5 0.5 0.5 0.5 0.5 0.5 0.5 0.5 0.5 0.5 0.5 0.499961 0.5
0.920023 0.926977 1 0.5 0.299497 0.5 0.5 0.5 0.5 0.5 0.5 0.5 0.5 0.5 0.5 0.5 0.5 0.5 0.499874 0.5
0.864807 0.726684 1 0.5 0.299497 0.5 0.5 0.5 0.5 0.5 0.5 0.5 0.5 0.5 0.5 0.5 0.5 0.5 0.500033 0.5
0.815321 0.415671 1 0.5 0.299497 0.5 0.5 0.5 0.5 0.5 0.5 0.5 0.5 0.5 0.5 0.5 0.5 0.5 0.499947 0.5
0.962725 0.170511 1 0.5 0.299497 0.5 0.5 0.5 0.5 0.5 0.5 0.5 0.5 0.5 0.5 0.5 0.5 0.5 0.49994 0.5
0.184772 0.290736 1 0.5 0.299497 0.5 0.5 0.5 0.5 0.5 0.5 0.5 0.5 0.5 0.5 0.5 0.5 0.5 0.499981 0.5
0.921599 0.523972 1 0.5 0.299497 0.5 0.5 0.5 0.5 0.5 0.5 0.5 0.5 0.5 0.5 0.5 0.5 0.5 0.499855 0.5
0.0710303 0.843883 1 0.5 0.299497 0.5 0.5 0.5 0.5 0.5 0.5 0.5 0.5 0.5 0.5 0.5 0.5 0.5 0.500062 0.5
0.993323 0.0158935 1 0.5 0.299497 0.5 0.5 0.5 0.5 0.5 0.5 0.5 0.5 0.5 0.5 0.5 0.5 0.5 0.499903 0.5
0.826649 0.743942 1 0.5 0.299497 0.5 0.5 0.5 0.5 0.5 0.5 0.5 0.5 0.5 0.5 0.5 0.5 0.5 0.499851 0.5
0.170271 0.266322 1 0.5 0.299497 0.5 0.5 0.5 0.5 0.5 0.5 0.5 0.5 0.5 0.5 0.5 0.5 0.5 0.500236 0.5
0.140345 0.756096 1 0.5 0.299497 0.5 0.5 0.5 0.5 0.5 0.5 0.5 0.5 0.5 0.5 0.5 0.5 0.5 0.499789 0.5
0.961146 0.512186 1 0.5 0.299497 0.5 0.5 0.5 0.5 0.5 0.5 0.5 0.5 0.5 0.5 0.5 0.5 0.5 0.500168 0.5
0.952066 0 1 0.5 0.299497 0.5 0.5 0.5 0.5 0.5 0.5 0.5 0.5 0.5 0.5 0.5 0.5 0.5 0.500075 0.5
0.587668 0.387373 1 0.5 0.299497 0.5 0.5 0.5 0.5 0.5 0.5 0.5 0.5 0.5 0.5 0.5 0.5 0.5 0.499776 0.5
0.744606 0.885192 1 0.5 0.299497 0.5 0.5 0.5 0.5 0.5 0.5 0.5 0.5 0.5 0.5 0.5 0.5 0.5 0.499982 0.5
0.903316 0.123213 1 0.5 0.299497 0.5 0.5 0.5 0.5 0.5 0.5 0.5 0.5 0.5 0.5 0.5 0.5 0.5 0.500134 0.5
0.759697 0.339898 1 0.5 0.299497 0.5 0.5 0.5 0.5 0.5 0.5 0.5 0.5 0.5 0.5 0.5 0.5 0.5 0.49995 0.5
0.0725149 0.566459 1 0.5 0.299497 0.5 0.5 0.5 0.5 0.5 0.5 0.5 0.5 0.5 0.5 0.5 0.5 0.5 0.499943 0.5
0.868185 0.221194 1 0.5 0.299497 0.5 0.5 0.5 0.5 0.5 0.5 0.5 0.5 0.5 0.5 0.5 0.5 0.5 0.499981 0.5
0.721996 0.728857 1 0.5 0.299497 0.5 0.5 0.5 0.5 0.5 0.5 0.5 0.5 0.5 0.5 0.5 0.5 0.5 0.500087 0.5
0.913403 0.942343 1 0.5 0.299497 0.5 0.5 0.5 0.5 0.5 0.5 0.5 0.5 0.5 0.5 0.5 0.5 0.5 0.499898 0.5
0.679202 0.873234 1 0.5 0.299497 0.5 0.5 0.5 0.5 0.5 0.5 0.5 0.5 0.5 0.5 0.5 0.5 0.5 0.499937 0.5
0.587613 0.646735 1 0.5 0.299497 0.5 0.5 0.5 0.5 0.5 0.5 0.5 0.5 0.5 0.5 0.5 0.5 0.5 0.499805 0.5
0.826237 0.802042 1 0.5 0.299497 0.5 0.5 0.5 0.5 0.5 0.5 0.5 0.5 0.5 0.5 0.5 0.5 0.5 0.499951 0.5
0.528932 0.751281 1 0.5 0.299497 0.5 0.5 0.5 0.5 0.5 0.5 0.5 0.5 0.5 0.5 0.5 0.5 0.5 0.500085 0.5
0.883078 0.189595 1 0.5 0.299497 0.5 0.5 0.5 0.5 0.5 0.5 0.5 0.5 0.5 0.5 0.5 0.5 0.5 0.500148 0.5
0.996096 0.0198182 1 0.5 0.299497 0.5 0.5 0.5 0.5 0.5 0.5 0.5 0.5 0.5 0.5 0.5 0.5 0.5 0.499922 0.5
0.62288 0.564994 1 0.5 0.299497 0.5 0.5 0.5 0.5 0.5 0.5 0.5 0.5 0.5 0.5 0.5 0.5 0.5 0.499918 0.5
0.82833 0.606362 1 0.5 0.299497 0.5 0.5 0.5 0.5 0.5 0.5 0.5 0.5 0.5 0.5 0.5 0.5 0.5 0.499972 0.5
0.889723 0.839474 1 0.5 0.299497 0.5 0.5 0.5 0.5 0.5 0.5 0.5 0.5 0.5 0.5 0.5 0.5 0.5 0.499822 0.5
0.100562 0.96378 1 0.5 0.299497 0.5 0.5 0.5 0.5 0.5 0.5 0.5 0.5 0.5 0.5 0.5 0.5 0.5 0.499975 0.5
0.981559 0.0653237 1 0.5 0.299497 0.5 0.5 0.5 0.5 0.5 0.5 0.5 0.5 0.5 0.5 0.5 0.5 0.5 0.499938 0.5
0.996913 0.00817356 1 0.5 0.299497 0.5 0.5 0.5 0.5 0.5 0.5 0.5 0.5 0.5 0.5 0.5 0.5 0.5 0.499959 0.5
0.791216 0.153353 1 0.5 0.299497 0.5 0.5 0.5 0.5 0.5 0.5 0.5 0.5 0.5 0.5 0.5 0.5 0.5 0.500045 0.5
0.933859 0.629908 1 0.5 0.299497 0.5 0.5 0.5 0.5 0.5 0.5 0.5 0.5 0.5 0.5 0.5 0.5 0.5 0.500019 0.5
0.412241 0.566346 1 0.5 0.299497 0.5 0.5 0.5 0.5 0.5 0.5 0.5 0.5 0.5 0.5 0.5 0.5 0.5 0.499865 0.5
0.518975 0.275829 1 0.5 0.299497 0.5 0.5 0.5 0.5 0.5 0.5 0.5 0.5 0.5 0.5 0.5 0.5 0.5 0.500334 0.5
0.497115 0.809768 1 0.5 0.299497 0.5 0.5 0.5 0.5 0.5 0.5 0.5 0.5 0.5 0.5 0.5 0.5 0.5 0.499996 0.5
0.708332 0.626526 1 0.5 0.299497 0.5 0.5 0.5 0.5 0.5 0.5 0.5 0.5 0.5 0.5 0.5 0.5 0.5 0.499918 0.5
0.0308297 0.265076 1 0.5 0.299497 0.5 0.5 0.5 0.5 0.5 0.5 0.5 0.5 0.5 0.5 0.5 0.5 0.5 0.500075 0.5
