0 0.436212 0.0964981 0 0.438429 0.72152 0.940812 0.860622 0.795186 0.225849 0.775401 0.500643 0.856629 0.235111 0.647608 0.655531 0.137854 0.826738 1 0.818825
0.0890627 1 0.652709 0.091158 0.442273 0.259564 0.383786 0.0361287 0.995697 0.324784 0 0.961334 0.885127 0.0202702 0.29277 0.941972 0.404828 0.15166 0.853762 0.233079
1 0.143665 0.653593 0.367891 0.641047 0 0.360071 0.866598 0.320345 0.375721 0.554791 0.722459 0.34849 1 0.182188 0.371582 0 0 0.0513157 1
0.667328 0.500283 1 0.5 0.904548 0.5 0 1 0.5 0.5 0 0.5 0.5 0.500956 0.5 0 0.5 0.499999 0.899333 0.5
0.999624 0.998212 1 0.5 0.904548 0.5 0 1 0.5 0.5 0 0.5 0.5 0.500073 0.5 0 0.5 0.500013 0.899543 0.5
0.000257651 0.413014 1 0.5 0.904548 0.5 0 1 0.5 0.5 0 0.5 0.5 0.499993 0.5 0 0.5 0.499998 0.899508 0.5
0.00613102 0.672832 1 0.5 0.904548 0.5 0 1 0.5 0.5 0 0.5 0.5 0.499847 0.5 0 0.5 0.500049 0.90015 0.5
0.999978 0.00198374 1 0.5 0.904548 0.5 0 1 0.5 0.5 0 0.5 0.5 0.499837 0.5 0 0.5 0.5 0.899603 0.5
0.9939 0 1 0.5 0.904548 0.5 0 1 0.5 0.5 0 0.5 0.5 0.500278 0.5 0 0.5 0.5 0.89995 0.5
0.987284 0.993236 1 0.5 0.904548 0.5 0 1 0.5 0.5 0 0.5 0.5 0.501072 0.5 0 0.5 0.500033 0.900638 0.5
0.931225 0.499602 1 0.5 0.904548 0.5 0 1 0.5 0.5 0 0.5 0.5 0.501558 0.5 0 0.5 0.499991 0.90081 0.5
0.521959 0.126341 1 0.5 0.904548 0.5 0 1 0.5 0.5 0 0.5 0.5 0.500354 0.5 0 0.5 0.499995 0.899838 0.5
0.330979 0.500808 1 0.5 0.904548 0.5 0 1 0.5 0.5 0 0.5 0.5 0.499409 0.5 0 0.5 0.499995 0.898841 0.5
0.830297 0.201978 1 0.5 0.904548 0.5 0 1 0.5 0.5 0 0.5 0.5 0.500858 0.5 0 0.5 0.5 0.900527 0.5
0.579179 0.28813 1 0.5 0.904548 0.5 0 1 0.5 0.5 0 0.5 0.5 0.499549 0.5 0 0.5 0.500013 0.90045 0.5
0.531621 0.874424 1 0.5 0.904548 0.5 0 1 0.5 0.5 0 0.5 0.5 0.499405 0.5 0 0.5 0.500061 0.899547 0.5
0.832278 0.801525 1 0.5 0.904548 0.5 0 1 0.5 0.5 0 0.5 0.5 0.500165 0.5 0 0.5 0.499974 0.899636 0.5
0.832195 0.496709 1 0.5 0.904548 0.5 0 1 0.5 0.5 0 0.5 0.5 0.499722 0.5 0 0.5 0.499997 0.89955 0.5
0.58046 0.713848 1 0.5 0.904548 0.5 0 1 0.5 0.5 0 0.5 0.5 0.49976 0.5 0 0.5 0.500024 0.899408 0.5
1 0.986782 1 0.5 0.904548 0.5 0 1 0.5 0.5 0 0.5 0.5 0.499966 0.5 0 0.5 0.500028 0.899874 0.5
0.694946 0.144074 1 0.5 0.904548 0.5 0 1 0.5 0.5 0 0.5 0.5 0.499898 0.5 0 0.5 0.5 0.90008 0.5
0.999951 7.61114e-05 1 0.5 0.904548 0.5 0 1 0.5 0.5 0 0.5 0.5 0.499918 0.5 0 0.5 0.5 0.899725 0.5
1 1 1 0.5 0.904548 0.5 0 1 0.5 0.5 0 0.5 0.5 0.499971 0.5 0 0.5 0.500009 0.899797 0.5
0.97728 1 1 0.5 0.904548 0.5 0 1 0.5 0.5 0 0.5 0.5 0.500192 0.5 0 0.5 0.500047 0.899426 0.5
0.537222 0.42798 1 0.5 0.904548 0.5 0 1 0.5 0.5 0 0.5 0.5 0.500441 0.5 0 0.5 0.5 0.89941 0.5
0.693236 0.667924 1 0.5 0.904548 0.5 0 1 0.5 0.5 0 0.5 0.5 0.499963 0.5 0 0.5 0.499993 0.899036 0.5
0.868499 0.250913 1 0.5 0.904548 0.5 0 1 0.5 0.5 0 0.5 0.5 0.501052 0.5 0 0.5 0.499999 0.899354 0.5
1 0.0313805 1 0.5 0.904548 0.5 0 1 0.5 0.5 0 0.5 0.5 0.499104 0.5 0 0.5 0.5 0.898673 0.5
0.999163 1 1 0.5 0.904548 0.5 0 1 0.5 0.5 0 0.5 0.5 0.500362 0.5 0 0.5 0.500006 0.899647 0.5
0.401174 0.748774 1 0.5 0.904548 0.5 0 1 0.5 0.5 0 0.5 0.5 0.500075 0.5 0 0.5 0.500013 0.898835 0.5
1 0.00991703 1 0.5 0.904548 0.5 0 1 0.5 0.5 0 0.5 0.5 0.499705 0.5 0 0.5 0.499996 0.899726 0.5
0.869215 0.742962 1 0.5 0.904548 0.5 0 1 0.5 0.5 0 0.5 0.5 0.499841 0.5 0 0.5 0.499999 0.898579 0.5
0.690081 0.335754 1 0.5 0.904548 0.5 0 1 0.5 0.5 0 0.5 0.5 0.499685 0.5 0 0.5 0.5 0.900287 0.5
0.769362 0.601375 1 0.5 0.904548 0.5 0 1 0.5 0.5 0 0.5 0.5 0.500353 0.5 0 0.5 0.499999 0.898614 0.5
0.53735 0.571639 1 0.5 0.904548 0.5 0 1 0.5 0.5 0 0.5 0.5 0.499725 0.5 0 0.5 0.499996 0.898853 0.5
0.34856 0.625392 1 0.5 0.904548 0.5 0 1 0.5 0.5 0 0.5 0.5 0.499733 0.5 0 0.5 0.500017 0.898299 0.5
0.00503844 0.534418 1 0.5 0.904548 0.5 0 1 0.5 0.5 0 0.5 0.5 0.499834 0.5 0 0.5 0.500027 0.900108 0.5
0.984535 0.00438754 1 0.5 0.904548 0.5 0 1 0.5 0.5 0 0.5 0.5 0.500887 0.5 0 0.5 0.5 0.900638 0.5
0.00237033 0.770832 1 0.5 0.904548 0.5 0 1 0.5 0.5 0 0.5 0.5 0.499796 0.5 0 0.5 0.500034 0.900029 0.5
0.00475693 0.449002 1 0.5 0.904548 0.5 0 1 0.5 0.5 0 0.5 0.5 0.499881 0.5 0 0.5 0.500006 0.900091 0.5
0.392546 0.248555 1 0.5 0.904548 0.5 0 1 0.5 0.5 0 0.5 0.5 0.499908 0.5 0 0.5 0.500006 0.900386 0.5
0.767111 0.403465 1 0.5 0.904548 0.5 0 1 0.5 0.5 0 0.5 0.5 0.500493 0.5 0 0.5 0.500003 0.898807 0.5
0.695986 0.853169 1 0.5 0.904548 0.5 0 1 0.5 0.5 0 0.5 0.5 0.500425 0.5 0 0.5 0.500044 0.900482 0.5
0.777739 0.170476 1 0.5 0.904548 0.5 0 1 0.5 0.5 0 0.5 0.5 0.500383 0.5 0 0.5 0.5 0.899653 0.5
0.898302 0.335446 1 0.5 0.904548 0.5 0 1 0.5 0.5 0 0.5 0.5 0.501673 0.5 0 0.5 0.5 0.899887 0.5
0.349896 0.375988 1 0.5 0.904548 0.5 0 1 0.5 0.5 0 0.5 0.5 0.499521 0.5 0 0.5 0.500002 0.899552 0.5
1 1 1 0.5 0.904548 0.5 0 1 0.5 0.5 0 0.5 0.5 0.499971 0.5 0 0.5 0.500009 0.899797 0.5
0.899178 0.66794 1 0.5 0.904548 0.5 0 1 0.5 0.5 0 0.5 0.5 0.50001 0.5 0 0.5 0.499994 0.899793 0.5
0.993329 0.00540779 1 0.5 0.904548 0.5 0 1 0.5 0.5 0 0.5 0.5 0.500157 0.5 0 0.5 0.5 0.900924 0.5
0.783988 0.832567 1 0.5 0.904548 0.5 0 1 0.5 0.5 0 0.5 0.5 0.500248 0.5 0 0.5 0.499987 0.899768 0.5
0.0040136 0.102193 1 0.5 0.904548 0.5 0 1 0.5 0.5 0 0.5 0.5 0.499526 0.5 0 0.5 0.499993 0.899367 0.5
1 0.983217 1 0.5 0.904548 0.5 0 1 0.5 0.5 0 0.5 0.5 0.500001 0.5 0 0.5 0.500032 0.900041 0.5
0.958862 0.00121179 1 0.5 0.904548 0.5 0 1 0.5 0.5 0 0.5 0.5 0.500995 0.5 0 0.5 0.5 0.900841 0.5
0.00482926 0.820611 1 0.5 0.904548 0.5 0 1 0.5 0.5 0 0.5 0.5 0.499508 0.5 0 0.5 0.500053 0.899702 0.5
0.0304947 0.094477 1 0.5 0.904548 0.5 0 1 0.5 0.5 0 0.5 0.5 0.499679 0.5 0 0.5 0.499995 0.900269 0.5
0.945626 0.0897727 1 0.5 0.904548 0.5 0 1 0.5 0.5 0 0.5 0.5 0.500688 0.5 0 0.5 0.5 0.900285 0.5
0.954625 0.127686 1 0.5 0.904548 0.5 0 1 0.5 0.5 0 0.5 0.5 0.500313 0.5 0 0.5 0.5 0.897937 0.5
0.632027 0.580435 1 0.5 0.904548 0.5 0 1 0.5 0.5 0 0.5 0.5 0.500609 0.5 0 0.5 0.500001 0.900378 0.5
0.98482 0.556205 1 0.5 0.904548 0.5 0 1 0.5 0.5 0 0.5 0.5 0.500025 0.5 0 0.5 0.500005 0.899654 0.5
0.68561 0.797816 1 0.5 0.904548 0.5 0 1 0.5 0.5 0 0.5 0.5 0.500714 0.5 0 0.5 0.500017 0.89822 0.5
0.944468 0.902179 1 0.5 0.904548 0.5 0 1 0.5 0.5 0 0.5 0.5 0.500316 0.5 0 0.5 0.500016 0.899351 0.5
0.806014 0.960185 1 0.5 0.904548 0.5 0 1 0.5 0.5 0 0.5 0.5 0.500507 0.5 0 0.5 0.500069 0.899924 0.5
0.474546 0.499796 1 0.5 0.904548 0.5 0 1 0.5 0.5 0 0.5 0.5 0.500751 0.5 0 0.5 0.500004 0.899267 0.5
0.583243 0.501199 1 0.5 0.904548 0.5 0 1 0.5 0.5 0 0.5 0.5 0.499074 0.5 0 0.5 0.5 0.899872 0.5
0.869976 0.947241 1 0.5 0.904548 0.5 0 1 0.5 0.5 0 0.5 0.5 0.500534 0.5 0 0.5 0.500023 0.899893 0.5
0.142721 0.381993 1 0.5 0.904548 0.5 0 1 0.5 0.5 0 0.5 0.5 0.499863 0.5 0 0.5 0.499992 0.900076 0.5
0.966098 0.201858 1 0.5 0.904548 0.5 0 1 0.5 0.5 0 0.5 0.5 0.500536 0.5 0 0.5 0.499998 0.90028 0.5
0.216352 0.845696 1 0.5 0.904548 0.5 0 1 0.5 0.5 0 0.5 0.5 0.499614 0.5 0 0.5 0.500021 0.899174 0.5
0.807829 0.110553 1 0.5 0.904548 0.5 0 1 0.5 0.5 0 0.5 0.5 0.499662 0.5 0 0.5 0.5 0.899265 0.5
0.817127 0.611719 1 0.5 0.904548 0.5 0 1 0.5 0.5 0 0.5 0.5 0.499651 0.5 0 0.5 0.499999 0.899043 0.5
0.532574 0.178321 1 0.5 0.904548 0.5 0 1 0.5 0.5 0 0.5 0.5 0.499639 0.5 0 0.5 0.499992 0.899473 0.5
0.889691 0.156433 1 0.5 0.904548 0.5 0 1 0.5 0.5 0 0.5 0.5 0.500616 0.5 0 0.5 0.5 0.899339 0.5
0.246102 0.438305 1 0.5 0.904548 0.5 0 1 0.5 0.5 0 0.5 0.5 0.498921 0.5 0 0.5 0.499991 0.899058 0.5
0.816029 0.286865 1 0.5 0.904548 0.5 0 1 0.5 0.5 0 0.5 0.5 0.500808 0.5 0 0.5 0.5 0.900049 0.5
0.630926 0.423444 1 0.5 0.904548 0.5 0 1 0.5 0.5 0 0.5 0.5 0.499789 0.5 0 0.5 0.499998 0.900225 0.5
0.819621 0.714255 1 0.5 0.904548 0.5 0 1 0.5 0.5 0 0.5 0.5 0.499234 0.5 0 0.5 0.500011 0.89894 0.5
0.872298 0.052198 1 0.5 0.904548 0.5 0 1 0.5 0.5 0 0.5 0.5 0.500232 0.5 0 0.5 0.499999 0.900125 0.5
0.679914 0.264662 1 0.5 0.904548 0.5 0 1 0.5 0.5 0 0.5 0.5 0.499649 0.5 0 0.5 0.5 0.899236 0.5
0.817985 0.385523 1 0.5 0.904548 0.5 0 1 0.5 0.5 0 0.5 0.5 0.500486 0.5 0 0.5 0.500001 0.899371 0.5
0.860418 0.628683 1 0.5 0.904548 0.5 0 1 0.5 0.5 0 0.5 0.5 0.500081 0.5 0 0.5 0.499999 0.899169 0.5
0.130041 0.503275 1 0.5 0.904548 0.5 0 1 0.5 0.5 0 0.5 0.5 0.499897 0.5 0 0.5 0.499994 0.899576 0.5
0.413223 0.565884 1 0.5 0.904548 0.5 0 1 0.5 0.5 0 0.5 0.5 0.499669 0.5 0 0.5 0.500004 0.899425 0.5
0.493634 0.637237 1 0.5 0.904548 0.5 0 1 0.5 0.5 0 0.5 0.5 0.499929 0.5 0 0.5 0.500017 0.898988 0.5
0.706898 0.587365 1 0.5 0.904548 0.5 0 1 0.5 0.5 0 0.5 0.5 0.50089 0.5 0 0.5 0.5 0.899339 0.5
0.705655 0.410422 1 0.5 0.904548 0.5 0 1 0.5 0.5 0 0.5 0.5 0.500284 0.5 0 0.5 0.499999 0.899648 0.5
0.862521 0.876223 1 0.5 0.904548 0.5 0 1 0.5 0.5 0 0.5 0.5 0.499509 0.5 0 0.5 0.499982 0.899466 0.5
0.138393 0.617744 1 0.5 0.904548 0.5 0 1 0.5 0.5 0 0.5 0.5 0.4998 0.5 0 0.5 0.500039 0.899865 0.5
0.914792 0.196285 1 0.5 0.904548 0.5 0 1 0.5 0.5 0 0.5 0.5 0.500521 0.5 0 0.5 0.499996 0.899364 0.5
0.909505 0.0611571 1 0.5 0.904548 0.5 0 1 0.5 0.5 0 0.5 0.5 0.500854 0.5 0 0.5 0.5 0.900706 0.5
0.930553 0.292523 1 0.5 0.904548 0.5 0 1 0.5 0.5 0 0.5 0.5 0.501257 0.5 0 0.5 0.499991 0.9004 0.5
0.761422 0.690521 1 0.5 0.904548 0.5 0 1 0.5 0.5 0 0.5 0.5 0.500554 0.5 0 0.5 0.500004 0.898445 0.5
0.554782 0.233369 1 0.5 0.904548 0.5 0 1 0.5 0.5 0 0.5 0.5 0.499982 0.5 0 0.5 0.5 0.90064 0.5
0.722182 0.904012 1 0.5 0.904548 0.5 0 1 0.5 0.5 0 0.5 0.5 0.499544 0.5 0 0.5 0.500057 0.899707 0.5
0.243737 0.560237 1 0.5 0.904548 0.5 0 1 0.5 0.5 0 0.5 0.5 0.49952 0.5 0 0.5 0.50002 0.898373 0.5
0.602969 0.350572 1 0.5 0.904548 0.5 0 1 0.5 0.5 0 0.5 0.5 0.499588 0.5 0 0.5 0.5 0.89978 0.5
0.60393 0.648917 1 0.5 0.904548 0.5 0 1 0.5 0.5 0 0.5 0.5 0.49995 0.5 0 0.5 0.500005 0.899404 0.5
0.170697 0.73243 1 0.5 0.904548 0.5 0 1 0.5 0.5 0 0.5 0.5 0.50019 0.5 0 0.5 0.500041 0.899873 0.5
0.760554 0.314144 1 0.5 0.904548 0.5 0 1 0.5 0.5 0 0.5 0.5 0.500732 0.5 0 0.5 0.5 0.898977 0.5
0.449317 0.697705 1 0.5 0.904548 0.5 0 1 0.5 0.5 0 0.5 0.5 0.499666 0.5 0 0.5 0.500042 0.899048 0.5
0.518711 0.923806 1 0.5 0.904548 0.5 0 1 0.5 0.5 0 0.5 0.5 0.500409 0.5 0 0.5 0.50006 0.899532 0.5
0.271353 0.679662 1 0.5 0.904548 0.5 0 1 0.5 0.5 0 0.5 0.5 0.499555 0.5 0 0.5 0.500022 0.89931 0.5
0.494413 0.364712 1 0.5 0.904548 0.5 0 1 0.5 0.5 0 0.5 0.5 0.500036 0.5 0 0.5 0.499999 0.900438 0.5
0.413396 0.435654 1 0.5 0.904548 0.5 0 1 0.5 0.5 0 0.5 0.5 0.500368 0.5 0 0.5 0.499973 0.899711 0.5
0.679293 0.203792 1 0.5 0.904548 0.5 0 1 0.5 0.5 0 0.5 0.5 0.499867 0.5 0 0.5 0.499997 0.900461 0.5
0.856967 0.130244 1 0.5 0.904548 0.5 0 1 0.5 0.5 0 0.5 0.5 0.500599 0.5 0 0.5 0.5 0.899812 0.5
0.786245 0.502079 1 0.5 0.904548 0.5 0 1 0.5 0.5 0 0.5 0.5 0.50041 0.5 0 0.5 0.499999 0.898807 0.5
0.888824 0.842168 1 0.5 0.904548 0.5 0 1 0.5 0.5 0 0.5 0.5 0.500468 0.5 0 0.5 0.500014 0.899432 0.5
0.730798 0.0918824 1 0.5 0.904548 0.5 0 1 0.5 0.5 0 0.5 0.5 0.49954 0.5 0 0.5 0.5 0.900115 0.5
0.871655 0.500074 1 0.5 0.904548 0.5 0 1 0.5 0.5 0 0.5 0.5 0.49993 0.5 0 0.5 0.499996 0.899934 0.5
0.916387 0.8041 1 0.5 0.904548 0.5 0 1 0.5 0.5 0 0.5 0.5 0.500278 0.5 0 0.5 0.500016 0.900119 0.5
0.473148 0.0394851 1 0.5 0.904548 0.5 0 1 0.5 0.5 0 0.5 0.5 0.498837 0.5 0 0.5 0.5 0.901233 0.5
0.765811 0.237136 1 0.5 0.904548 0.5 0 1 0.5 0.5 0 0.5 0.5 0.500454 0.5 0 0.5 0.5 0.89914 0.5
0.96175 0.789074 1 0.5 0.904548 0.5 0 1 0.5 0.5 0 0.5 0.5 0.500716 0.5 0 0.5 0.500018 0.89879 0.5
0.165775 0.267051 1 0.5 0.904548 0.5 0 1 0.5 0.5 0 0.5 0.5 0.501091 0.5 0 0.5 0.500001 0.899283 0.5
0.934579 0.928973 1 0.5 0.904548 0.5 0 1 0.5 0.5 0 0.5 0.5 0.500527 0.5 0 0.5 0.499998 0.899181 0.5
0.68671 0.736581 1 0.5 0.904548 0.5 0 1 0.5 0.5 0 0.5 0.5 0.500756 0.5 0 0.5 0.500005 0.898392 0.5
0.34065 0.802681 1 0.5 0.904548 0.5 0 1 0.5 0.5 0 0.5 0.5 0.499858 0.5 0 0.5 0.500032 0.899717 0.5
0.767375 0.766017 1 0.5 0.904548 0.5 0 1 0.5 0.5 0 0.5 0.5 0.499975 0.5 0 0.5 0.499991 0.899524 0.5
0.44602 0.305076 1 0.5 0.904548 0.5 0 1 0.5 0.5 0 0.5 0.5 0.499751 0.5 0 0.5 0.499971 0.900628 0.5
0.861069 0.367392 1 0.5 0.904548 0.5 0 1 0.5 0.5 0 0.5 0.5 0.501005 0.5 0 0.5 0.500002 0.89981 0.5
0.562076 0.774264 1 0.5 0.904548 0.5 0 1 0.5 0.5 0 0.5 0.5 0.499484 0.5 0 0.5 0.500032 0.89796 0.5
0.931829 0.0735144 1 0.5 0.904548 0.5 0 1 0.5 0.5 0 0.5 0.5 0.500602 0.5 0 0.5 0.5 0.899179 0.5
0.907964 0.937379 1 0.5 0.904548 0.5 0 1 0.5 0.5 0 0.5 0.5 0.49996 0.5 0 0.5 0.500004 0.899988 0.5
0.733618 0.496325 1 0.5 0.904548 0.5 0 1 0.5 0.5 0 0.5 0.5 0.499974 0.5 0 0.5 0.500001 0.898854 0.5
0.956901 0.515494 1 0.5 0.904548 0.5 0 1 0.5 0.5 0 0.5 0.5 0.500851 0.5 0 0.5 0.500001 0.899091 0.5
0.27015 0.320365 1 0.5 0.904548 0.5 0 1 0.5 0.5 0 0.5 0.5 0.500144 0.5 0 0.5 0.500015 0.900012 0.5
0.953905 0.870352 1 0.5 0.904548 0.5 0 1 0.5 0.5 0 0.5 0.5 0.50065 0.5 0 0.5 0.500025 0.899902 0.5
0.322253 0.198613 1 0.5 0.904548 0.5 0 1 0.5 0.5 0 0.5 0.5 0.500284 0.5 0 0.5 0.49999 0.899068 0.5
0.788924 0.0431236 1 0.5 0.904548 0.5 0 1 0.5 0.5 0 0.5 0.5 0.500593 0.5 0 0.5 0.5 0.900295 0.5
0.531299 0.963003 1 0.5 0.904548 0.5 0 1 0.5 0.5 0 0.5 0.5 0.49856 0.5 0 0.5 0.500037 0.898854 0.5
0.815774 0.894118 1 0.5 0.904548 0.5 0 1 0.5 0.5 0 0.5 0.5 0.500365 0.5 0 0.5 0.500027 0.90056 0.5
0.902244 0.48889 1 0.5 0.904548 0.5 0 1 0.5 0.5 0 0.5 0.5 0.501787 0.5 0 0.5 0.499994 0.899656 0.5
0.53689 0.823666 1 0.5 0.904548 0.5 0 1 0.5 0.5 0 0.5 0.5 0.500013 0.5 0 0.5 0.500027 0.899381 0.5
0.93259 0.695664 1 0.5 0.904548 0.5 0 1 0.5 0.5 0 0.5 0.5 0.500525 0.5 0 0.5 0.500006 0.899001 0.5
0.51769 0.0769709 1 0.5 0.904548 0.5 0 1 0.5 0.5 0 0.5 0.5 0.501047 0.5 0 0.5 0.500003 0.898767 0.5
0.221778 0.152317 1 0.5 0.904548 0.5 0 1 0.5 0.5 0 0.5 0.5 0.499805 0.5 0 0.5 0.499997 0.900384 0.5
1 0.00911224 1 0.5 0.904548 0.5 0 1 0.5 0.5 0 0.5 0.5 0.499612 0.5 0 0.5 0.5 0.899446 0.5
0.997057 0.997965 1 0.5 0.904548 0.5 0 1 0.5 0.5 0 0.5 0.5 0.50052 0.5 0 0.5 0.500013 0.899925 0.5
1 0.998824 1 0.5 0.904548 0.5 0 1 0.5 0.5 0 0.5 0.5 0.499711 0.5 0 0.5 0.500023 0.899974 0.5
0.835954 0.953632 1 0.5 0.904548 0.5 0 1 0.5 0.5 0 0.5 0.5 0.500256 0.5 0 0.5 0.500045 0.900374 0.5
0.996926 3.80557e-05 1 0.5 0.904548 0.5 0 1 0.5 0.5 0 0.5 0.5 0.500098 0.5 0 0.5 0.5 0.899838 0.5
0.609273 0.761514 1 0.5 0.904548 0.5 0 1 0.5 0.5 0 0.5 0.5 0.500327 0.5 0 0.5 0.500028 0.898969 0.5
0.9939 0 1 0.5 0.904548 0.5 0 1 0.5 0.5 0 0.5 0.5 0.500278 0.5 0 0.5 0.5 0.89995 0.5
0.888653 0.702727 1 0.5 0.904548 0.5 0 1 0.5 0.5 0 0.5 0.5 0.500055 0.5 0 0.5 0.5 0.899929 0.5
0.999975 0.0011964 1 0.5 0.904548 0.5 0 1 0.5 0.5 0 0.5 0.5 0.49988 0.5 0 0.5 0.5 0.899654 0.5
0.887917 0.298668 1 0.5 0.904548 0.5 0 1 0.5 0.5 0 0.5 0.5 0.500777 0.5 0 0.5 0.500001 0.899183 0.5
0.752041 0.163727 1 0.5 0.904548 0.5 0 1 0.5 0.5 0 0.5 0.5 0.50015 0.5 0 0.5 0.5 0.899055 0.5
0.642391 0.192902 1 0.5 0.904548 0.5 0 1 0.5 0.5 0 0.5 0.5 0.499803 0.5 0 0.5 0.5 0.899433 0.5
0.999991 0.00268004 1 0.5 0.904548 0.5 0 1 0.5 0.5 0 0.5 0.5 0.499972 0.5 0 0.5 0.499998 0.899646 0.5
0.904217 0.811791 1 0.5 0.904548 0.5 0 1 0.5 0.5 0 0.5 0.5 0.500842 0.5 0 0.5 0.500011 0.899746 0.5
0.531184 0.522245 1 0.5 0.904548 0.5 0 1 0.5 0.5 0 0.5 0.5 0.500202 0.5 0 0.5 0.499999 0.899123 0.5
0.731318 0.849656 1 0.5 0.904548 0.5 0 1 0.5 0.5 0 0.5 0.5 0.500256 0.5 0 0.5 0.500027 0.899799 0.5
0.996784 0.998473 1 0.5 0.904548 0.5 0 1 0.5 0.5 0 0.5 0.5 0.500472 0.5 0 0.5 0.500015 0.899878 0.5
0.841837 0.219558 1 0.5 0.904548 0.5 0 1 0.5 0.5 0 0.5 0.5 0.500603 0.5 0 0.5 0.5 0.89965 0.5
0.8105 0.465628 1 0.5 0.904548 0.5 0 1 0.5 0.5 0 0.5 0.5 0.499979 0.5 0 0.5 0.499999 0.899302 0.5
0.59036 0.602809 1 0.5 0.904548 0.5 0 1 0.5 0.5 0 0.5 0.5 0.499785 0.5 0 0.5 0.499993 0.899082 0.5
0.648507 0.749864 1 0.5 0.904548 0.5 0 1 0.5 0.5 0 0.5 0.5 0.500773 0.5 0 0.5 0.50002 0.899178 0.5
0.13692 0.461156 1 0.5 0.904548 0.5 0 1 0.5 0.5 0 0.5 0.5 0.499589 0.5 0 0.5 0.499994 0.899972 0.5
0.646318 0.139165 1 0.5 0.904548 0.5 0 1 0.5 0.5 0 0.5 0.5 0.499608 0.5 0 0.5 0.499995 0.899543 0.5
0.999987 0.0059582 1 0.5 0.904548 0.5 0 1 0.5 0.5 0 0.5 0.5 0.499752 0.5 0 0.5 0.499998 0.899678 0.5
0.743939 0.374489 1 0.5 0.904548 0.5 0 1 0.5 0.5 0 0.5 0.5 0.500161 0.5 0 0.5 0.500002 0.899816 0.5
0.801923 0.642991 1 0.5 0.904548 0.5 0 1 0.5 0.5 0 0.5 0.5 0.499227 0.5 0 0.5 0.499999 0.898857 0.5
0.882193 0.141631 1 0.5 0.904548 0.5 0 1 0.5 0.5 0 0.5 0.5 0.50026 0.5 0 0.5 0.499997 0.899856 0.5
0.941064 0.321134 1 0.5 0.904548 0.5 0 1 0.5 0.5 0 0.5 0.5 0.501411 0.5 0 0.5 0.499987 0.900687 0.5
1 1 1 0.5 0.904548 0.5 0 1 0.5 0.5 0 0.5 0.5 0.499971 0.5 0 0.5 0.500009 0.899797 0.5
0.627828 0.52734 1 0.5 0.904548 0.5 0 1 0.5 0.5 0 0.5 0.5 0.500775 0.5 0 0.5 0.500002 0.899941 0.5
0.038178 1 1 0.5 0.904548 0.5 0 1 0.5 0.5 0 0.5 0.5 0.499075 0.5 0 0.5 0.499941 0.898249 0.5
0.484926 0.41047 1 0.5 0.904548 0.5 0 1 0.5 0.5 0 0.5 0.5 0.50019 0.5 0 0.5 0.499988 0.899904 0.5
0.882966 0.858268 1 0.5 0.904548 0.5 0 1 0.5 0.5 0 0.5 0.5 0.498925 0.5 0 0.5 0.499989 0.899369 0.5
0.675758 0.611012 1 0.5 0.904548 0.5 0 1 0.5 0.5 0 0.5 0.5 0.500161 0.5 0 0.5 0.499989 0.899214 0.5
0.498861 0.219381 1 0.5 0.904548 0.5 0 1 0.5 0.5 0 0.5 0.5 0.499692 0.5 0 0.5 0.5 0.900148 0.5
0.333968 0.542952 1 0.5 0.904548 0.5 0 1 0.5 0.5 0 0.5 0.5 0.498934 0.5 0 0.5 0.499986 0.898919 0.5
0.956077 0.149234 1 0.5 0.904548 0.5 0 1 0.5 0.5 0 0.5 0.5 0.49993 0.5 0 0.5 0.500001 0.900249 0.5
0.313582 0.761615 1 0.5 0.904548 0.5 0 1 0.5 0.5 0 0.5 0.5 0.500014 0.5 0 0.5 0.500037 0.899617 0.5
0.876079 0.597083 1 0.5 0.904548 0.5 0 1 0.5 0.5 0 0.5 0.5 0.500382 0.5 0 0.5 0.5 0.89973 0.5
0.00425067 0.721832 1 0.5 0.904548 0.5 0 1 0.5 0.5 0 0.5 0.5 0.499821 0.5 0 0.5 0.500042 0.900089 0.5
0.745167 0.62634 1 0.5 0.904548 0.5 0 1 0.5 0.5 0 0.5 0.5 0.50046 0.5 0 0.5 0.5 0.898819 0.5
0.718369 0.354649 1 0.5 0.904548 0.5 0 1 0.5 0.5 0 0.5 0.5 0.500828 0.5 0 0.5 0.5 0.89909 0.5
0.371729 0.841223 1 0.5 0.904548 0.5 0 1 0.5 0.5 0 0.5 0.5 0.499853 0.5 0 0.5 0.500008 0.898697 0.5
0.559733 0.333257 1 0.5 0.904548 0.5 0 1 0.5 0.5 0 0.5 0.5 0.498972 0.5 0 0.5 0.5 0.899781 0.5
0.147349 0.656926 1 0.5 0.904548 0.5 0 1 0.5 0.5 0 0.5 0.5 0.500073 0.5 0 0.5 0.500038 0.899783 0.5
0.927228 0.932603 1 0.5 0.904548 0.5 0 1 0.5 0.5 0 0.5 0.5 0.499375 0.5 0 0.5 0.499995 0.89968 0.5
0.407469 0.518998 1 0.5 0.904548 0.5 0 1 0.5 0.5 0 0.5 0.5 0.499606 0.5 0 0.5 0.49999 0.89939 0.5
0.584784 0.552699 1 0.5 0.904548 0.5 0 1 0.5 0.5 0 0.5 0.5 0.499741 0.5 0 0.5 0.499988 0.899225 0.5
0.702065 0.530021 1 0.5 0.904548 0.5 0 1 0.5 0.5 0 0.5 0.5 0.501218 0.5 0 0.5 0.499999 0.898852 0.5
0.373934 0.291752 1 0.5 0.904548 0.5 0 1 0.5 0.5 0 0.5 0.5 0.500023 0.5 0 0.5 0.500005 0.89978 0.5
0.286515 0.720549 1 0.5 0.904548 0.5 0 1 0.5 0.5 0 0.5 0.5 0.50017 0.5 0 0.5 0.500043 0.899517 0.5
0.942719 0.917754 1 0.5 0.904548 0.5 0 1 0.5 0.5 0 0.5 0.5 0.500603 0.5 0 0.5 0.499988 0.898767 0.5
0.155636 0.316736 1 0.5 0.904548 0.5 0 1 0.5 0.5 0 0.5 0.5 0.500477 0.5 0 0.5 0.500002 0.899505 0.5
0.668498 0.445845 1 0.5 0.904548 0.5 0 1 0.5 0.5 0 0.5 0.5 0.50041 0.5 0 0.5 0.499997 0.899666 0.5
0.90127 0.164978 1 0.5 0.904548 0.5 0 1 0.5 0.5 0 0.5 0.5 0.500395 0.5 0 0.5 0.499997 0.899341 0.5
0.708758 0.212943 1 0.5 0.904548 0.5 0 1 0.5 0.5 0 0.5 0.5 0.500083 0.5 0 0.5 0.5 0.898936 0.5
0.725521 0.153478 1 0.5 0.904548 0.5 0 1 0.5 0.5 0 0.5 0.5 0.499794 0.5 0 0.5 0.5 0.899052 0.5
0.970814 0.360192 1 0.5 0.904548 0.5 0 1 0.5 0.5 0 0.5 0.5 0.499982 0.5 0 0.5 0.500003 0.899039 0.5
0.13933 0.422719 1 0.5 0.904548 0.5 0 1 0.5 0.5 0 0.5 0.5 0.499745 0.5 0 0.5 0.499996 0.899827 0.5
0.431708 0.655495 1 0.5 0.904548 0.5 0 1 0.5 0.5 0 0.5 0.5 0.499429 0.5 0 0.5 0.500025 0.899136 0.5
0.712343 0.278792 1 0.5 0.904548 0.5 0 1 0.5 0.5 0 0.5 0.5 0.500467 0.5 0 0.5 0.499999 0.899599 0.5
0.66754 0.556519 1 0.5 0.904548 0.5 0 1 0.5 0.5 0 0.5 0.5 0.50076 0.5 0 0.5 0.500001 0.899911 0.5
0.800557 0.359642 1 0.5 0.904548 0.5 0 1 0.5 0.5 0 0.5 0.5 0.499651 0.5 0 0.5 0.500001 0.900343 0.5
0.247673 0.60061 1 0.5 0.904548 0.5 0 1 0.5 0.5 0 0.5 0.5 0.499366 0.5 0 0.5 0.500032 0.898792 0.5
0.00202876 0.530188 1 0.5 0.904548 0.5 0 1 0.5 0.5 0 0.5 0.5 0.499673 0.5 0 0.5 0.500008 0.900182 0.5
0.33437 0.460081 1 0.5 0.904548 0.5 0 1 0.5 0.5 0 0.5 0.5 0.499528 0.5 0 0.5 0.499991 0.89909 0.5
0.782376 0.252964 1 0.5 0.904548 0.5 0 1 0.5 0.5 0 0.5 0.5 0.500491 0.5 0 0.5 0.5 0.899472 0.5
0.921433 0.937194 1 0.5 0.904548 0.5 0 1 0.5 0.5 0 0.5 0.5 0.500254 0.5 0 0.5 0.49999 0.90016 0.5
0.736802 0.559759 1 0.5 0.904548 0.5 0 1 0.5 0.5 0 0.5 0.5 0.50148 0.5 0 0.5 0.499998 0.89837 0.5
0.849532 0.116366 1 0.5 0.904548 0.5 0 1 0.5 0.5 0 0.5 0.5 0.500506 0.5 0 0.5 0.5 0.899101 0.5
0.473548 0.543971 1 0.5 0.904548 0.5 0 1 0.5 0.5 0 0.5 0.5 0.500653 0.5 0 0.5 0.500001 0.899024 0.5
0.757374 0.840253 1 0.5 0.904548 0.5 0 1 0.5 0.5 0 0.5 0.5 0.50002 0.5 0 0.5 0.500002 0.899335 0.5
0.626686 0.473812 1 0.5 0.904548 0.5 0 1 0.5 0.5 0 0.5 0.5 0.499936 0.5 0 0.5 0.5 0.899403 0.5
0.642653 0.36819 1 0.5 0.904548 0.5 0 1 0.5 0.5 0 0.5 0.5 0.500101 0.5 0 0.5 0.5 0.899723 0.5
0.857788 0.765599 1 0.5 0.904548 0.5 0 1 0.5 0.5 0 0.5 0.5 0.49933 0.5 0 0.5 0.5 0.899181 0.5
0.58343 0.450199 1 0.5 0.904548 0.5 0 1 0.5 0.5 0 0.5 0.5 0.498565 0.5 0 0.5 0.5 0.899701 0.5
0.413062 0.210157 1 0.5 0.904548 0.5 0 1 0.5 0.5 0 0.5 0.5 0.499931 0.5 0 0.5 0.499999 0.900498 0.5
0.510326 0.682194 1 0.5 0.904548 0.5 0 1 0.5 0.5 0 0.5 0.5 0.499457 0.5 0 0.5 0.500027 0.899224 0.5
0.992025 0.995264 1 0.5 0.904548 0.5 0 1 0.5 0.5 0 0.5 0.5 0.500692 0.5 0 0.5 0.500035 0.900339 0.5
0.658453 0.685303 1 0.5 0.904548 0.5 0 1 0.5 0.5 0 0.5 0.5 0.50017 0.5 0 0.5 0.500003 0.898984 0.5
0.83425 0.305581 1 0.5 0.904548 0.5 0 1 0.5 0.5 0 0.5 0.5 0.500435 0.5 0 0.5 0.500001 0.899782 0.5
0.658266 0.317565 1 0.5 0.904548 0.5 0 1 0.5 0.5 0 0.5 0.5 0.500254 0.5 0 0.5 0.499999 0.899875 0.5
0.847164 0.3365 1 0.5 0.904548 0.5 0 1 0.5 0.5 0 0.5 0.5 0.500737 0.5 0 0.5 0.500001 0.899687 0.5
0.592228 0.401554 1 0.5 0.904548 0.5 0 1 0.5 0.5 0 0.5 0.5 0.499165 0.5 0 0.5 0.499998 0.900598 0.5
0.543082 0.619935 1 0.5 0.904548 0.5 0 1 0.5 0.5 0 0.5 0.5 0.499898 0.5 0 0.5 0.5 0.899285 0.5
0.532055 0.728969 1 0.5 0.904548 0.5 0 1 0.5 0.5 0 0.5 0.5 0.499437 0.5 0 0.5 0.500041 0.899318 0.5
0.238101 0.522956 1 0.5 0.904548 0.5 0 1 0.5 0.5 0 0.5 0.5 0.499229 0.5 0 0.5 0.500007 0.89886 0.5
0.95803 0.818788 1 0.5 0.904548 0.5 0 1 0.5 0.5 0 0.5 0.5 0.500187 0.5 0 0.5 0.500004 0.90047 0.5
0.356995 0.927264 1 0.5 0.904548 0.5 0 1 0.5 0.5 0 0.5 0.5 0.5003 0.5 0 0.5 0.499984 0.899666 0.5
0.8474 0.656686 1 0.5 0.904548 0.5 0 1 0.5 0.5 0 0.5 0.5 0.500023 0.5 0 0.5 0.500008 0.899362 0.5
0.951638 0.90366 1 0.5 0.904548 0.5 0 1 0.5 0.5 0 0.5 0.5 0.500533 0.5 0 0.5 0.500015 0.899453 0.5
0.82565 0.116583 1 0.5 0.904548 0.5 0 1 0.5 0.5 0 0.5 0.5 0.500318 0.5 0 0.5 0.5 0.899233 0.5
0.999951 7.61114e-05 1 0.5 0.904548 0.5 0 1 0.5 0.5 0 0.5 0.5 0.499918 0.5 0 0.5 0.5 0.899725 0.5
0.64337 0.633978 1 0.5 0.904548 0.5 0 1 0.5 0.5 0 0.5 0.5 0.499844 0.5 0 0.5 0.49999 0.899311 0.5
0.855006 0.950518 1 0.5 0.904548 0.5 0 1 0.5 0.5 0 0.5 0.5 0.50066 0.5 0 0.5 0.500035 0.899667 0.5
0.50945 0.318269 1 0.5 0.904548 0.5 0 1 0.5 0.5 0 0.5 0.5 0.500093 0.5 0 0.5 0.499999 0.900613 0.5
0.992043 1 1 0.5 0.904548 0.5 0 1 0.5 0.5 0 0.5 0.5 0.500228 0.5 0 0.5 0.50004 0.899754 0.5
1 0.990348 1 0.5 0.904548 0.5 0 1 0.5 0.5 0 0.5 0.5 0.499931 0.5 0 0.5 0.500025 0.899708 0.5
0.875533 0.868902 1 0.5 0.904548 0.5 0 1 0.5 0.5 0 0.5 0.5 0.500247 0.5 0 0.5 0.499987 0.899574 0.5
0.532477 0.477257 1 0.5 0.904548 0.5 0 1 0.5 0.5 0 0.5 0.5 0.500205 0.5 0 0.5 0.5 0.899507 0.5
0.802183 0.733292 1 0.5 0.904548 0.5 0 1 0.5 0.5 0 0.5 0.5 0.49996 0.5 0 0.5 0.499992 0.898404 0.5
0.833649 0.68847 1 0.5 0.904548 0.5 0 1 0.5 0.5 0 0.5 0.5 0.499629 0.5 0 0.5 0.500001 0.898504 0.5
0.999951 7.61114e-05 1 0.5 0.904548 0.5 0 1 0.5 0.5 0 0.5 0.5 0.499918 0.5 0 0.5 0.5 0.899725 0.5
0.816487 0.80883 1 0.5 0.904548 0.5 0 1 0.5 0.5 0 0.5 0.5 0.499968 0.5 0 0.5 0.499977 0.899967 0.5
0.476132 0.453996 1 0.5 0.904548 0.5 0 1 0.5 0.5 0 0.5 0.5 0.500659 0.5 0 0.5 0.500003 0.899791 0.5
0.156164 0.695895 1 0.5 0.904548 0.5 0 1 0.5 0.5 0 0.5 0.5 0.500229 0.5 0 0.5 0.500033 0.899513 0.5
0.801687 0.825249 1 0.5 0.904548 0.5 0 1 0.5 0.5 0 0.5 0.5 0.500088 0.5 0 0.5 0.500005 0.899538 0.5
0.00787999 0.372174 1 0.5 0.904548 0.5 0 1 0.5 0.5 0 0.5 0.5 0.499943 0.5 0 0.5 0.499995 0.900436 0.5
0.459971 0.166434 1 0.5 0.904548 0.5 0 1 0.5 0.5 0 0.5 0.5 0.499801 0.5 0 0.5 0.49999 0.899036 0.5
0.377757 0.708332 1 0.5 0.904548 0.5 0 1 0.5 0.5 0 0.5 0.5 0.500139 0.5 0 0.5 0.50003 0.898962 0.5
0.941095 0.071974 1 0.5 0.904548 0.5 0 1 0.5 0.5 0 0.5 0.5 0.50005 0.5 0 0.5 0.499999 0.899719 0.5
0.887517 0.943404 1 0.5 0.904548 0.5 0 1 0.5 0.5 0 0.5 0.5 0.500734 0.5 0 0.5 0.500019 0.899799 0.5
0.798909 0.18036 1 0.5 0.904548 0.5 0 1 0.5 0.5 0 0.5 0.5 0.500601 0.5 0 0.5 0.5 0.899838 0.5
0.205144 0.810792 1 0.5 0.904548 0.5 0 1 0.5 0.5 0 0.5 0.5 0.500117 0.5 0 0.5 0.499983 0.898761 0.5
0.855757 0.231194 1 0.5 0.904548 0.5 0 1 0.5 0.5 0 0.5 0.5 0.501028 0.5 0 0.5 0.5 0.899291 0.5
0.0556759 0.0221364 1 0.5 0.904548 0.5 0 1 0.5 0.5 0 0.5 0.5 0.498538 0.5 0 0.5 0.499991 0.900636 0.5
0.337649 0.586206 1 0.5 0.904548 0.5 0 1 0.5 0.5 0 0.5 0.5 0.499189 0.5 0 0.5 0.50001 0.899437 0.5
0.337761 0.419355 1 0.5 0.904548 0.5 0 1 0.5 0.5 0 0.5 0.5 0.499646 0.5 0 0.5 0.499987 0.899339 0.5
0.790181 0.10177 1 0.5 0.904548 0.5 0 1 0.5 0.5 0 0.5 0.5 0.499219 0.5 0 0.5 0.5 0.900436 0.5
0.950055 0.409482 1 0.5 0.904548 0.5 0 1 0.5 0.5 0 0.5 0.5 0.500562 0.5 0 0.5 0.499999 0.899695 0.5
0.853914 0.540139 1 0.5 0.904548 0.5 0 1 0.5 0.5 0 0.5 0.5 0.499864 0.5 0 0.5 0.499999 0.900199 0.5
0.735892 0.297412 1 0.5 0.904548 0.5 0 1 0.5 0.5 0 0.5 0.5 0.500522 0.5 0 0.5 0.5 0.899093 0.5
0.722166 0.78871 1 0.5 0.904548 0.5 0 1 0.5 0.5 0 0.5 0.5 0.500508 0.5 0 0.5 0.500006 0.899141 0.5
0.781672 0.666756 1 0.5 0.904548 0.5 0 1 0.5 0.5 0 0.5 0.5 0.49989 0.5 0 0.5 0.500002 0.898651 0.5
0.997052 0.997212 1 0.5 0.904548 0.5 0 1 0.5 0.5 0 0.5 0.5 0.50067 0.5 0 0.5 0.500001 0.899608 0.5
0.598931 0.181305 1 0.5 0.904548 0.5 0 1 0.5 0.5 0 0.5 0.5 0.499565 0.5 0 0.5 0.5 0.899598 0.5
0.973288 0.6803 1 0.5 0.904548 0.5 0 1 0.5 0.5 0 0.5 0.5 0.500219 0.5 0 0.5 0.500008 0.899065 0.5
0.26135 0.880874 1 0.5 0.904548 0.5 0 1 0.5 0.5 0 0.5 0.5 0.500059 0.5 0 0.5 0.500028 0.899591 0.5
0.739243 0.706799 1 0.5 0.904548 0.5 0 1 0.5 0.5 0 0.5 0.5 0.500024 0.5 0 0.5 0.499996 0.898733 0.5
0.896656 0.057783 1 0.5 0.904548 0.5 0 1 0.5 0.5 0 0.5 0.5 0.500737 0.5 0 0.5 0.5 0.900407 0.5
0.999987 0.0055558 1 0.5 0.904548 0.5 0 1 0.5 0.5 0 0.5 0.5 0.499706 0.5 0 0.5 0.5 0.899538 0.5
0.675228 0.390339 1 0.5 0.904548 0.5 0 1 0.5 0.5 0 0.5 0.5 0.500463 0.5 0 0.5 0.5 0.899201 0.5
0.141737 0.581318 1 0.5 0.904548 0.5 0 1 0.5 0.5 0 0.5 0.5 0.499366 0.5 0 0.5 0.500027 0.899279 0.5
0.910392 0.174896 1 0.5 0.904548 0.5 0 1 0.5 0.5 0 0.5 0.5 0.50019 0.5 0 0.5 0.499997 0.899172 0.5
0.561249 0.667982 1 0.5 0.904548 0.5 0 1 0.5 0.5 0 0.5 0.5 0.500006 0.5 0 0.5 0.500012 0.899243 0.5
0.892664 0.552131 1 0.5 0.904548 0.5 0 1 0.5 0.5 0 0.5 0.5 0.500147 0.5 0 0.5 0.499995 0.900041 0.5
0.919531 0.217865 1 0.5 0.904548 0.5 0 1 0.5 0.5 0 0.5 0.5 0.500503 0.5 0 0.5 0.499999 0.898926 0.5
0.421665 0.608862 1 0.5 0.904548 0.5 0 1 0.5 0.5 0 0.5 0.5 0.499791 0.5 0 0.5 0.500017 0.899154 0.5
0.71845 0.647233 1 0.5 0.904548 0.5 0 1 0.5 0.5 0 0.5 0.5 0.500122 0.5 0 0.5 0.499998 0.898377 0.5
0.645961 0.252196 1 0.5 0.904548 0.5 0 1 0.5 0.5 0 0.5 0.5 0.499751 0.5 0 0.5 0.5 0.899692 0.5
0.832755 0.0449592 1 0.5 0.904548 0.5 0 1 0.5 0.5 0 0.5 0.5 0.500325 0.5 0 0.5 0.5 0.900473 0.5
0.735413 0.436526 1 0.5 0.904548 0.5 0 1 0.5 0.5 0 0.5 0.5 0.499507 0.5 0 0.5 0.500001 0.899252 0.5
0.700513 0.472073 1 0.5 0.904548 0.5 0 1 0.5 0.5 0 0.5 0.5 0.500437 0.5 0 0.5 0.499998 0.898737 0.5
0.845261 0.783398 1 0.5 0.904548 0.5 0 1 0.5 0.5 0 0.5 0.5 0.499686 0.5 0 0.5 0.499988 0.899596 0.5
0.64919 0.858117 1 0.5 0.904548 0.5 0 1 0.5 0.5 0 0.5 0.5 0.500014 0.5 0 0.5 0.500059 0.900055 0.5
0.921481 0.775615 1 0.5 0.904548 0.5 0 1 0.5 0.5 0 0.5 0.5 0.499857 0.5 0 0.5 0.499995 0.901039 0.5
0.921447 0.0725619 1 0.5 0.904548 0.5 0 1 0.5 0.5 0 0.5 0.5 0.500635 0.5 0 0.5 0.5 0.899344 0.5
0.528448 0.275635 1 0.5 0.904548 0.5 0 1 0.5 0.5 0 0.5 0.5 0.499726 0.5 0 0.5 0.500004 0.899999 0.5
0.943307 0.660522 1 0.5 0.904548 0.5 0 1 0.5 0.5 0 0.5 0.5 0.501042 0.5 0 0.5 0.499996 0.900769 0.5
0.939225 0.0878276 1 0.5 0.904548 0.5 0 1 0.5 0.5 0 0.5 0.5 0.500576 0.5 0 0.5 0.5 0.899777 0.5
0.674499 0.0856026 1 0.5 0.904548 0.5 0 1 0.5 0.5 0 0.5 0.5 0.499611 0.5 0 0.5 0.5 0.899957 0.5
0.712977 0.72169 1 0.5 0.904548 0.5 0 1 0.5 0.5 0 0.5 0.5 0.50039 0.5 0 0.5 0.5 0.898563 0.5
0.835638 0.417769 1 0.5 0.904548 0.5 0 1 0.5 0.5 0 0.5 0.5 0.499803 0.5 0 0.5 0.499997 0.900492 0.5
0.814675 0.19105 1 0.5 0.904548 0.5 0 1 0.5 0.5 0 0.5 0.5 0.500714 0.5 0 0.5 0.5 0.900214 0.5
0.789819 0.568952 1 0.5 0.904548 0.5 0 1 0.5 0.5 0 0.5 0.5 0.501153 0.5 0 0.5 0.5 0.899062 0.5
0.171156 0.219305 1 0.5 0.904548 0.5 0 1 0.5 0.5 0 0.5 0.5 0.500449 0.5 0 0.5 0.499995 0.89934 0.5
0.788805 0.434546 1 0.5 0.904548 0.5 0 1 0.5 0.5 0 0.5 0.5 0.500236 0.5 0 0.5 0.500001 0.899055 0.5
0.606737 0.240789 1 0.5 0.904548 0.5 0 1 0.5 0.5 0 0.5 0.5 0.500041 0.5 0 0.5 0.5 0.90005 0.5
0.00712229 0.487918 1 0.5 0.904548 0.5 0 1 0.5 0.5 0 0.5 0.5 0.499988 0.5 0 0.5 0.500017 0.899901 0.5
0.420275 0.393535 1 0.5 0.904548 0.5 0 1 0.5 0.5 0 0.5 0.5 0.50006 0.5 0 0.5 0.499972 0.900107 0.5
0.415528 0.120997 1 0.5 0.904548 0.5 0 1 0.5 0.5 0 0.5 0.5 0.499996 0.5 0 0.5 0.499995 0.89985 0.5
0.410432 0.477326 1 0.5 0.904548 0.5 0 1 0.5 0.5 0 0.5 0.5 0.499987 0.5 0 0.5 0.499981 0.89955 0.5
0.874476 0.402009 1 0.5 0.904548 0.5 0 1 0.5 0.5 0 0.5 0.5 0.500531 0.5 0 0.5 0.5 0.900294 0.5
0.239006 0.482404 1 0.5 0.904548 0.5 0 1 0.5 0.5 0 0.5 0.5 0.499305 0.5 0 0.5 0.499999 0.898752 0.5
