1 1 0.500001 0.5 0.5 0.5 0.5 0.5 0.5 0.5 0.5 0.5 0.5 0.5 0.5 0.5 0.5 0.39626 0.5 0.499999
0.531616 0 1 0.752927 0 0.843683 0 0 0.103521 1 0.146811 0 0 1 0.279736 0 1 0.848674 0.238 0.817748
0 0 0.664387 0.547272 0.0793096 0 0.912245 0.966407 0 0.510547 0.780433 0.454107 0.402239 0 0.036945 0 0.337623 0.681571 0.988778 0.676188
0.393157 0.497887 0.500112 0.5 0.5 0.5 0.5 0.5 0.5 0.5 0.5 0.5 0.5 0.5 0.5 0.5 0.5 0.39626 0.5 0.500194
0.000393616 0 0.5 0.5 0.5 0.5 0.5 0.5 0.5 0.5 0.5 0.5 0.5 0.5 0.5 0.5 0.5 0.39626 0.5 0.5
1 0.78473 0.5 0.5 0.5 0.5 0.5 0.5 0.5 0.5 0.5 0.5 0.5 0.5 0.5 0.5 0.5 0.39626 0.5 0.5
0.997668 0.325611 0.499994 0.5 0.5 0.5 0.5 0.5 0.5 0.5 0.5 0.5 0.5 0.5 0.5 0.5 0.5 0.39626 0.5 0.499992
0.000285286 0.998699 0.499995 0.5 0.5 0.5 0.5 0.5 0.5 0.5 0.5 0.5 0.5 0.5 0.5 0.5 0.5 0.39626 0.5 0.5
0.00346874 1 0.500002 0.5 0.5 0.5 0.5 0.5 0.5 0.5 0.5 0.5 0.5 0.5 0.5 0.5 0.5 0.39626 0.5 0.500002
0.00872985 0 0.500005 0.5 0.5 0.5 0.5 0.5 0.5 0.5 0.5 0.5 0.5 0.5 0.5 0.5 0.5 0.39626 0.5 0.500007
0.0660632 0.500682 0.499984 0.5 0.5 0.5 0.5 0.5 0.5 0.5 0.5 0.5 0.5 0.5 0.5 0.5 0.5 0.39626 0.5 0.499915
0.511291 0.922107 0.499944 0.5 0.5 0.5 0.5 0.5 0.5 0.5 0.5 0.5 0.5 0.5 0.5 0.5 0.5 0.39626 0.5 0.500004
0.786225 0.499826 0.500037 0.5 0.5 0.5 0.5 0.5 0.5 0.5 0.5 0.5 0.5 0.5 0.5 0.5 0.5 0.39626 0.5 0.500002
0.15441 0.842688 0.499943 0.5 0.5 0.5 0.5 0.5 0.5 0.5 0.5 0.5 0.5 0.5 0.5 0.5 0.5 0.39626 0.5 0.499977
0.482547 0.755429 0.500096 0.5 0.5 0.5 0.5 0.5 0.5 0.5 0.5 0.5 0.5 0.5 0.5 0.5 0.5 0.39626 0.5 0.499954
0.496807 0.0890769 0.500105 0.5 0.5 0.5 0.5 0.5 0.5 0.5 0.5 0.5 0.5 0.5 0.5 0.5 0.5 0.39626 0.5 0.499934
0.152195 0.155087 0.500027 0.5 0.5 0.5 0.5 0.5 0.5 0.5 0.5 0.5 0.5 0.5 0.5 0.5 0.5 0.39626 0.5 0.500094
0.177187 0.501994 0.50013 0.5 0.5 0.5 0.5 0.5 0.5 0.5 0.5 0.5 0.5 0.5 0.5 0.5 0.5 0.39626 0.5 0.499898
0.479573 0.243686 0.500145 0.5 0.5 0.5 0.5 0.5 0.5 0.5 0.5 0.5 0.5 0.5 0.5 0.5 0.5 0.39626 0.5 0.500041
9.8404e-05 0.00846909 0.5 0.5 0.5 0.5 0.5 0.5 0.5 0.5 0.5 0.5 0.5 0.5 0.5 0.5 0.5 0.39626 0.5 0.500018
0.299143 0.893628 0.499997 0.5 0.5 0.5 0.5 0.5 0.5 0.5 0.5 0.5 0.5 0.5 0.5 0.5 0.5 0.39626 0.5 0.499932
0 1 0.5 0.5 0.5 0.5 0.5 0.5 0.5 0.5 0.5 0.5 0.5 0.5 0.5 0.5 0.5 0.39626 0.5 0.499999
0 0 0.500001 0.5 0.5 0.5 0.5 0.5 0.5 0.5 0.5 0.5 0.5 0.5 0.5 0.5 0.5 0.39626 0.5 0.5
0.0139052 0 0.499997 0.5 0.5 0.5 0.5 0.5 0.5 0.5 0.5 0.5 0.5 0.5 0.5 0.5 0.5 0.39626 0.5 0.500015
0.559311 0.590379 0.499949 0.5 0.5 0.5 0.5 0.5 0.5 0.5 0.5 0.5 0.5 0.5 0.5 0.5 0.5 0.39626 0.5 0.500043
0.342347 0.291937 0.500014 0.5 0.5 0.5 0.5 0.5 0.5 0.5 0.5 0.5 0.5 0.5 0.5 0.5 0.5 0.39626 0.5 0.499991
0.121223 0.794612 0.500015 0.5 0.5 0.5 0.5 0.5 0.5 0.5 0.5 0.5 0.5 0.5 0.5 0.5 0.5 0.39626 0.5 0.49997
0 0.979419 0.500027 0.5 0.5 0.5 0.5 0.5 0.5 0.5 0.5 0.5 0.5 0.5 0.5 0.5 0.5 0.39626 0.5 0.499998
0.000393616 0 0.5 0.5 0.5 0.5 0.5 0.5 0.5 0.5 0.5 0.5 0.5 0.5 0.5 0.5 0.5 0.39626 0.5 0.5
0.690298 0.204023 0.500116 0.5 0.5 0.5 0.5 0.5 0.5 0.5 0.5 0.5 0.5 0.5 0.5 0.5 0.5 0.39626 0.5 0.499853
0.000264908 0.993625 0.500014 0.5 0.5 0.5 0.5 0.5 0.5 0.5 0.5 0.5 0.5 0.5 0.5 0.5 0.5 0.39626 0.5 0.500003
0.12102 0.209855 0.50006 0.5 0.5 0.5 0.5 0.5 0.5 0.5 0.5 0.5 0.5 0.5 0.5 0.5 0.5 0.39626 0.5 0.499948
0.343168 0.702333 0.499927 0.5 0.5 0.5 0.5 0.5 0.5 0.5 0.5 0.5 0.5 0.5 0.5 0.5 0.5 0.39626 0.5 0.499957
0.251926 0.37325 0.500118 0.5 0.5 0.5 0.5 0.5 0.5 0.5 0.5 0.5 0.5 0.5 0.5 0.5 0.5 0.39626 0.5 0.500008
0.56102 0.409337 0.500085 0.5 0.5 0.5 0.5 0.5 0.5 0.5 0.5 0.5 0.5 0.5 0.5 0.5 0.5 0.39626 0.5 0.50005
0.763924 0.341867 0.500029 0.5 0.5 0.5 0.5 0.5 0.5 0.5 0.5 0.5 0.5 0.5 0.5 0.5 0.5 0.39626 0.5 0.499981
0.997532 0.419438 0.499993 0.5 0.5 0.5 0.5 0.5 0.5 0.5 0.5 0.5 0.5 0.5 0.5 0.5 0.5 0.39626 0.5 0.499995
0.00961519 1 0.500005 0.5 0.5 0.5 0.5 0.5 0.5 0.5 0.5 0.5 0.5 0.5 0.5 0.5 0.5 0.39626 0.5 0.500012
0.999668 0.923779 0.499999 0.5 0.5 0.5 0.5 0.5 0.5 0.5 0.5 0.5 0.5 0.5 0.5 0.5 0.5 0.39626 0.5 0.5
0.99821 0.825038 0.499995 0.5 0.5 0.5 0.5 0.5 0.5 0.5 0.5 0.5 0.5 0.5 0.5 0.5 0.5 0.39626 0.5 0.500001
0.69932 0.799734 0.49986 0.5 0.5 0.5 0.5 0.5 0.5 0.5 0.5 0.5 0.5 0.5 0.5 0.5 0.5 0.39626 0.5 0.500003
0.25327 0.621556 0.500036 0.5 0.5 0.5 0.5 0.5 0.5 0.5 0.5 0.5 0.5 0.5 0.5 0.5 0.5 0.39626 0.5 0.500025
0.298522 0.0990222 0.499938 0.5 0.5 0.5 0.5 0.5 0.5 0.5 0.5 0.5 0.5 0.5 0.5 0.5 0.5 0.39626 0.5 0.499917
0.208918 0.872211 0.499969 0.5 0.5 0.5 0.5 0.5 0.5 0.5 0.5 0.5 0.5 0.5 0.5 0.5 0.5 0.39626 0.5 0.499984
0.0888091 0.701604 0.500056 0.5 0.5 0.5 0.5 0.5 0.5 0.5 0.5 0.5 0.5 0.5 0.5 0.5 0.5 0.39626 0.5 0.50008
0.763601 0.658456 0.499974 0.5 0.5 0.5 0.5 0.5 0.5 0.5 0.5 0.5 0.5 0.5 0.5 0.5 0.5 0.39626 0.5 0.49983
0 0 0.500001 0.5 0.5 0.5 0.5 0.5 0.5 0.5 0.5 0.5 0.5 0.5 0.5 0.5 0.5 0.39626 0.5 0.5
0.0922208 0.294912 0.499915 0.5 0.5 0.5 0.5 0.5 0.5 0.5 0.5 0.5 0.5 0.5 0.5 0.5 0.5 0.39626 0.5 0.500011
0.00480657 1 0.500003 0.5 0.5 0.5 0.5 0.5 0.5 0.5 0.5 0.5 0.5 0.5 0.5 0.5 0.5 0.39626 0.5 0.500002
0.199903 0.125207 0.500023 0.5 0.5 0.5 0.5 0.5 0.5 0.5 0.5 0.5 0.5 0.5 0.5 0.5 0.5 0.39626 0.5 0.499985
0.99821 0.825038 0.499995 0.5 0.5 0.5 0.5 0.5 0.5 0.5 0.5 0.5 0.5 0.5 0.5 0.5 0.5 0.39626 0.5 0.500001
0.00157446 0.00996168 0.500004 0.5 0.5 0.5 0.5 0.5 0.5 0.5 0.5 0.5 0.5 0.5 0.5 0.5 0.5 0.39626 0.5 0.499996
0.0272763 1 0.499988 0.5 0.5 0.5 0.5 0.5 0.5 0.5 0.5 0.5 0.5 0.5 0.5 0.5 0.5 0.39626 0.5 0.499975
0.99944 0.871377 0.499998 0.5 0.5 0.5 0.5 0.5 0.5 0.5 0.5 0.5 0.5 0.5 0.5 0.5 0.5 0.39626 0.5 0.5
0.982181 1 0.499995 0.5 0.5 0.5 0.5 0.5 0.5 0.5 0.5 0.5 0.5 0.5 0.5 0.5 0.5 0.39626 0.5 0.500009
0.0399523 0.937629 0.500021 0.5 0.5 0.5 0.5 0.5 0.5 0.5 0.5 0.5 0.5 0.5 0.5 0.5 0.5 0.39626 0.5 0.500024
0.0343662 0.907676 0.49999 0.5 0.5 0.5 0.5 0.5 0.5 0.5 0.5 0.5 0.5 0.5 0.5 0.5 0.5 0.39626 0.5 0.500047
0.434939 0.398739 0.500065 0.5 0.5 0.5 0.5 0.5 0.5 0.5 0.5 0.5 0.5 0.5 0.5 0.5 0.5 0.39626 0.5 0.500093
6.15385e-05 0.428788 0.500012 0.5 0.5 0.5 0.5 0.5 0.5 0.5 0.5 0.5 0.5 0.5 0.5 0.5 0.5 0.39626 0.5 0.500132
0.321307 0.157884 0.500044 0.5 0.5 0.5 0.5 0.5 0.5 0.5 0.5 0.5 0.5 0.5 0.5 0.5 0.5 0.39626 0.5 0.499964
0.043372 0.0686121 0.500049 0.5 0.5 0.5 0.5 0.5 0.5 0.5 0.5 0.5 0.5 0.5 0.5 0.5 0.5 0.39626 0.5 0.50005
0.156696 0 0.500053 0.5 0.5 0.5 0.5 0.5 0.5 0.5 0.5 0.5 0.5 0.5 0.5 0.5 0.5 0.39626 0.5 0.499968
0.63925 0.499166 0.500053 0.5 0.5 0.5 0.5 0.5 0.5 0.5 0.5 0.5 0.5 0.5 0.5 0.5 0.5 0.39626 0.5 0.500055
0.505461 0.501294 0.500072 0.5 0.5 0.5 0.5 0.5 0.5 0.5 0.5 0.5 0.5 0.5 0.5 0.5 0.5 0.39626 0.5 0.500141
0.0991569 0.0353861 0.50003 0.5 0.5 0.5 0.5 0.5 0.5 0.5 0.5 0.5 0.5 0.5 0.5 0.5 0.5 0.39626 0.5 0.499972
0.923161 0.647902 0.500011 0.5 0.5 0.5 0.5 0.5 0.5 0.5 0.5 0.5 0.5 0.5 0.5 0.5 0.5 0.39626 0.5 0.500015
0.0235672 0.842609 0.500015 0.5 0.5 0.5 0.5 0.5 0.5 0.5 0.5 0.5 0.5 0.5 0.5 0.5 0.5 0.39626 0.5 0.499968
0.851601 0.0855855 0.500048 0.5 0.5 0.5 0.5 0.5 0.5 0.5 0.5 0.5 0.5 0.5 0.5 0.5 0.5 0.39626 0.5 0.50001
0.165342 0.92153 0.499962 0.5 0.5 0.5 0.5 0.5 0.5 0.5 0.5 0.5 0.5 0.5 0.5 0.5 0.5 0.39626 0.5 0.500017
0.189125 0.361163 0.50026 0.5 0.5 0.5 0.5 0.5 0.5 0.5 0.5 0.5 0.5 0.5 0.5 0.5 0.5 0.39626 0.5 0.500055
0.513091 0.869695 0.500059 0.5 0.5 0.5 0.5 0.5 0.5 0.5 0.5 0.5 0.5 0.5 0.5 0.5 0.5 0.39626 0.5 0.499816
0.0911449 0.882976 0.499998 0.5 0.5 0.5 0.5 0.5 0.5 0.5 0.5 0.5 0.5 0.5 0.5 0.5 0.5 0.39626 0.5 0.500006
0.854215 0.579663 0.499971 0.5 0.5 0.5 0.5 0.5 0.5 0.5 0.5 0.5 0.5 0.5 0.5 0.5 0.5 0.39626 0.5 0.49999
0.180668 0.754301 0.499982 0.5 0.5 0.5 0.5 0.5 0.5 0.5 0.5 0.5 0.5 0.5 0.5 0.5 0.5 0.39626 0.5 0.500068
0.435203 0.598632 0.499939 0.5 0.5 0.5 0.5 0.5 0.5 0.5 0.5 0.5 0.5 0.5 0.5 0.5 0.5 0.39626 0.5 0.500082
0.177986 0.243482 0.500093 0.5 0.5 0.5 0.5 0.5 0.5 0.5 0.5 0.5 0.5 0.5 0.5 0.5 0.5 0.39626 0.5 0.499971
0.0979765 0.966967 0.499932 0.5 0.5 0.5 0.5 0.5 0.5 0.5 0.5 0.5 0.5 0.5 0.5 0.5 0.5 0.39626 0.5 0.499967
0.34569 0.777701 0.500018 0.5 0.5 0.5 0.5 0.5 0.5 0.5 0.5 0.5 0.5 0.5 0.5 0.5 0.5 0.39626 0.5 0.499936
0.189044 0.644348 0.500015 0.5 0.5 0.5 0.5 0.5 0.5 0.5 0.5 0.5 0.5 0.5 0.5 0.5 0.5 0.39626 0.5 0.500059
0.137363 0.338518 0.499954 0.5 0.5 0.5 0.5 0.5 0.5 0.5 0.5 0.5 0.5 0.5 0.5 0.5 0.5 0.39626 0.5 0.499942
0.933116 0.505917 0.499977 0.5 0.5 0.5 0.5 0.5 0.5 0.5 0.5 0.5 0.5 0.5 0.5 0.5 0.5 0.39626 0.5 0.499985
0.705092 0.418472 0.500067 0.5 0.5 0.5 0.5 0.5 0.5 0.5 0.5 0.5 0.5 0.5 0.5 0.5 0.5 0.39626 0.5 0.500066
0.605809 0.324084 0.500014 0.5 0.5 0.5 0.5 0.5 0.5 0.5 0.5 0.5 0.5 0.5 0.5 0.5 0.5 0.39626 0.5 0.500093
0.332562 0.389198 0.500068 0.5 0.5 0.5 0.5 0.5 0.5 0.5 0.5 0.5 0.5 0.5 0.5 0.5 0.5 0.39626 0.5 0.499985
0.333212 0.607584 0.499981 0.5 0.5 0.5 0.5 0.5 0.5 0.5 0.5 0.5 0.5 0.5 0.5 0.5 0.5 0.39626 0.5 0.500128
0.112991 0.0905695 0.500008 0.5 0.5 0.5 0.5 0.5 0.5 0.5 0.5 0.5 0.5 0.5 0.5 0.5 0.5 0.39626 0.5 0.500003
0.925984 0.35016 0.499969 0.5 0.5 0.5 0.5 0.5 0.5 0.5 0.5 0.5 0.5 0.5 0.5 0.5 0.5 0.39626 0.5 0.499978
0.0698656 0.847703 0.499996 0.5 0.5 0.5 0.5 0.5 0.5 0.5 0.5 0.5 0.5 0.5 0.5 0.5 0.5 0.39626 0.5 0.500007
0.0670288 0.958178 0.499965 0.5 0.5 0.5 0.5 0.5 0.5 0.5 0.5 0.5 0.5 0.5 0.5 0.5 0.5 0.39626 0.5 0.5
0.053972 0.751163 0.500013 0.5 0.5 0.5 0.5 0.5 0.5 0.5 0.5 0.5 0.5 0.5 0.5 0.5 0.5 0.39626 0.5 0.499985
0.249519 0.269173 0.500057 0.5 0.5 0.5 0.5 0.5 0.5 0.5 0.5 0.5 0.5 0.5 0.5 0.5 0.5 0.39626 0.5 0.499988
0.49908 0.814315 0.500032 0.5 0.5 0.5 0.5 0.5 0.5 0.5 0.5 0.5 0.5 0.5 0.5 0.5 0.5 0.39626 0.5 0.499852
0.255006 0.0656964 0.500051 0.5 0.5 0.5 0.5 0.5 0.5 0.5 0.5 0.5 0.5 0.5 0.5 0.5 0.5 0.39626 0.5 0.499927
0.85556 0.420822 0.500006 0.5 0.5 0.5 0.5 0.5 0.5 0.5 0.5 0.5 0.5 0.5 0.5 0.5 0.5 0.39626 0.5 0.500011
0.463087 0.68605 0.500008 0.5 0.5 0.5 0.5 0.5 0.5 0.5 0.5 0.5 0.5 0.5 0.5 0.5 0.5 0.39626 0.5 0.500064
0.458189 0.313517 0.500028 0.5 0.5 0.5 0.5 0.5 0.5 0.5 0.5 0.5 0.5 0.5 0.5 0.5 0.5 0.39626 0.5 0.499938
0.898237 0.219852 0.49995 0.5 0.5 0.5 0.5 0.5 0.5 0.5 0.5 0.5 0.5 0.5 0.5 0.5 0.5 0.39626 0.5 0.499988
0.252071 0.726894 0.500089 0.5 0.5 0.5 0.5 0.5 0.5 0.5 0.5 0.5 0.5 0.5 0.5 0.5 0.5 0.39626 0.5 0.499932
0.646351 0.256456 0.499955 0.5 0.5 0.5 0.5 0.5 0.5 0.5 0.5 0.5 0.5 0.5 0.5 0.5 0.5 0.39626 0.5 0.500017
0.501347 0 0.499963 0.5 0.5 0.5 0.5 0.5 0.5 0.5 0.5 0.5 0.5 0.5 0.5 0.5 0.5 0.39626 0.5 0.500038
0.825973 0.274528 0.5 0.5 0.5 0.5 0.5 0.5 0.5 0.5 0.5 0.5 0.5 0.5 0.5 0.5 0.5 0.39626 0.5 0.499974
0.605268 0.672598 0.500069 0.5 0.5 0.5 0.5 0.5 0.5 0.5 0.5 0.5 0.5 0.5 0.5 0.5 0.5 0.39626 0.5 0.499927
0.703425 0.582915 0.499999 0.5 0.5 0.5 0.5 0.5 0.5 0.5 0.5 0.5 0.5 0.5 0.5 0.5 0.5 0.39626 0.5 0.499974
0.333932 0.841746 0.500014 0.5 0.5 0.5 0.5 0.5 0.5 0.5 0.5 0.5 0.5 0.5 0.5 0.5 0.5 0.39626 0.5 0.499994
0.119034 0.906155 0.499989 0.5 0.5 0.5 0.5 0.5 0.5 0.5 0.5 0.5 0.5 0.5 0.5 0.5 0.5 0.39626 0.5 0.499957
0.227707 0.498275 0.500144 0.5 0.5 0.5 0.5 0.5 0.5 0.5 0.5 0.5 0.5 0.5 0.5 0.5 0.5 0.39626 0.5 0.500049
0.0923868 0.118935 0.499935 0.5 0.5 0.5 0.5 0.5 0.5 0.5 0.5 0.5 0.5 0.5 0.5 0.5 0.5 0.39626 0.5 0.499897
0.246272 0.94279 0.49998 0.5 0.5 0.5 0.5 0.5 0.5 0.5 0.5 0.5 0.5 0.5 0.5 0.5 0.5 0.39626 0.5 0.499904
0.130424 0.501142 0.500189 0.5 0.5 0.5 0.5 0.5 0.5 0.5 0.5 0.5 0.5 0.5 0.5 0.5 0.5 0.39626 0.5 0.500199
0.0676841 0.150446 0.500057 0.5 0.5 0.5 0.5 0.5 0.5 0.5 0.5 0.5 0.5 0.5 0.5 0.5 0.5 0.39626 0.5 0.499942
0.548522 0.983362 0.50002 0.5 0.5 0.5 0.5 0.5 0.5 0.5 0.5 0.5 0.5 0.5 0.5 0.5 0.5 0.39626 0.5 0.499995
0.235416 0.808598 0.499959 0.5 0.5 0.5 0.5 0.5 0.5 0.5 0.5 0.5 0.5 0.5 0.5 0.5 0.5 0.39626 0.5 0.499908
0.0240514 0.163862 0.499946 0.5 0.5 0.5 0.5 0.5 0.5 0.5 0.5 0.5 0.5 0.5 0.5 0.5 0.5 0.39626 0.5 0.499945
0.902642 0.776671 0.499951 0.5 0.5 0.5 0.5 0.5 0.5 0.5 0.5 0.5 0.5 0.5 0.5 0.5 0.5 0.39626 0.5 0.50003
0.04845 0.0477802 0.499975 0.5 0.5 0.5 0.5 0.5 0.5 0.5 0.5 0.5 0.5 0.5 0.5 0.5 0.5 0.39626 0.5 0.499996
0.335411 0.218427 0.500041 0.5 0.5 0.5 0.5 0.5 0.5 0.5 0.5 0.5 0.5 0.5 0.5 0.5 0.5 0.39626 0.5 0.49993
0.747151 0.155194 0.500145 0.5 0.5 0.5 0.5 0.5 0.5 0.5 0.5 0.5 0.5 0.5 0.5 0.5 0.5 0.39626 0.5 0.499908
0.232699 0.189902 0.499973 0.5 0.5 0.5 0.5 0.5 0.5 0.5 0.5 0.5 0.5 0.5 0.5 0.5 0.5 0.39626 0.5 0.499971
0.651395 0.739634 0.499878 0.5 0.5 0.5 0.5 0.5 0.5 0.5 0.5 0.5 0.5 0.5 0.5 0.5 0.5 0.39626 0.5 0.500008
0.137864 0.666401 0.49999 0.5 0.5 0.5 0.5 0.5 0.5 0.5 0.5 0.5 0.5 0.5 0.5 0.5 0.5 0.39626 0.5 0.500098
0.490948 0.17696 0.500034 0.5 0.5 0.5 0.5 0.5 0.5 0.5 0.5 0.5 0.5 0.5 0.5 0.5 0.5 0.39626 0.5 0.499935
0.0510299 0.949679 0.499997 0.5 0.5 0.5 0.5 0.5 0.5 0.5 0.5 0.5 0.5 0.5 0.5 0.5 0.5 0.39626 0.5 0.500003
0.0685742 0.0424429 0.499973 0.5 0.5 0.5 0.5 0.5 0.5 0.5 0.5 0.5 0.5 0.5 0.5 0.5 0.5 0.39626 0.5 0.499992
0.302917 0.501834 0.500073 0.5 0.5 0.5 0.5 0.5 0.5 0.5 0.5 0.5 0.5 0.5 0.5 0.5 0.5 0.39626 0.5 0.500005
0.0287288 0.480007 0.499967 0.5 0.5 0.5 0.5 0.5 0.5 0.5 0.5 0.5 0.5 0.5 0.5 0.5 0.5 0.39626 0.5 0.499932
0.829616 0.714945 0.499958 0.5 0.5 0.5 0.5 0.5 0.5 0.5 0.5 0.5 0.5 0.5 0.5 0.5 0.5 0.39626 0.5 0.499857
0.0347143 0.0946739 0.499992 0.5 0.5 0.5 0.5 0.5 0.5 0.5 0.5 0.5 0.5 0.5 0.5 0.5 0.5 0.39626 0.5 0.499991
0.763524 0.847002 0.500134 0.5 0.5 0.5 0.5 0.5 0.5 0.5 0.5 0.5 0.5 0.5 0.5 0.5 0.5 0.39626 0.5 0.499955
0.174057 0.975463 0.499964 0.5 0.5 0.5 0.5 0.5 0.5 0.5 0.5 0.5 0.5 0.5 0.5 0.5 0.5 0.39626 0.5 0.49998
0.471226 0 0.499954 0.5 0.5 0.5 0.5 0.5 0.5 0.5 0.5 0.5 0.5 0.5 0.5 0.5 0.5 0.39626 0.5 0.500016
0.156182 0.0730058 0.499988 0.5 0.5 0.5 0.5 0.5 0.5 0.5 0.5 0.5 0.5 0.5 0.5 0.5 0.5 0.39626 0.5 0.499891
0.0925119 0.513978 0.499979 0.5 0.5 0.5 0.5 0.5 0.5 0.5 0.5 0.5 0.5 0.5 0.5 0.5 0.5 0.39626 0.5 0.499962
0.509619 0.131393 0.500101 0.5 0.5 0.5 0.5 0.5 0.5 0.5 0.5 0.5 0.5 0.5 0.5 0.5 0.5 0.39626 0.5 0.499854
0.0643045 0.26352 0.49999 0.5 0.5 0.5 0.5 0.5 0.5 0.5 0.5 0.5 0.5 0.5 0.5 0.5 0.5 0.39626 0.5 0.500056
0.503613 1 0.500003 0.5 0.5 0.5 0.5 0.5 0.5 0.5 0.5 0.5 0.5 0.5 0.5 0.5 0.5 0.39626 0.5 0.500011
0.847442 0.881118 0.500008 0.5 0.5 0.5 0.5 0.5 0.5 0.5 0.5 0.5 0.5 0.5 0.5 0.5 0.5 0.39626 0.5 0.499971
0.000152832 0.994136 0.500016 0.5 0.5 0.5 0.5 0.5 0.5 0.5 0.5 0.5 0.5 0.5 0.5 0.5 0.5 0.39626 0.5 0.500002
0.00187757 0.000779359 0.499998 0.5 0.5 0.5 0.5 0.5 0.5 0.5 0.5 0.5 0.5 0.5 0.5 0.5 0.5 0.39626 0.5 0.500005
0 0 0.500001 0.5 0.5 0.5 0.5 0.5 0.5 0.5 0.5 0.5 0.5 0.5 0.5 0.5 0.5 0.39626 0.5 0.5
0.12959 0.0316986 0.500005 0.5 0.5 0.5 0.5 0.5 0.5 0.5 0.5 0.5 0.5 0.5 0.5 0.5 0.5 0.39626 0.5 0.499937
0.00178377 1 0.500001 0.5 0.5 0.5 0.5 0.5 0.5 0.5 0.5 0.5 0.5 0.5 0.5 0.5 0.5 0.39626 0.5 0.5
0.430195 0.191153 0.500038 0.5 0.5 0.5 0.5 0.5 0.5 0.5 0.5 0.5 0.5 0.5 0.5 0.5 0.5 0.39626 0.5 0.499974
0.00346874 1 0.500002 0.5 0.5 0.5 0.5 0.5 0.5 0.5 0.5 0.5 0.5 0.5 0.5 0.5 0.5 0.39626 0.5 0.500002
0.102422 0.257164 0.499961 0.5 0.5 0.5 0.5 0.5 0.5 0.5 0.5 0.5 0.5 0.5 0.5 0.5 0.5 0.39626 0.5 0.499959
0.000163021 0.999256 0.499996 0.5 0.5 0.5 0.5 0.5 0.5 0.5 0.5 0.5 0.5 0.5 0.5 0.5 0.5 0.39626 0.5 0.5
0.101508 0.746813 0.499956 0.5 0.5 0.5 0.5 0.5 0.5 0.5 0.5 0.5 0.5 0.5 0.5 0.5 0.5 0.39626 0.5 0.500075
0.235833 0.877712 0.500001 0.5 0.5 0.5 0.5 0.5 0.5 0.5 0.5 0.5 0.5 0.5 0.5 0.5 0.5 0.39626 0.5 0.49998
0.37689 0.851976 0.500004 0.5 0.5 0.5 0.5 0.5 0.5 0.5 0.5 0.5 0.5 0.5 0.5 0.5 0.5 0.39626 0.5 0.499965
0.000366796 0.998327 0.499993 0.5 0.5 0.5 0.5 0.5 0.5 0.5 0.5 0.5 0.5 0.5 0.5 0.5 0.5 0.39626 0.5 0.500001
0.0782936 0.145177 0.500047 0.5 0.5 0.5 0.5 0.5 0.5 0.5 0.5 0.5 0.5 0.5 0.5 0.5 0.5 0.39626 0.5 0.499934
0.569109 0.471207 0.500016 0.5 0.5 0.5 0.5 0.5 0.5 0.5 0.5 0.5 0.5 0.5 0.5 0.5 0.5 0.39626 0.5 0.500083
0.256281 0.112436 0.500029 0.5 0.5 0.5 0.5 0.5 0.5 0.5 0.5 0.5 0.5 0.5 0.5 0.5 0.5 0.39626 0.5 0.499924
0.00236169 0 0.499999 0.5 0.5 0.5 0.5 0.5 0.5 0.5 0.5 0.5 0.5 0.5 0.5 0.5 0.5 0.39626 0.5 0.499995
0.142128 0.826499 0.499975 0.5 0.5 0.5 0.5 0.5 0.5 0.5 0.5 0.5 0.5 0.5 0.5 0.5 0.5 0.39626 0.5 0.499942
0.202461 0.544152 0.50009 0.5 0.5 0.5 0.5 0.5 0.5 0.5 0.5 0.5 0.5 0.5 0.5 0.5 0.5 0.39626 0.5 0.499958
0.486646 0.372132 0.500055 0.5 0.5 0.5 0.5 0.5 0.5 0.5 0.5 0.5 0.5 0.5 0.5 0.5 0.5 0.39626 0.5 0.500033
0.382803 0.20479 0.500039 0.5 0.5 0.5 0.5 0.5 0.5 0.5 0.5 0.5 0.5 0.5 0.5 0.5 0.5 0.39626 0.5 0.499952
0.928745 0.548075 0.499988 0.5 0.5 0.5 0.5 0.5 0.5 0.5 0.5 0.5 0.5 0.5 0.5 0.5 0.5 0.39626 0.5 0.499976
0.353691 0.908911 0.50003 0.5 0.5 0.5 0.5 0.5 0.5 0.5 0.5 0.5 0.5 0.5 0.5 0.5 0.5 0.39626 0.5 0.499915
0.000244531 0.996301 0.500005 0.5 0.5 0.5 0.5 0.5 0.5 0.5 0.5 0.5 0.5 0.5 0.5 0.5 0.5 0.39626 0.5 0.500001
0.278805 0.656802 0.500021 0.5 0.5 0.5 0.5 0.5 0.5 0.5 0.5 0.5 0.5 0.5 0.5 0.5 0.5 0.39626 0.5 0.500031
0.208305 0.323803 0.500131 0.5 0.5 0.5 0.5 0.5 0.5 0.5 0.5 0.5 0.5 0.5 0.5 0.5 0.5 0.39626 0.5 0.499982
0.0961775 0.89555 0.50001 0.5 0.5 0.5 0.5 0.5 0.5 0.5 0.5 0.5 0.5 0.5 0.5 0.5 0.5 0.39626 0.5 0.499955
0.0486154 0.717756 0.50001 0.5 0.5 0.5 0.5 0.5 0.5 0.5 0.5 0.5 0.5 0.5 0.5 0.5 0.5 0.39626 0.5 0.499943
0 0 0.500001 0.5 0.5 0.5 0.5 0.5 0.5 0.5 0.5 0.5 0.5 0.5 0.5 0.5 0.5 0.39626 0.5 0.5
0.445531 0.463149 0.500071 0.5 0.5 0.5 0.5 0.5 0.5 0.5 0.5 0.5 0.5 0.5 0.5 0.5 0.5 0.39626 0.5 0.50005
0.975088 0 0.499995 0.5 0.5 0.5 0.5 0.5 0.5 0.5 0.5 0.5 0.5 0.5 0.5 0.5 0.5 0.39626 0.5 0.50003
0.622501 0.612653 0.499947 0.5 0.5 0.5 0.5 0.5 0.5 0.5 0.5 0.5 0.5 0.5 0.5 0.5 0.5 0.39626 0.5 0.49989
0.0955505 0.105017 0.500029 0.5 0.5 0.5 0.5 0.5 0.5 0.5 0.5 0.5 0.5 0.5 0.5 0.5 0.5 0.39626 0.5 0.499987
0.370586 0.35931 0.500037 0.5 0.5 0.5 0.5 0.5 0.5 0.5 0.5 0.5 0.5 0.5 0.5 0.5 0.5 0.39626 0.5 0.499924
0.570405 0.838796 0.500114 0.5 0.5 0.5 0.5 0.5 0.5 0.5 0.5 0.5 0.5 0.5 0.5 0.5 0.5 0.39626 0.5 0.499863
0.783472 0.445805 0.500035 0.5 0.5 0.5 0.5 0.5 0.5 0.5 0.5 0.5 0.5 0.5 0.5 0.5 0.5 0.39626 0.5 0.500007
0.0258856 0.888843 0.49998 0.5 0.5 0.5 0.5 0.5 0.5 0.5 0.5 0.5 0.5 0.5 0.5 0.5 0.5 0.39626 0.5 0.49998
0.777916 0.193731 0.500039 0.5 0.5 0.5 0.5 0.5 0.5 0.5 0.5 0.5 0.5 0.5 0.5 0.5 0.5 0.39626 0.5 0.499976
0.121177 0.377027 0.500106 0.5 0.5 0.5 0.5 0.5 0.5 0.5 0.5 0.5 0.5 0.5 0.5 0.5 0.5 0.39626 0.5 0.50006
0.999212 0.818976 0.499997 0.5 0.5 0.5 0.5 0.5 0.5 0.5 0.5 0.5 0.5 0.5 0.5 0.5 0.5 0.39626 0.5 0.5
0.279932 0.342116 0.500073 0.5 0.5 0.5 0.5 0.5 0.5 0.5 0.5 0.5 0.5 0.5 0.5 0.5 0.5 0.39626 0.5 0.499999
0.310931 0.679335 0.499966 0.5 0.5 0.5 0.5 0.5 0.5 0.5 0.5 0.5 0.5 0.5 0.5 0.5 0.5 0.39626 0.5 0.499867
0.69723 0.118769 0.500007 0.5 0.5 0.5 0.5 0.5 0.5 0.5 0.5 0.5 0.5 0.5 0.5 0.5 0.5 0.39626 0.5 0.500017
0.516442 0.70985 0.500079 0.5 0.5 0.5 0.5 0.5 0.5 0.5 0.5 0.5 0.5 0.5 0.5 0.5 0.5 0.39626 0.5 0.499987
0.918359 0.301229 0.499963 0.5 0.5 0.5 0.5 0.5 0.5 0.5 0.5 0.5 0.5 0.5 0.5 0.5 0.5 0.39626 0.5 0.499974
0.0533441 0.0452873 0.499952 0.5 0.5 0.5 0.5 0.5 0.5 0.5 0.5 0.5 0.5 0.5 0.5 0.5 0.5 0.39626 0.5 0.500006
0.711475 0.471501 0.500053 0.5 0.5 0.5 0.5 0.5 0.5 0.5 0.5 0.5 0.5 0.5 0.5 0.5 0.5 0.39626 0.5 0.500025
0.500901 0.433945 0.500105 0.5 0.5 0.5 0.5 0.5 0.5 0.5 0.5 0.5 0.5 0.5 0.5 0.5 0.5 0.39626 0.5 0.500093
0.344204 0.46063 0.500108 0.5 0.5 0.5 0.5 0.5 0.5 0.5 0.5 0.5 0.5 0.5 0.5 0.5 0.5 0.39626 0.5 0.500135
0.728287 0.756283 0.49994 0.5 0.5 0.5 0.5 0.5 0.5 0.5 0.5 0.5 0.5 0.5 0.5 0.5 0.5 0.39626 0.5 0.499967
0.808681 0.232267 0.499933 0.5 0.5 0.5 0.5 0.5 0.5 0.5 0.5 0.5 0.5 0.5 0.5 0.5 0.5 0.39626 0.5 0.500045
0.0420898 0.0557275 0.500015 0.5 0.5 0.5 0.5 0.5 0.5 0.5 0.5 0.5 0.5 0.5 0.5 0.5 0.5 0.39626 0.5 0.49997
0.910805 0.735616 0.499984 0.5 0.5 0.5 0.5 0.5 0.5 0.5 0.5 0.5 0.5 0.5 0.5 0.5 0.5 0.39626 0.5 0.500022
0.387705 0.569718 0.500047 0.5 0.5 0.5 0.5 0.5 0.5 0.5 0.5 0.5 0.5 0.5 0.5 0.5 0.5 0.39626 0.5 0.500148
0.0834163 0.875617 0.500048 0.5 0.5 0.5 0.5 0.5 0.5 0.5 0.5 0.5 0.5 0.5 0.5 0.5 0.5 0.39626 0.5 0.500008
0.296611 0.829635 0.499997 0.5 0.5 0.5 0.5 0.5 0.5 0.5 0.5 0.5 0.5 0.5 0.5 0.5 0.5 0.39626 0.5 0.499966
0.263107 0.885354 0.500018 0.5 0.5 0.5 0.5 0.5 0.5 0.5 0.5 0.5 0.5 0.5 0.5 0.5 0.5 0.39626 0.5 0.499972
0.000214119 0.674295 0.500016 0.5 0.5 0.5 0.5 0.5 0.5 0.5 0.5 0.5 0.5 0.5 0.5 0.5 0.5 0.39626 0.5 0.500116
0.927354 0.601245 0.500004 0.5 0.5 0.5 0.5 0.5 0.5 0.5 0.5 0.5 0.5 0.5 0.5 0.5 0.5 0.39626 0.5 0.500015
0.675135 0.30706 0.499947 0.5 0.5 0.5 0.5 0.5 0.5 0.5 0.5 0.5 0.5 0.5 0.5 0.5 0.5 0.39626 0.5 0.500096
0.307075 0.768343 0.500011 0.5 0.5 0.5 0.5 0.5 0.5 0.5 0.5 0.5 0.5 0.5 0.5 0.5 0.5 0.39626 0.5 0.499924
0.387234 0.431266 0.500066 0.5 0.5 0.5 0.5 0.5 0.5 0.5 0.5 0.5 0.5 0.5 0.5 0.5 0.5 0.39626 0.5 0.499996
0.206722 0.675184 0.500038 0.5 0.5 0.5 0.5 0.5 0.5 0.5 0.5 0.5 0.5 0.5 0.5 0.5 0.5 0.39626 0.5 0.499997
0.85074 0.367799 0.500005 0.5 0.5 0.5 0.5 0.5 0.5 0.5 0.5 0.5 0.5 0.5 0.5 0.5 0.5 0.39626 0.5 0.500016
0.99944 0.871377 0.499998 0.5 0.5 0.5 0.5 0.5 0.5 0.5 0.5 0.5 0.5 0.5 0.5 0.5 0.5 0.39626 0.5 0.5
0.782407 0.553089 0.500022 0.5 0.5 0.5 0.5 0.5 0.5 0.5 0.5 0.5 0.5 0.5 0.5 0.5 0.5 0.39626 0.5 0.500023
0.215695 0.793277 0.500057 0.5 0.5 0.5 0.5 0.5 0.5 0.5 0.5 0.5 0.5 0.5 0.5 0.5 0.5 0.39626 0.5 0.499949
0.0580493 0.0425449 0.499986 0.5 0.5 0.5 0.5 0.5 0.5 0.5 0.5 0.5 0.5 0.5 0.5 0.5 0.5 0.39626 0.5 0.500037
0.295336 0.423179 0.500104 0.5 0.5 0.5 0.5 0.5 0.5 0.5 0.5 0.5 0.5 0.5 0.5 0.5 0.5 0.39626 0.5 0.500064
0.124444 0.916355 0.499924 0.5 0.5 0.5 0.5 0.5 0.5 0.5 0.5 0.5 0.5 0.5 0.5 0.5 0.5 0.39626 0.5 0.499996
0.636293 0.440776 0.500064 0.5 0.5 0.5 0.5 0.5 0.5 0.5 0.5 0.5 0.5 0.5 0.5 0.5 0.5 0.39626 0.5 0.500048
0.228092 0.118822 0.500026 0.5 0.5 0.5 0.5 0.5 0.5 0.5 0.5 0.5 0.5 0.5 0.5 0.5 0.5 0.39626 0.5 0.499955
0.444746 0.534882 0.50006 0.5 0.5 0.5 0.5 0.5 0.5 0.5 0.5 0.5 0.5 0.5 0.5 0.5 0.5 0.39626 0.5 0.500113
0.414117 0.662317 0.500011 0.5 0.5 0.5 0.5 0.5 0.5 0.5 0.5 0.5 0.5 0.5 0.5 0.5 0.5 0.39626 0.5 0.500032
0.13017 0.188987 0.49996 0.5 0.5 0.5 0.5 0.5 0.5 0.5 0.5 0.5 0.5 0.5 0.5 0.5 0.5 0.39626 0.5 0.499861
0.501111 0.56448 0.500098 0.5 0.5 0.5 0.5 0.5 0.5 0.5 0.5 0.5 0.5 0.5 0.5 0.5 0.5 0.39626 0.5 0.500061
0.667979 0.833093 0.499951 0.5 0.5 0.5 0.5 0.5 0.5 0.5 0.5 0.5 0.5 0.5 0.5 0.5 0.5 0.39626 0.5 0.499839
0.576592 0.276413 0.499989 0.5 0.5 0.5 0.5 0.5 0.5 0.5 0.5 0.5 0.5 0.5 0.5 0.5 0.5 0.39626 0.5 0.500107
0.00530371 0.000389679 0.500001 0.5 0.5 0.5 0.5 0.5 0.5 0.5 0.5 0.5 0.5 0.5 0.5 0.5 0.5 0.39626 0.5 0.500006
0.381393 0.273561 0.500022 0.5 0.5 0.5 0.5 0.5 0.5 0.5 0.5 0.5 0.5 0.5 0.5 0.5 0.5 0.39626 0.5 0.499956
0.163756 0.735635 0.50007 0.5 0.5 0.5 0.5 0.5 0.5 0.5 0.5 0.5 0.5 0.5 0.5 0.5 0.5 0.39626 0.5 0.500072
0.38338 0.722748 0.500038 0.5 0.5 0.5 0.5 0.5 0.5 0.5 0.5 0.5 0.5 0.5 0.5 0.5 0.5 0.39626 0.5 0.500151
0.150353 0.702386 0.499979 0.5 0.5 0.5 0.5 0.5 0.5 0.5 0.5 0.5 0.5 0.5 0.5 0.5 0.5 0.39626 0.5 0.5001
0.486365 0.622399 0.499972 0.5 0.5 0.5 0.5 0.5 0.5 0.5 0.5 0.5 0.5 0.5 0.5 0.5 0.5 0.39626 0.5 0.50006
0.545778 0.350991 0.50006 0.5 0.5 0.5 0.5 0.5 0.5 0.5 0.5 0.5 0.5 0.5 0.5 0.5 0.5 0.39626 0.5 0.500072
0.539894 0.225039 0.500065 0.5 0.5 0.5 0.5 0.5 0.5 0.5 0.5 0.5 0.5 0.5 0.5 0.5 0.5 0.39626 0.5 0.499973
0.861852 0.473137 0.500002 0.5 0.5 0.5 0.5 0.5 0.5 0.5 0.5 0.5 0.5 0.5 0.5 0.5 0.5 0.39626 0.5 0.499948
0.0335756 0.137839 0.499983 0.5 0.5 0.5 0.5 0.5 0.5 0.5 0.5 0.5 0.5 0.5 0.5 0.5 0.5 0.39626 0.5 0.49994
0.699121 0 0.500002 0.5 0.5 0.5 0.5 0.5 0.5 0.5 0.5 0.5 0.5 0.5 0.5 0.5 0.5 0.39626 0.5 0.500064
0.150554 0.306526 0.500014 0.5 0.5 0.5 0.5 0.5 0.5 0.5 0.5 0.5 0.5 0.5 0.5 0.5 0.5 0.39626 0.5 0.499952
0.035993 0.067557 0.500034 0.5 0.5 0.5 0.5 0.5 0.5 0.5 0.5 0.5 0.5 0.5 0.5 0.5 0.5 0.39626 0.5 0.499959
0.147862 0.917199 0.499974 0.5 0.5 0.5 0.5 0.5 0.5 0.5 0.5 0.5 0.5 0.5 0.5 0.5 0.5 0.39626 0.5 0.499973
0 1 0.5 0.5 0.5 0.5 0.5 0.5 0.5 0.5 0.5 0.5 0.5 0.5 0.5 0.5 0.5 0.39626 0.5 0.499999
0.412273 0.334927 0.500025 0.5 0.5 0.5 0.5 0.5 0.5 0.5 0.5 0.5 0.5 0.5 0.5 0.5 0.5 0.39626 0.5 0.500017
0.112263 0.0333855 0.500015 0.5 0.5 0.5 0.5 0.5 0.5 0.5 0.5 0.5 0.5 0.5 0.5 0.5 0.5 0.39626 0.5 0.499984
0.578287 0.718997 0.500017 0.5 0.5 0.5 0.5 0.5 0.5 0.5 0.5 0.5 0.5 0.5 0.5 0.5 0.5 0.39626 0.5 0.499856
0.00521291 0 0.500005 0.5 0.5 0.5 0.5 0.5 0.5 0.5 0.5 0.5 0.5 0.5 0.5 0.5 0.5 0.39626 0.5 0.500006
0.00118085 0.00498084 0.500002 0.5 0.5 0.5 0.5 0.5 0.5 0.5 0.5 0.5 0.5 0.5 0.5 0.5 0.5 0.39626 0.5 0.499997
0.10172 0.0955969 0.499964 0.5 0.5 0.5 0.5 0.5 0.5 0.5 0.5 0.5 0.5 0.5 0.5 0.5 0.5 0.39626 0.5 0.49999
0.568859 0.529827 0.499999 0.5 0.5 0.5 0.5 0.5 0.5 0.5 0.5 0.5 0.5 0.5 0.5 0.5 0.5 0.39626 0.5 0.500084
0.189629 0.221248 0.500014 0.5 0.5 0.5 0.5 0.5 0.5 0.5 0.5 0.5 0.5 0.5 0.5 0.5 0.5 0.39626 0.5 0.500031
0.164203 0.268963 0.499989 0.5 0.5 0.5 0.5 0.5 0.5 0.5 0.5 0.5 0.5 0.5 0.5 0.5 0.5 0.39626 0.5 0.499883
0 1 0.5 0.5 0.5 0.5 0.5 0.5 0.5 0.5 0.5 0.5 0.5 0.5 0.5 0.5 0.5 0.39626 0.5 0.499999
0.166718 0.144746 0.500051 0.5 0.5 0.5 0.5 0.5 0.5 0.5 0.5 0.5 0.5 0.5 0.5 0.5 0.5 0.39626 0.5 0.500001
0.635793 0.558015 0.500031 0.5 0.5 0.5 0.5 0.5 0.5 0.5 0.5 0.5 0.5 0.5 0.5 0.5 0.5 0.39626 0.5 0.500049
0.911427 0.259396 0.499978 0.5 0.5 0.5 0.5 0.5 0.5 0.5 0.5 0.5 0.5 0.5 0.5 0.5 0.5 0.39626 0.5 0.499983
0.18124 0.134405 0.500075 0.5 0.5 0.5 0.5 0.5 0.5 0.5 0.5 0.5 0.5 0.5 0.5 0.5 0.5 0.39626 0.5 0.499909
0.996419 0.757711 0.499989 0.5 0.5 0.5 0.5 0.5 0.5 0.5 0.5 0.5 0.5 0.5 0.5 0.5 0.5 0.39626 0.5 0.500002
0.601107 0.888831 0.499977 0.5 0.5 0.5 0.5 0.5 0.5 0.5 0.5 0.5 0.5 0.5 0.5 0.5 0.5 0.39626 0.5 0.499971
0.721553 0.245949 0.499981 0.5 0.5 0.5 0.5 0.5 0.5 0.5 0.5 0.5 0.5 0.5 0.5 0.5 0.5 0.39626 0.5 0.499957
0.0441034 0.953696 0.499982 0.5 0.5 0.5 0.5 0.5 0.5 0.5 0.5 0.5 0.5 0.5 0.5 0.5 0.5 0.39626 0.5 0.500033
0.0858218 0.0365029 0.499992 0.5 0.5 0.5 0.5 0.5 0.5 0.5 0.5 0.5 0.5 0.5 0.5 0.5 0.5 0.39626 0.5 0.499956
0.187038 0.862631 0.499981 0.5 0.5 0.5 0.5 0.5 0.5 0.5 0.5 0.5 0.5 0.5 0.5 0.5 0.5 0.39626 0.5 0.499912
0.86548 0.112295 0.50011 0.5 0.5 0.5 0.5 0.5 0.5 0.5 0.5 0.5 0.5 0.5 0.5 0.5 0.5 0.39626 0.5 0.499999
0.131812 0.812481 0.500018 0.5 0.5 0.5 0.5 0.5 0.5 0.5 0.5 0.5 0.5 0.5 0.5 0.5 0.5 0.39626 0.5 0.499969
0.964362 1 0.499988 0.5 0.5 0.5 0.5 0.5 0.5 0.5 0.5 0.5 0.5 0.5 0.5 0.5 0.5 0.39626 0.5 0.500019
0.776585 0.393781 0.500036 0.5 0.5 0.5 0.5 0.5 0.5 0.5 0.5 0.5 0.5 0.5 0.5 0.5 0.5 0.39626 0.5 0.500012
0.776106 0.604927 0.499995 0.5 0.5 0.5 0.5 0.5 0.5 0.5 0.5 0.5 0.5 0.5 0.5 0.5 0.5 0.39626 0.5 0.499962
0.181304 0.92813 0.500025 0.5 0.5 0.5 0.5 0.5 0.5 0.5 0.5 0.5 0.5 0.5 0.5 0.5 0.5 0.39626 0.5 0.499996
0.0314066 0.614868 0.500007 0.5 0.5 0.5 0.5 0.5 0.5 0.5 0.5 0.5 0.5 0.5 0.5 0.5 0.5 0.39626 0.5 0.500025
0.149742 0.446972 0.499989 0.5 0.5 0.5 0.5 0.5 0.5 0.5 0.5 0.5 0.5 0.5 0.5 0.5 0.5 0.39626 0.5 0.49995
0.279267 0.745647 0.499946 0.5 0.5 0.5 0.5 0.5 0.5 0.5 0.5 0.5 0.5 0.5 0.5 0.5 0.5 0.39626 0.5 0.499977
0.283707 0.165325 0.500073 0.5 0.5 0.5 0.5 0.5 0.5 0.5 0.5 0.5 0.5 0.5 0.5 0.5 0.5 0.39626 0.5 0.499896
0.227762 0.29519 0.500079 0.5 0.5 0.5 0.5 0.5 0.5 0.5 0.5 0.5 0.5 0.5 0.5 0.5 0.5 0.39626 0.5 0.500021
0.00187757 0.000779359 0.499998 0.5 0.5 0.5 0.5 0.5 0.5 0.5 0.5 0.5 0.5 0.5 0.5 0.5 0.5 0.39626 0.5 0.500005
0.430393 0.865896 0.500074 0.5 0.5 0.5 0.5 0.5 0.5 0.5 0.5 0.5 0.5 0.5 0.5 0.5 0.5 0.39626 0.5 0.499913
0.0213892 0.280556 0.499965 0.5 0.5 0.5 0.5 0.5 0.5 0.5 0.5 0.5 0.5 0.5 0.5 0.5 0.5 0.39626 0.5 0.500014
0.804181 0 0.500092 0.5 0.5 0.5 0.5 0.5 0.5 0.5 0.5 0.5 0.5 0.5 0.5 0.5 0.5 0.39626 0.5 0.499941
0.273783 0.248783 0.499991 0.5 0.5 0.5 0.5 0.5 0.5 0.5 0.5 0.5 0.5 0.5 0.5 0.5 0.5 0.39626 0.5 0.500017
0.077073 0.959858 0.499979 0.5 0.5 0.5 0.5 0.5 0.5 0.5 0.5 0.5 0.5 0.5 0.5 0.5 0.5 0.39626 0.5 0.499986
0.000203776 0.996487 0.500006 0.5 0.5 0.5 0.5 0.5 0.5 0.5 0.5 0.5 0.5 0.5 0.5 0.5 0.5 0.39626 0.5 0.500001
0.373067 0.638984 0.499952 0.5 0.5 0.5 0.5 0.5 0.5 0.5 0.5 0.5 0.5 0.5 0.5 0.5 0.5 0.39626 0.5 0.499975
0.925657 0.397226 0.499987 0.5 0.5 0.5 0.5 0.5 0.5 0.5 0.5 0.5 0.5 0.5 0.5 0.5 0.5 0.39626 0.5 0.499969
0.0755443 0.867514 0.500095 0.5 0.5 0.5 0.5 0.5 0.5 0.5 0.5 0.5 0.5 0.5 0.5 0.5 0.5 0.39626 0.5 0.500011
0.51739 0.294965 0.500008 0.5 0.5 0.5 0.5 0.5 0.5 0.5 0.5 0.5 0.5 0.5 0.5 0.5 0.5 0.39626 0.5 0.500023
0.103862 0.42915 0.499992 0.5 0.5 0.5 0.5 0.5 0.5 0.5 0.5 0.5 0.5 0.5 0.5 0.5 0.5 0.39626 0.5 0.499943
0.0651515 0.827225 0.499921 0.5 0.5 0.5 0.5 0.5 0.5 0.5 0.5 0.5 0.5 0.5 0.5 0.5 0.5 0.39626 0.5 0.500052
0.690747 0.361815 0.500051 0.5 0.5 0.5 0.5 0.5 0.5 0.5 0.5 0.5 0.5 0.5 0.5 0.5 0.5 0.39626 0.5 0.500061
0.310908 0.316719 0.50005 0.5 0.5 0.5 0.5 0.5 0.5 0.5 0.5 0.5 0.5 0.5 0.5 0.5 0.5 0.39626 0.5 0.499992
0.387361 0.79404 0.500108 0.5 0.5 0.5 0.5 0.5 0.5 0.5 0.5 0.5 0.5 0.5 0.5 0.5 0.5 0.39626 0.5 0.50005
0.130878 0.97085 0.50001 0.5 0.5 0.5 0.5 0.5 0.5 0.5 0.5 0.5 0.5 0.5 0.5 0.5 0.5 0.39626 0.5 0.499964
0.294329 0.578703 0.499982 0.5 0.5 0.5 0.5 0.5 0.5 0.5 0.5 0.5 0.5 0.5 0.5 0.5 0.5 0.39626 0.5 0.499872
0.347013 0.5341 0.500028 0.5 0.5 0.5 0.5 0.5 0.5 0.5 0.5 0.5 0.5 0.5 0.5 0.5 0.5 0.39626 0.5 0.500031
0.141183 0.172037 0.499994 0.5 0.5 0.5 0.5 0.5 0.5 0.5 0.5 0.5 0.5 0.5 0.5 0.5 0.5 0.39626 0.5 0.499977
0.353839 0.10213 0.500095 0.5 0.5 0.5 0.5 0.5 0.5 0.5 0.5 0.5 0.5 0.5 0.5 0.5 0.5 0.39626 0.5 0.499893
0.0666734 0.179595 0.499981 0.5 0.5 0.5 0.5 0.5 0.5 0.5 0.5 0.5 0.5 0.5 0.5 0.5 0.5 0.39626 0.5 0.499974
0.0576537 0.950753 0.499986 0.5 0.5 0.5 0.5 0.5 0.5 0.5 0.5 0.5 0.5 0.5 0.5 0.5 0.5 0.39626 0.5 0.499985
0.546314 0.772646 0.499991 0.5 0.5 0.5 0.5 0.5 0.5 0.5 0.5 0.5 0.5 0.5 0.5 0.5 0.5 0.39626 0.5 0.499976
0.0456026 0.302874 0.499959 0.5 0.5 0.5 0.5 0.5 0.5 0.5 0.5 0.5 0.5 0.5 0.5 0.5 0.5 0.39626 0.5 0.499927
0.0458578 0.940187 0.499994 0.5 0.5 0.5 0.5 0.5 0.5 0.5 0.5 0.5 0.5 0.5 0.5 0.5 0.5 0.39626 0.5 0.500004
0.307545 0.937906 0.500025 0.5 0.5 0.5 0.5 0.5 0.5 0.5 0.5 0.5 0.5 0.5 0.5 0.5 0.5 0.39626 0.5 0.499962
0.304597 0.233605 0.500016 0.5 0.5 0.5 0.5 0.5 0.5 0.5 0.5 0.5 0.5 0.5 0.5 0.5 0.5 0.39626 0.5 0.499974
0.1713 0.604537 0.500059 0.5 0.5 0.5 0.5 0.5 0.5 0.5 0.5 0.5 0.5 0.5 0.5 0.5 0.5 0.39626 0.5 0.500109
0.169905 0.852658 0.499944 0.5 0.5 0.5 0.5 0.5 0.5 0.5 0.5 0.5 0.5 0.5 0.5 0.5 0.5 0.39626 0.5 0.499996
0.227679 0.410239 0.500237 0.5 0.5 0.5 0.5 0.5 0.5 0.5 0.5 0.5 0.5 0.5 0.5 0.5 0.5 0.39626 0.5 0.500079
0.894669 0.839757 0.499929 0.5 0.5 0.5 0.5 0.5 0.5 0.5 0.5 0.5 0.5 0.5 0.5 0.5 0.5 0.39626 0.5 0.499981
0.227735 0.58631 0.500051 0.5 0.5 0.5 0.5 0.5 0.5 0.5 0.5 0.5 0.5 0.5 0.5 0.5 0.5 0.39626 0.5 0.500019
0.436823 0.808306 0.499906 0.5 0.5 0.5 0.5 0.5 0.5 0.5 0.5 0.5 0.5 0.5 0.5 0.5 0.5 0.39626 0.5 0.49999
0.996944 0.534446 0.499989 0.5 0.5 0.5 0.5 0.5 0.5 0.5 0.5 0.5 0.5 0.5 0.5 0.5 0.5 0.39626 0.5 0.500001
0.693183 0.635138 0.500019 0.5 0.5 0.5 0.5 0.5 0.5 0.5 0.5 0.5 0.5 0.5 0.5 0.5 0.5 0.39626 0.5 0.499848
0.645354 0.913214 0.500017 0.5 0.5 0.5 0.5 0.5 0.5 0.5 0.5 0.5 0.5 0.5 0.5 0.5 0.5 0.39626 0.5 0.499854
0.708017 0.53035 0.500031 0.5 0.5 0.5 0.5 0.5 0.5 0.5 0.5 0.5 0.5 0.5 0.5 0.5 0.5 0.39626 0.5 0.500019
0.126092 0.621824 0.500157 0.5 0.5 0.5 0.5 0.5 0.5 0.5 0.5 0.5 0.5 0.5 0.5 0.5 0.5 0.39626 0.5 0.500201
0.86145 0.519344 0.499992 0.5 0.5 0.5 0.5 0.5 0.5 0.5 0.5 0.5 0.5 0.5 0.5 0.5 0.5 0.39626 0.5 0.499946
