1 1 0 0 0 1 0 0 0 1 1 1 1 1 0 1 0 1 1 0
1 0 1 1 0 0 1 0 0 0 0 1 0 1 0 1 0 1 1 0
0.0134049 0.529498 0.488905 0.471996 0.491301 0.491872 0.502025 0.460521 0.508062 0.473628 0.473564 0.496545 0.55577 0.518135 0.482495 0.497261 0.468469 0.464684 0.504687 0.459317
0.983249 0.482419 0.532772 0.504365 0.511075 0.47964 0.534943 0.483838 0.515867 0.48369 0.470851 0.486873 0.537463 0.477868 0.470689 0.498597 0.455763 0.473308 0.499403 0.492941
1 6.08859e-05 0.6339 0.464898 0.491601 0.378345 0.332691 0.492461 0.497583 0.538963 0.445019 0.530309 0.618433 0.502111 0.531538 0.654227 0.357333 0.536348 0.615838 0.550605
1 0.999985 0.542086 0.221742 0.255485 0.33268 0.51975 0.485808 0.463821 0.424548 0.584346 0.510692 0.171851 0.448249 0.363323 0.745888 0.631838 0.307425 0.599789 0.298236
0.999993 0 0.730734 0.514849 0.406168 0.359059 0.505778 0.512175 0.18883 0.526425 0.375105 0.715632 0.753374 0.590459 0.407489 0.79641 0.434139 0.477433 0.766649 0.50611
0.999988 1 0.625459 0.446494 0.49283 0.496063 0.643438 0.499398 0.521369 0.315743 0.560749 0.404598 0.502935 0.351917 0.483561 0.608044 0.454548 0.569503 0.578639 0.393385
1 0.999977 0.686204 0.375457 0.345171 0.3106 0.945878 0.672458 0.485872 0.45627 0.534567 0.286521 0.376004 0.424074 0.525662 0.653397 0.576189 0.440384 0.494935 0.35723
0.999968 0 0.588682 0.550878 0.499204 0.397522 0.607717 0.353784 0.490917 0.720067 0.38296 0.874293 0.620363 0.654299 0.695055 0.389198 0.499755 0.825317 0.564339 0.433
0.98382 0.556517 0.533321 0.484234 0.503171 0.480905 0.531981 0.49329 0.513742 0.486353 0.466778 0.481916 0.521476 0.481346 0.474799 0.508743 0.468024 0.465044 0.493691 0.496249
0.999914 0.999987 0.574024 0.3913 0.53249 0.303568 1 0.677407 0.635944 0.432191 0.548451 0.48721 0 0.123845 0.412685 0.410571 0.360135 0 0.398167 0.313838
0.984646 0.430587 0.543241 0.508991 0.509621 0.471626 0.539402 0.47724 0.510693 0.48137 0.47014 0.486756 0.539119 0.482422 0.473815 0.498278 0.45795 0.481023 0.504173 0.483285
1 0.99997 0.620358 0.446148 0.332883 0.476939 0.628696 0.774491 0.761021 0.304645 0.507932 0.486956 0.564532 0.431449 0.519971 0.56463 0.525574 0.545702 0.483144 0.430894
0.999958 0.999914 0.523768 0.735514 0.570536 0.439419 0.786387 0.463811 0.849237 0.533616 0.464701 0.385022 0.347519 0.63845 0.675982 0.455564 0.253128 0.803202 0.677495 0.502667
1 0 1 0.649152 0.193685 0.317956 0.924193 0.648773 0.422206 0.664783 0.192424 0.662018 0.759684 0.334751 0.721833 0.698585 0.781876 0.644069 0.361459 0.5599
0.999983 7.4286e-05 0.603391 0.483878 0.581637 0.342895 0.382344 0.37313 0.535686 0.399326 0.478689 0.412879 0.846529 0.530901 0.496868 0.594865 0.565054 0.645025 0.609035 0.43827
0.998271 0.612003 0.535342 0.451701 0.491681 0.493885 0.523616 0.480814 0.495745 0.480751 0.462018 0.448159 0.502243 0.479746 0.536937 0.530457 0.476316 0.475288 0.490438 0.459271
0.999986 5.86291e-05 0.341299 0.652177 0.643671 0.203673 0.694228 0.317649 0.665317 0.594513 0.705471 0.603008 0.700738 0.520156 0.351597 0.324334 0.627278 0.771241 0.514603 0.292773
0.994407 0 0.580671 0.542307 0.536804 0.412711 0.507538 0.434061 0.502876 0.506535 0.47554 0.448081 0.581269 0.552236 0.475434 0.491766 0.469433 0.545695 0.540435 0.456754
0.999999 0.999986 0.57873 0.053948 0.289055 0.265399 0.6772 0.597944 0.302952 0.519482 0.591669 0.368948 0.29511 0.465143 0.36927 0.572439 0.689391 0.21048 0.516013 0.328083
0.99996 1 0.675314 0.29462 0.440768 0.400011 0.52377 0.499297 0.407805 0.540911 0.297235 0.41285 0.342917 0.623594 0.510252 0.559272 0.585107 0.482757 0.403825 0.376883
0.999968 4.61761e-05 0.482249 0.572018 0.577717 0.220709 0.462158 0.371599 0.675696 0.448033 0.583733 0.317306 0.743502 0.53 0.412317 0.51191 0.646811 0.626255 0.511399 0.33179
1 2.20686e-05 0.545127 0.537685 0.577423 0.344417 0.981765 0.251207 0.305757 0.627194 0.250486 0.274542 0.255727 0.0628717 0.746109 0.313216 0.551296 0.822431 0.525286 0.0381265
1 1 0.391557 0.264219 0.478678 0.441244 0.562829 0.536875 0.596436 0.52376 0.478576 0.557587 0.379484 0.394354 0.459887 0.533583 0.554284 0.473725 0.432069 0.312276
0.99992 1.5942e-06 0.493996 0.488595 0.563564 0.276923 0.243125 0.463882 0.576831 0.611329 0.365749 0.610023 0.842313 0.513951 0.677582 0.60737 0.474614 0.45048 0.537376 0.49702
1 1 0.562356 0.394344 0.352956 0.403441 0.614762 0.584701 0.67888 0.507695 0.500733 0.532149 0.291455 0.447447 0.560278 0.549611 0.509536 0.500428 0.44861 0.374452
1 0.996308 0.533517 0.430056 0.518062 0.478113 0.608429 0.501191 0.47387 0.490731 0.470776 0.412145 0.478171 0.486126 0.487881 0.548704 0.464001 0.494354 0.535632 0.433288
0.999951 6.84718e-05 0.518058 0.605941 0.541778 0.229299 0.344884 0.289482 0.520883 0.0444915 0.533734 0.446917 0.510326 0.599838 0.185634 0.655037 0.551654 0.649603 0.730604 0.174459
1 0 0.851948 0.625721 0.419782 0.280626 0.764615 0.423489 0.0829462 0.709594 0.249898 0.85234 0.791177 0.430916 0.579595 0.580357 0.432602 0.705421 0.756956 0.441151
1 1 0.610723 0.436309 0.424294 0.426517 0.531266 0.512615 0.60451 0.401286 0.562761 0.46873 0.450878 0.396785 0.493219 0.545405 0.478545 0.543531 0.511173 0.384525
0.999928 3.02378e-05 0.542731 0.436122 0.559522 0.425175 0.335648 0.488929 0.519353 0.55239 0.511565 0.47286 0.741425 0.491594 0.522334 0.634589 0.371274 0.555895 0.656641 0.524962
0.99999 0.999998 0.404721 0.427041 0.397354 0.398362 0.891978 0.557565 0.533479 0.600994 0.505602 0.465066 0.279553 0.576179 0.405956 0.403546 0.494148 0.525233 0.494163 0.263229
0.999833 6.92163e-05 0.640696 0.562763 0.496391 0.411348 0.407663 0.460789 0.50597 0.482197 0.391065 0.685916 0.774183 0.509422 0.623255 0.573909 0.413055 0.589308 0.584163 0.488836
0.999981 0.000179266 0.337884 0.417235 0.50509 0.598173 0.546972 0.458639 0.680533 0.509187 0.578683 0.533304 0.663463 0.394684 0.548937 0.4153 0.504179 0.569938 0.457298 0.342005
0.999966 9.4506e-05 0.422831 0.649673 0.524129 0.419146 0.629627 0.330451 0.610811 0.70403 0.466248 0.463505 0.632137 0.636104 0.605156 0.403587 0.488788 0.853555 0.46694 0.412024
0.99984 2.80261e-05 0.508331 0.546066 0.55639 0.393336 0.32185 0.494159 0.587169 0.61834 0.493955 0.478822 0.61652 0.516358 0.457776 0.511432 0.306263 0.469188 0.550815 0.509236
0.999983 0.999954 0.486641 0.104927 0.507835 0.764246 0.542879 0.634214 0.233907 0.304394 0.298145 0.590331 0.499883 0.713579 0.336694 0.255768 0.586095 0.397952 0.29109 0.181862
0.999996 6.97755e-06 1 0.470347 0.386461 0.577137 0.81811 0.735049 0.0413368 0.508112 0.301449 0.700005 0.854869 0.308086 0.555263 0.792272 0.530747 0.690824 0.745476 0.588651
0.999979 0.999979 0.512799 0.336463 0.368558 0.370797 0.44737 0.544145 0.562298 0.530337 0.480177 0.555353 0.414544 0.499566 0.490184 0.52397 0.539063 0.466698 0.461704 0.308897
1 0.999997 0.402346 0.422106 0.552447 0.644018 0.293303 0.565532 0.93142 0.534541 0.390959 0.393774 0.572156 0.210732 0.99747 0.758219 0.388003 0.737107 0.193343 0.393237
0.999992 0.999976 0.496508 0.343501 0.381405 0.408682 0.587668 0.502735 0.587258 0.450563 0.578594 0.524272 0.297555 0.358646 0.519258 0.669194 0.505663 0.446979 0.538672 0.300753
1 5.48167e-05 0.424312 0.735426 0.678928 0.193619 0.612214 0.298485 0.57669 0.519976 0.682643 0.743468 0.794955 0.511653 0.297731 0.331899 0.494948 0.793354 0.601676 0.342225
1 0.999972 0.620921 0.238145 0.440091 0.46379 0.721088 0.763472 0.445763 0.525158 0.363029 0.379666 0.502311 0.463497 0.541061 0.517259 0.57357 0.315729 0.243312 0.278973
0.999914 1 0.570779 0.389053 0.497928 0.50301 0.687764 0.533567 0.461802 0.441517 0.42973 0.397036 0.415743 0.485116 0.492779 0.574467 0.486556 0.515633 0.510239 0.389483
0.999989 1 0.488129 0.210273 0.444648 0.400769 0.632374 0.645709 0.659585 0.623507 0.483468 0.488414 0.287497 0.347083 0.549403 0.450481 0.526068 0.378198 0.328756 0.335905
1 0 0.518269 0.645779 0.633533 0.320414 0.508055 0.408797 0.42017 0.534941 0.493044 0.559478 0.683302 0.67063 0.39102 0.481252 0.439949 0.550795 0.703745 0.436698
0.999936 2.72081e-05 0.499001 0.453315 0.560984 0.480685 0.426809 0.468805 0.58467 0.542935 0.559095 0.416884 0.690279 0.454651 0.474454 0.551696 0.396594 0.576382 0.591313 0.473703
0.999876 0.999932 0.533279 0.343674 0.455325 0.377054 0.774856 0.554424 0.602691 0.436026 0.579433 0.398449 0.271961 0.366034 0.331085 0.641627 0.538137 0.404383 0.697243 0.489165
1 4.33808e-05 0.468709 0.623644 0.653545 0.269871 0.569758 0.424257 0.512472 0.371237 0.621076 0.629766 0.819791 0.470257 0.362113 0.590209 0.416789 0.673778 0.751291 0.381492
0.999967 0.99999 0.226024 0.0410563 0.819286 0.833711 0.267183 0.46341 0.839507 0.747739 0.175448 0.452071 0.247737 0.492863 0.778553 0.697887 0.354814 0.543491 0.316687 0.519559
1 0 0.599769 0.545699 0.55094 0.381335 0.466922 0.415789 0.510304 0.50288 0.494808 0.44747 0.65049 0.558318 0.49658 0.511198 0.463811 0.595597 0.576691 0.436625
0.999977 0.999901 0.465832 0.0610682 0.505209 0.780175 0.529969 0.774604 0.0609223 0.136624 0.297636 0.453258 0.377667 0.720307 0.428836 0.303548 0.580755 0.24823 0.170488 0.0984739
0.999997 4.10229e-05 0.545127 0.352169 0.78107 0.41799 0.997837 0.299315 0.434823 0.953459 0.304111 0 0.464978 0 1 0 0.943864 0.739501 0.245222 0.0316648
1 0.999977 0 0.2171 0.460671 0.734739 0.062261 0.221141 1 1 1 0.773006 0.515784 0.447912 0.215258 0.949335 0.0306117 0.684651 0.791438 0.402056
0.99995 0.99999 0.553016 0.375656 0.351399 0.423601 0.607753 0.664318 0.683998 0.479189 0.46858 0.520001 0.338744 0.458865 0.559448 0.553244 0.515682 0.491457 0.428737 0.365591
1 1 0.52491 0.391116 0.549311 0.527479 0.700287 0.517726 0.409491 0.47649 0.417245 0.363159 0.43187 0.520651 0.464979 0.558475 0.475146 0.491386 0.528588 0.412057
1 0 0.420929 0.510623 0.606216 0.448397 0.523185 0.46558 0.632762 0.524012 0.620432 0.451049 0.800196 0.444361 0.453146 0.52665 0.457865 0.588262 0.612743 0.389796
0.98997 0.221735 0.536777 0.511769 0.515944 0.448349 0.544762 0.46006 0.523851 0.497711 0.481327 0.468405 0.554766 0.503282 0.48636 0.488115 0.490336 0.507073 0.502944 0.456447
1 0 0.65958 0.69663 0.523961 0.221763 0.365458 0.276501 0.419046 0.384061 0.567129 0.881876 0.584883 0.553895 0.300244 0.433596 0.406951 0.643512 0.679156 0.412234
0.999985 1.04873e-05 0.419573 0.524911 0.578518 0.544038 0.591149 0.423934 0.682016 0.54008 0.628999 0.338962 0.600493 0.423627 0.374392 0.394224 0.440259 0.602514 0.487521 0.390572
0.999974 3.60408e-05 0.382132 0.435373 0.636798 0.207038 0.780731 0.166316 0.350931 0.768052 0.635638 0.737526 0.425186 0.61656 0.572752 0.126513 0.504378 0.867894 0.736409 0.210077
0.982551 0.508336 0.527538 0.502051 0.511803 0.483646 0.532714 0.487137 0.518454 0.48485 0.471206 0.486931 0.536635 0.475591 0.469126 0.498757 0.454669 0.469451 0.497017 0.497768
0.983947 0.456503 0.538006 0.506678 0.510348 0.475633 0.537173 0.480539 0.51328 0.48253 0.470495 0.486814 0.538291 0.480145 0.472252 0.498438 0.456856 0.477166 0.501788 0.488113
0.999917 5.26657e-05 0.53777 0.447627 0.473315 0.509904 0.266926 0.52459 0.679038 0.547508 0.234529 0.783662 0.827221 0.456415 0.927818 0.672174 0.404674 0.525284 0.531493 0.497748
1 0.999984 0.476177 0.212297 0.491974 0.444834 0.697849 0.628773 0.641736 0.589922 0.478814 0.450726 0.287185 0.342013 0.534146 0.49066 0.518234 0.389529 0.374036 0.364808
0.999989 0.99999 0.562949 0.390787 0.476207 0.449849 0.541886 0.510469 0.535592 0.457124 0.497492 0.458984 0.469062 0.403372 0.53674 0.618233 0.47806 0.48888 0.532307 0.447186
0.999995 0 0.916331 0.528822 0.288136 0.406264 1 0.433113 0 0.719855 0.0403134 0.386124 0.359683 0 0.674834 0.587501 0.484089 0.713282 0.737874 0.0184756
0.999957 0.999909 0.311525 0.215621 0.355187 0.502271 0.534566 0.480979 0.628425 0.438262 0.686517 0.647882 0.201848 0.262514 0.36895 0.648072 0.50247 0.388993 0.635066 0.266325
0.999969 0 0.548892 0.600839 0.588525 0.360368 0.514118 0.358872 0.496187 0.578465 0.483507 0.348679 0.612867 0.672342 0.451276 0.453753 0.524338 0.593472 0.576526 0.398185
1 0.999982 0.421744 0.279445 0.574448 0.674658 0.222032 0.544267 0.787761 0.521428 0.35932 0.323826 0.667326 0.282018 1 0.817212 0.439636 0.7209 0.234377 0.426897
1 0.999961 0.515283 0.439115 0.362691 0.443335 0.626428 0.674224 0.762052 0.380231 0.591279 0.557548 0.459106 0.358311 0.504606 0.565632 0.474734 0.525658 0.530202 0.355549
1 0.999953 0.535126 0.297614 0.433755 0.463972 0.531555 0.521044 0.516686 0.396247 0.481813 0.461066 0.410434 0.448769 0.510097 0.702936 0.548505 0.497079 0.566315 0.385619
0.999994 0.999983 0.51159 0.297999 0.404824 0.414777 0.608695 0.466049 0.483681 0.525531 0.455734 0.509841 0.301862 0.472903 0.530556 0.595331 0.515461 0.53048 0.501621 0.204607
1 1 0.504454 0.33638 0.37693 0.426701 0.589687 0.54389 0.614988 0.399271 0.579535 0.51059 0.347157 0.390564 0.447977 0.6696 0.558736 0.476249 0.546385 0.35149
0.999761 8.03171e-05 0.600061 0.61375 0.508598 0.242914 0.373346 0.434999 0.614064 0.515863 0.441713 0.586822 0.760365 0.500404 0.558783 0.522548 0.516105 0.512808 0.46405 0.440572
1 1 0.432004 0.460315 0.526698 0.602071 0.817039 0.792002 0.659266 0.610621 0.281573 0.470957 0.477493 0.545784 0.754282 0.462845 0.377743 0.5383 0.133309 0.236869
1 0.999934 0.526074 0.27479 0.631374 0.537278 0.720163 0.809209 0.602177 0.636218 0.44416 0.271596 0.603342 0.381293 0.559872 0.382779 0.407055 0.314947 0.319916 0.52039
0.999994 0.999971 0.482417 0.330718 0.358514 0.39074 0.557853 0.50857 0.553787 0.544203 0.486602 0.542429 0.356521 0.461286 0.567848 0.5639 0.510023 0.526862 0.491531 0.255415
0.999861 0 0.522654 0.436195 0.547724 0.454109 0.398791 0.488133 0.557373 0.511945 0.553077 0.482975 0.732107 0.420906 0.513275 0.595273 0.384045 0.563818 0.614367 0.480045
0.985344 0.40467 0.548475 0.511304 0.508894 0.467619 0.541632 0.473941 0.508106 0.48021 0.469784 0.486698 0.539947 0.484699 0.475378 0.498119 0.459043 0.48488 0.506559 0.478458
0.99993 0 0.540166 0.560209 0.558714 0.332514 0.423935 0.374012 0.596637 0.597836 0.508681 0.338887 0.630681 0.596608 0.47059 0.472971 0.530128 0.560073 0.519653 0.380228
0.999972 9.1623e-06 0.536113 0.583724 0.611445 0.191563 0.534437 0.349588 0.471289 0.525741 0.529001 0.551277 0.756393 0.619535 0.400007 0.537404 0.542419 0.701081 0.74467 0.337019
1 0.000157737 0.686821 0.510803 0.434831 0.275144 0.314634 0.465936 0.570282 0.595139 0.369026 0.626428 0.643777 0.540342 0.60171 0.571418 0.49475 0.518667 0.499013 0.472662
0.999994 0.99998 0.485331 0.446747 0.38807 0.42053 0.772236 0.572687 0.575739 0.47875 0.545408 0.498438 0.298531 0.433017 0.438568 0.502191 0.449979 0.458702 0.527959 0.293469
0.999925 5.74143e-05 0.551841 0.545783 0.528933 0.226544 0.384423 0.356031 0.685818 0.466133 0.507005 0.271437 0.709134 0.566283 0.481653 0.512358 0.693502 0.5935 0.437958 0.359404
1 0 0.519324 0.584105 0.57045 0.3996 0.184171 0.505404 0.594235 0.657508 0.474421 0.46424 0.703729 0.577238 0.480968 0.529699 0.213664 0.492172 0.594876 0.541836
0.99994 0.99998 0.610969 0.392867 0.379392 0.425877 0.573122 0.653337 0.660208 0.411688 0.472747 0.494763 0.448227 0.440808 0.542199 0.580417 0.51495 0.522207 0.466739 0.379296
0.999957 0.999909 0.250227 0.242522 0.460253 0.608477 0.611286 0.551212 0.713202 0.510207 0.572182 0.607557 0.190692 0.360573 0.464421 0.620187 0.428531 0.454907 0.549252 0.323315
0.999979 0.999986 0.570424 0.391391 0.488623 0.408669 0.470141 0.481342 0.547505 0.48888 0.484209 0.487335 0.512401 0.395251 0.584624 0.662738 0.485596 0.487019 0.545091 0.484677
1 1.6306e-05 0.701304 0.577832 0.436477 0.585837 0.461269 0.410469 0.589982 0.388231 0.372648 0.672739 0.659857 0.513079 0.704508 0.519694 0.426909 0.739595 0.513596 0.493784
0.999998 0.999964 0.645684 0.0741936 0.188008 0.280728 0.610754 0.565816 0.183859 0.434824 0.600633 0.362558 0.461389 0.513931 0.404109 0.629616 0.749099 0.301709 0.53853 0.273172
0.999997 1.32156e-07 0.739547 0.627237 0.379382 0.116342 0.814558 0.360475 0.597672 0.789922 0.403989 0.718005 0.587282 0.534719 0.750584 0.342428 0.75482 0.736305 0.366336 0.384482
1 0 0.539288 0.539782 0.54513 0.404271 0.296238 0.502616 0.579873 0.60452 0.487307 0.461857 0.632579 0.525404 0.490557 0.54245 0.302693 0.474948 0.561951 0.526509
0.999987 0.999977 0.641644 0.443371 0.486385 0.493423 0.363911 0.414308 0.785525 0.456894 0.444735 0.394529 0.340154 0.380858 0.832484 0.797216 0.431617 0.607679 0.455957 0.458556
1 0 0.703763 0.575817 0.525999 0.119368 0.483545 0.360588 0.415819 0.56895 0.427197 0.613249 0.64813 0.686874 0.491145 0.604036 0.573586 0.678802 0.749536 0.407247
1 1.1013e-08 0.481309 0.574352 0.645197 0 0.579764 0.406381 0.405426 0.524483 0.564935 0.718961 0.909174 0.620731 0.269679 0.580936 0.675702 0.591355 0.807277 0.237701
1 1 0.521682 0.393937 0.353777 0.429966 0.68946 0.607445 0.575326 0.415867 0.584863 0.55956 0.384083 0.304996 0.438594 0.56064 0.516601 0.431837 0.427561 0.205761
1 0 0.438643 0.435425 0.48216 0.531391 0.16953 0.54074 0.423011 0.671434 0.438832 0.868639 0.736457 0.743618 0.62001 0.705755 0.263347 0.470419 0.687015 0.724513
0.999932 7.17846e-05 0.298848 0.442328 0.626765 0.825109 0.554675 0.383128 0.147818 0.717571 0.0741778 0.710026 0.413148 0.231381 0.774389 0.65352 0 0.834712 0.985889 0.297621
1 2.2026e-08 0.513431 0.593005 0.603557 0.0878974 0.547125 0.36479 0.402853 0.486978 0.526602 0.640706 0.807277 0.640366 0.337259 0.570002 0.604822 0.643012 0.780603 0.285134
0.999996 0.999944 0.452191 0.0898625 0.383176 0.436812 0.640044 0.5594 0.51971 0.564436 0.544284 0.439821 0.233124 0.392964 0.472184 0.550274 0.553771 0.360994 0.543798 0.326409
1 1 0.551639 0.42254 0.476121 0.459009 0.669652 0.548185 0.636468 0.522977 0.463408 0.488265 0.311877 0.371822 0.564051 0.53494 0.484359 0.482124 0.367373 0.402039
0.999991 0.999895 0.613346 0.150687 0.385821 0.269537 0.746539 0.589213 0.332263 0.63795 0.624313 0.197882 0.450078 0.494582 0.410677 0.453406 0.564432 0.265509 0.637016 0.47944
1 0.999987 0.548889 0.285403 0.267905 0.544908 0.446597 0.654306 0.632981 0.270528 0.476051 0.554348 0.528393 0.439775 0.488243 0.514951 0.577323 0.58045 0.344401 0.221718
0.991788 0.389234 0.551701 0.482845 0.477987 0.485502 0.518328 0.473249 0.52436 0.474349 0.478196 0.490517 0.538412 0.454752 0.536291 0.490202 0.46739 0.497493 0.471405 0.45088
0.999948 0 0.577886 0.611145 0.531683 0.283613 0.358739 0.445515 0.427218 0.548733 0.384516 0.556171 0.60627 0.719011 0.434033 0.54313 0.48976 0.420044 0.649201 0.420561
0.999935 0.999986 0.607455 0.571692 0.814729 0.430264 0.967324 0.577741 0.693491 0.374629 0.446903 0.465246 0.142283 0.276998 0.327951 0.251606 0.342835 0.307172 0.602092 0.606903
0.98382 0.556517 0.533321 0.484234 0.503171 0.480905 0.531981 0.49329 0.513742 0.486353 0.466778 0.481916 0.521476 0.481346 0.474799 0.508743 0.468024 0.465044 0.493691 0.496249
0.999924 2.30067e-05 0.520577 0.431812 0.558368 0.459902 0.370454 0.48495 0.553249 0.548647 0.538315 0.444047 0.722975 0.460801 0.501309 0.604578 0.37559 0.56348 0.628639 0.506368
0.99994 1 0.90644 0.784883 0.503962 0 1 0.675542 1 0.0943504 0.845859 0.243694 0.151819 0 0.794819 0.865513 0.550908 0.464641 0.679286 0.705039
0.999995 0.99996 0.584671 0.151574 0.229657 0.401588 0.530762 0.671011 0.49509 0.423324 0.496905 0.447232 0.455058 0.472383 0.471493 0.532181 0.646581 0.425147 0.411518 0.303833
0.999971 4.6357e-05 0.519739 0.570617 0.567886 0.432627 0.543241 0.425133 0.538471 0.530293 0.502317 0.427066 0.593173 0.562044 0.439967 0.452441 0.468097 0.556452 0.537973 0.439845
1 1 0.268395 0.201581 0.531065 0.434178 0.330836 0.46378 0.629873 0.644222 0.601076 0.539072 0.122564 0.503931 0.0325449 0.671367 0.569908 0.159428 0.70157 0.53209
0.999898 4.87466e-05 0.530398 0.487187 0.582488 0.339531 0.437082 0.525713 0.383439 0.489596 0.466437 0.660968 0.78023 0.549547 0.489133 0.660301 0.403568 0.478903 0.757737 0.500992
0.999925 8.43244e-05 0.732232 0.624082 0.319853 0.403364 0.461484 0.323214 0.678316 0.463861 0.331536 0.650603 0.40985 0.665346 0.657236 0.424592 0.66089 0.760106 0.412121 0.37014
1 0 1 0.524976 0.306411 0.266149 0.935713 0.753358 0.0687842 0.460411 0.415672 0.621264 0.965509 0.347578 0.404197 0.757621 0.820695 0.599627 0.638819 0.503885
0.999943 0 0.517696 0.462782 0.564741 0.31442 0.246352 0.453238 0.533971 0.574581 0.360229 0.615264 0.852515 0.521214 0.667649 0.632158 0.466358 0.483124 0.594438 0.494972
1 1 0.631328 0.354979 0.141356 0.205494 0.719173 0.587287 0.489411 0.442395 0.681915 0.498571 0.245127 0.331086 0.392448 0.554026 0.650507 0.318857 0.468441 0.214395
1 0.999864 0.45689 0.316924 0.503776 0.478002 0.627337 0.500823 0.487686 0.451751 0.472932 0.452212 0.435041 0.492998 0.417226 0.617794 0.505629 0.508216 0.601096 0.314077
0.999853 0.000137263 0.709118 0.577766 0.486613 0.251453 0.798397 0.375971 0.695691 0.50064 0.548773 0.248692 0.696002 0.409744 0.513759 0.31287 0.870126 0.69658 0.293973 0.254609
0.999998 1 0.485899 0.240391 0.341388 0.350384 0.38841 0.508628 0.494296 0.531143 0.452508 0.601864 0.336338 0.530392 0.419303 0.556843 0.586713 0.384674 0.470674 0.240929
1 8.23628e-05 0.486903 0.523866 0.649168 0.358931 0.513561 0.310478 0.622218 0.453788 0.547003 0.326894 0.871675 0.531859 0.528398 0.499862 0.6002 0.804253 0.578584 0.393419
0.998271 0.612003 0.535342 0.451701 0.491681 0.493885 0.523616 0.480814 0.495745 0.480751 0.462018 0.448159 0.502243 0.479746 0.536937 0.530457 0.476316 0.475288 0.490438 0.459271
0.985814 2.50367e-05 0.525603 0.550698 0.539341 0.448492 0.492394 0.444144 0.546776 0.532538 0.492207 0.46419 0.599437 0.527542 0.456488 0.471439 0.459376 0.51757 0.519974 0.491804
1 1 0.48782 0.193143 0.31031 0.322373 0.608371 0.52471 0.528583 0.549564 0.562325 0.505212 0.0748986 0.451662 0.33961 0.632581 0.59131 0.24773 0.534817 0.304057
0.999941 0.000107143 0.572057 0.593541 0.532228 0.461419 0.525375 0.466662 0.57067 0.48071 0.472456 0.527917 0.691045 0.52497 0.594341 0.52939 0.407397 0.661261 0.539884 0.50215
0.999986 0.999907 0.429016 0.413389 0.195603 0.496384 0.29793 0.515196 0.806993 0.64051 0.96381 0.398305 0.676756 0.48431 0.95619 1 0.359893 0.961179 0.47635 0.344458
0.999953 0.999936 0.732744 0.575418 0.333642 0.269771 0.690119 0.594888 0.756087 0.327825 0.724114 0.268577 0.395589 0.333755 1 0.939905 0.531311 0.770492 0.490524 0.503342
0.999988 4.14941e-05 0.504727 0.639113 0.238454 0.0192852 1 0.0946446 0 0.694429 0.329992 0.501236 0 0.722577 0.192057 0.560902 0.483645 0.750356 0.963542 0
0.999935 0 0.651377 0.461519 0.475385 0.37842 0.267633 0.467806 0.426587 0.407598 0.279199 0.813987 0.703883 0.581786 0.647449 0.760667 0.393102 0.545104 0.761209 0.433876
0.996982 0.992617 0.505595 0.431732 0.495233 0.456853 0.558632 0.496781 0.517772 0.537302 0.481227 0.449262 0.470483 0.468982 0.506474 0.515922 0.460156 0.475174 0.499607 0.446163
0.99999 2.35803e-05 0.968972 0.58381 0.358809 0.189461 0.855532 0.458091 0.127599 0.515376 0.34179 0.482401 0.717002 0.407726 0.344369 0.697537 0.664446 0.560347 0.669016 0.306522
0.999971 3.27447e-05 0.502341 0.580198 0.56612 0.445337 0.592695 0.414353 0.555037 0.515663 0.517635 0.418744 0.575647 0.551394 0.427285 0.409329 0.496817 0.562482 0.505989 0.402457
0.999992 0.999947 0.418295 0.512686 0.482826 0.567768 0.117377 0.528764 1 0.635982 0.82691 0.341557 0.74721 0.362424 1 1 0.292471 0.95992 0.436251 0.557906
1 0.999927 0 0.247634 0.538649 0.883489 0.182947 0.418358 0.795302 1 0.926295 0.724701 0.704618 0.578107 0.240332 0.61419 0 0.688547 0.573745 0.289134
0.988481 0.778258 0.547296 0.448545 0.475989 0.471558 0.542754 0.492583 0.514395 0.490372 0.467183 0.463429 0.458857 0.48419 0.493978 0.509684 0.48443 0.47884 0.47743 0.467796
0.999956 1.51861e-05 0.57864 0.531744 0.454576 0.428581 0.590376 0.334775 0.489684 0.545405 0.329103 0.777345 0.469815 0.632198 0.690066 0.463193 0.474352 0.826096 0.598519 0.331122
1 0 0.591592 0.515268 0.528296 0.396662 0.467083 0.431963 0.522752 0.496507 0.496374 0.454098 0.611809 0.536878 0.503339 0.513029 0.470233 0.581824 0.552318 0.437344
0.999986 4.54247e-05 0.587791 0.399536 0.519899 0.31341 0.976873 0.36088 0.105473 0.666905 0.550413 0.613156 0.5 0.397721 0.482849 0.351328 0.533746 0.796946 0.817567 0.274033
0.999986 0.99995 0.3285 0.344447 0.617883 0.714347 0.831802 0.908495 0.71984 0.535553 0.373798 0.44469 0.554978 0.399594 0.490857 0.394833 0.380374 0.441913 0.225763 0.364467
1 5.48167e-05 0.413015 0.709211 0.673782 0.200295 0.595905 0.289782 0.573478 0.535038 0.650258 0.77383 0.749689 0.529579 0.347346 0.350268 0.486836 0.803233 0.617946 0.340351
0.999963 1 0.560677 0.644629 0.475481 0.316376 0.836673 0.406982 0.760996 0.284232 0.623475 0.596365 0.0723577 0.321148 0.39156 0.856031 0.388668 0.481453 0.864873 0.552835
0.99992 1.57755e-05 0.498424 0.427502 0.557214 0.494629 0.40526 0.480972 0.587145 0.544905 0.565064 0.415234 0.704525 0.430007 0.480284 0.574567 0.379906 0.571065 0.600637 0.487774
0.999944 0.999994 0.580287 0.427628 0.36517 0.371061 0.563457 0.596161 0.626089 0.635077 0.399376 0.526819 0.358159 0.589356 0.555832 0.41827 0.529506 0.496454 0.356352 0.44034
1 1 0.59844 0.380299 0.417116 0.452318 0.605565 0.549271 0.56321 0.385321 0.545118 0.450132 0.393081 0.368822 0.507193 0.586757 0.480718 0.50896 0.517469 0.368953
1 0.999977 0.686204 0.375457 0.345171 0.3106 0.945878 0.672458 0.485872 0.45627 0.534567 0.286521 0.376004 0.424074 0.525662 0.653397 0.576189 0.440384 0.494935 0.35723
0.999999 0.999976 0.631264 0.149709 0.26187 0.550806 0.416768 0.382145 0.179386 0.379513 0.406069 0.615284 0.458759 0.643093 0.526867 0.499277 0.707867 0.470271 0.37793 0.0985457
1 1 0.643315 0.41497 0.425641 0.449596 0.595832 0.531008 0.576525 0.353393 0.537012 0.442616 0.423508 0.404852 0.486371 0.574677 0.491745 0.563761 0.516489 0.356185
0.999881 7.11026e-05 0.517803 0.529443 0.54651 0.418728 0.47576 0.506738 0.573131 0.474889 0.498371 0.615114 0.790398 0.449036 0.572749 0.592791 0.400972 0.58712 0.601085 0.484204
0.999998 0.000205442 0.428985 0.454706 0.500774 0.517458 0.498916 0.474172 0.60492 0.512057 0.554914 0.497469 0.620369 0.449923 0.485852 0.483817 0.465916 0.517796 0.511862 0.408092
0.999993 8.81042e-08 0.731535 0.663665 0.412098 0.167233 0.676026 0.334778 0.583816 0.707599 0.461322 0.662528 0.624028 0.594265 0.606384 0.311363 0.722715 0.726687 0.389666 0.403447
0.999974 3.80997e-05 0.53814 0.644209 0.631035 0.167181 0.379567 0.327499 0.52335 0.393816 0.641447 0.640812 0.811421 0.644042 0.195611 0.507046 0.60246 0.648043 0.662244 0.378215
0.999998 0.999968 0.632877 0.453589 0.397598 0.527134 0.555284 0.696955 0.758075 0.251137 0.504729 0.506419 0.553697 0.425939 0.505732 0.580761 0.485129 0.585185 0.55159 0.442586
0.999957 0.999989 0.582668 0.365863 0.456339 0.444625 0.574756 0.534825 0.5163 0.443958 0.452653 0.455774 0.417602 0.487433 0.473313 0.582482 0.515994 0.494021 0.507349 0.373734
0.999967 5.2475e-06 0.632964 0.540004 0.485577 0.287934 0.414568 0.385722 0.510513 0.598025 0.332391 0.551096 0.619734 0.64264 0.75151 0.553538 0.583398 0.618516 0.506333 0.482196
1 5.07114e-05 0.654675 0.649805 0.652443 0.21913 0.447805 0.360311 0.480593 0.390709 0.498474 0.548029 0.948648 0.581278 0.380349 0.542206 0.506715 0.703686 0.667007 0.439841
1 0.999906 0.488895 0.340512 0.463211 0.458926 0.57832 0.510273 0.526599 0.463166 0.470869 0.479977 0.41392 0.489425 0.45967 0.604328 0.523396 0.489359 0.552265 0.366702
1 1 0.623921 0.421128 0.253318 0.336164 0.991018 0.706642 0.398463 0.631469 0.349543 0.339848 0.488721 0.588541 0.810693 0.478237 0.54732 0.601922 0.258949 0.192204
0.999979 0.999986 0.630139 0.388443 0.462455 0.398754 0.454175 0.482015 0.577103 0.428989 0.498357 0.486803 0.495164 0.391173 0.575166 0.664097 0.498469 0.537176 0.534809 0.450819
1 1 0.453819 0.34498 0.314103 0.437418 0.536481 0.483881 0.570792 0.567453 0.520908 0.599921 0.27894 0.348251 0.490849 0.56153 0.535847 0.40298 0.362014 0.273506
0.999982 0.000122461 0.446928 0.457402 0.53967 0.489358 0.385303 0.512593 0.619867 0.608349 0.449248 0.477159 0.775873 0.445322 0.720133 0.564074 0.432379 0.517145 0.449891 0.563292
1 0.999973 0.494454 0.394145 0.410508 0.5042 0.767284 0.673732 0.704524 0.372646 0.527136 0.499491 0.366459 0.409079 0.477366 0.603899 0.481375 0.526786 0.553169 0.334638
1 0.999993 0.495759 0.393131 0.48996 0.500944 0.629597 0.538922 0.494082 0.48526 0.496627 0.431165 0.442961 0.41557 0.498313 0.572369 0.457652 0.440583 0.529805 0.443552
0.999976 9.4528e-05 0.598827 0.608783 0.513299 0.483371 0.474628 0.413911 0.643038 0.507432 0.41925 0.505691 0.692894 0.524292 0.683215 0.486279 0.422977 0.720847 0.44692 0.507053
0.999997 0.000202296 0.435029 0.484051 0.48893 0.506182 0.48316 0.462132 0.606746 0.501089 0.568323 0.502763 0.644526 0.455756 0.493115 0.496127 0.457246 0.537785 0.532633 0.410887
1 0 1 1 0 0.00344345 0.967857 0.288845 0.0343921 0 0.167935 1 0.421905 1 0 1 0.114145 0.921603 0.983302 0.251942
1 1 0.516436 0.509167 0.402448 0.331149 0.76687 0.537513 0.595533 0.581378 0.508918 0.500382 0.26351 0.520505 0.412962 0.418078 0.45821 0.465485 0.498515 0.371278
0.999993 0.00010531 0.475897 0.538774 0.56455 0.613776 0.66291 0.452884 0.610033 0.422477 0.560415 0.547033 0.748487 0.408629 0.560762 0.494485 0.380289 0.780544 0.577942 0.47095
0.99996 1.99574e-05 0.609791 0.563512 0.460448 0.279658 0.477681 0.341354 0.573626 0.612092 0.390685 0.721124 0.527371 0.606881 0.654118 0.470041 0.541143 0.720373 0.591139 0.360649
1 0.999973 0.535652 0.229369 0.256965 0.0903127 0.745038 0.734558 0.565565 0.603215 0.687085 0.107433 0.475906 0.209969 0.603048 0.763433 0.586876 0.361788 0.577959 0.484466
1 6.58826e-05 0.607361 0.501694 0.524671 0.373178 0.574707 0.486632 0.512201 0.442615 0.519526 0.502346 0.653652 0.516657 0.495509 0.593673 0.522084 0.557936 0.608974 0.413897
0.999936 1 0.549476 0.389582 0.516465 0.503602 0.67829 0.524078 0.447484 0.4685 0.428297 0.403008 0.444943 0.444388 0.537853 0.609406 0.476365 0.483217 0.52158 0.438785
1 7.31345e-06 0.711764 0.695383 0.507304 0.152671 1 0.312995 0.238076 0.688991 0.404055 0.543717 0.70498 0.251487 0.398702 0.395412 0.622914 0.788394 0.649095 0.152506
0.999926 2.39049e-05 0.618327 0.464593 0.538022 0.430235 0.376036 0.44587 0.444144 0.546331 0.461758 0.388602 0.605989 0.585367 0.519582 0.574599 0.421736 0.553747 0.605747 0.519805
0.99999 0 0.79533 0.458651 0.468236 0.321721 0.281667 0.604558 0.417858 0.437221 0.497476 0.868194 0.989139 0.762078 0.515631 0.799311 0.532908 0.359332 0.613007 0.780509
0.999785 0.000152343 0.538645 0.54185 0.530512 0.415873 0.477561 0.452717 0.616052 0.455939 0.380226 0.550416 0.832937 0.536787 0.741932 0.563303 0.562512 0.637739 0.482815 0.476413
1 0.999951 0.512234 0.419485 0.445226 0.425647 0.456154 0.556779 0.707952 0.340968 0.69814 0.56204 0.444379 0.177393 0.45791 0.624358 0.432449 0.405423 0.570971 0.396253
0.999991 1.87677e-05 1 0.479204 0.265405 0.610265 1 0.742912 0 0.517774 0.212509 0.625552 0.769991 0.216623 0.515249 0.838828 0.55849 0.683422 0.726656 0.560913
0.999964 0.999891 0.471409 0.632979 0.564556 0.469857 0.794762 0.433493 0.770094 0.512732 0.47389 0.365921 0.315513 0.662921 0.607958 0.489324 0.285617 0.780391 0.763075 0.477309
1 0 0.551176 0.566096 0.60092 0.123205 0.491007 0.442365 0.465083 0.496054 0.51967 0.631308 0.886758 0.590652 0.424397 0.604424 0.60896 0.575151 0.706656 0.361998
0.999955 5.42259e-05 0.583441 0.511366 0.530503 0.276541 0.388725 0.341839 0.628672 0.417136 0.499644 0.278424 0.722737 0.575967 0.468408 0.545409 0.682493 0.637025 0.514041 0.356672
1 0.000106391 0.521352 0.487113 0.51941 0.427982 0.540916 0.501475 0.604372 0.556294 0.533223 0.485344 0.590849 0.484938 0.514801 0.473257 0.453166 0.498907 0.502094 0.403684
0.999856 5.0686e-05 0.401195 0.499671 0.58616 0.496727 0.531383 0.463656 0.626401 0.540456 0.585256 0.444516 0.712485 0.438092 0.452257 0.491077 0.448552 0.557992 0.558894 0.43116
1 0 0.530273 0.512624 0.497573 0.441853 0.415471 0.447335 0.549308 0.515111 0.523972 0.488026 0.658526 0.509401 0.529881 0.547313 0.424308 0.564682 0.57951 0.458181
1 0.99998 0.503333 0.0189435 0.500188 0.329277 0.652275 0.688993 0.582982 0.612046 0.567486 0.380399 0.248534 0.237023 0.467607 0.582267 0.593376 0.142324 0.393452 0.406668
0.999992 0 0.590497 0.657002 0.683538 0 0.60842 0.39923 0.575773 0.566911 0.552354 0.654032 1 0.311419 0.419662 0.475752 0.660232 0.585158 0.546 0.33693
1 0 0.504236 0.588858 0.630037 0.283358 0.431263 0.427785 0.445134 0.582111 0.532402 0.471074 0.657366 0.640023 0.351722 0.501276 0.439747 0.478862 0.684364 0.431554
0.999988 0.999991 0.421865 0.599005 0.475545 0.675948 0.788997 0.508335 0.759244 0.545675 0.301471 0.59138 0.364488 0.551992 0.667222 0.307446 0.36795 0.883938 0.335206 0.281088
1 1 0.529961 0.394873 0.330978 0.401799 0.607383 0.477533 0.505516 0.48122 0.502854 0.492764 0.378099 0.542994 0.465082 0.630737 0.590882 0.513093 0.525446 0.371432
0.999929 0.999964 0.525978 0.405586 0.355401 0.432277 0.636596 0.708921 0.717477 0.475483 0.475204 0.507437 0.427041 0.451539 0.602025 0.546884 0.496428 0.552532 0.446234 0.373948
1 0.999944 0.55968 0.350714 0.646552 0.584035 0.78959 0.781015 0.548877 0.623979 0.362695 0.389672 0.564199 0.483704 0.525838 0.285139 0.38896 0.317291 0.244901 0.382798
1 0.999934 0.503335 0.302479 0.656857 0.508264 0.828475 0.847207 0.595034 0.658896 0.452106 0.234996 0.608572 0.391004 0.504166 0.321553 0.378597 0.297763 0.340452 0.525223
0.980643 1 0.527745 0.432579 0.458675 0.508591 0.536248 0.518554 0.533548 0.473682 0.466421 0.484738 0.426009 0.453401 0.476085 0.499055 0.480609 0.442397 0.440537 0.493705
1 0.99989 0.425434 0.210758 0.520395 0.518228 0.655074 0.610295 0.556289 0.496862 0.446564 0.432805 0.426374 0.459365 0.457286 0.554758 0.536879 0.451222 0.49827 0.345467
0.999981 2.77526e-05 0.50396 0.581946 0.57258 0.170135 0.706858 0.373151 0.438562 0.644098 0.478191 0.517861 0.701752 0.483655 0.41358 0.478979 0.663551 0.711591 0.63418 0.209836
0.999993 0.999987 0.53311 0.404308 0.547067 0.542625 0.325022 0.399142 0.802336 0.447925 0.462896 0.484539 0.329786 0.320163 0.750551 0.738127 0.425221 0.581272 0.437669 0.398077
0.999933 3.04458e-05 0.58024 0.496297 0.496833 0.314491 0.424357 0.432454 0.504697 0.568531 0.402812 0.478037 0.615595 0.608193 0.61545 0.59045 0.590612 0.522777 0.526794 0.472424
0.999955 1 0.638232 0.412793 0.546904 0.54512 0.762243 0.544617 0.439267 0.379443 0.39966 0.328586 0.467906 0.452111 0.546615 0.637733 0.471738 0.566554 0.535319 0.453075
0.999949 0 0.696341 0.496319 0.592437 0.25589 0.376996 0.418022 0.479924 0.467618 0.471166 0.538288 0.734558 0.55639 0.523414 0.614857 0.51381 0.56128 0.70851 0.451694
0.997698 0.000131097 0.608374 0.533529 0.509795 0.428425 0.498121 0.476068 0.486086 0.487986 0.512692 0.462799 0.613642 0.477659 0.52391 0.531691 0.435648 0.495086 0.548177 0.491658
1 0.999996 0.567542 0.567401 0.438244 0.35557 0.586436 0.48345 0.601554 0.582297 0.536192 0.489332 0.409824 0.433183 0.498409 0.459 0.419002 0.439839 0.448832 0.458928
0.999996 0.999971 0.641796 0.366507 0.261213 0.468093 0.398001 0.695851 0.698916 0.281739 0.493686 0.511758 0.606641 0.447601 0.556048 0.563618 0.576885 0.556368 0.402913 0.38971
0.999946 0 0.641315 0.522074 0.49469 0.387395 0.272024 0.440544 0.456295 0.415277 0.349464 0.769216 0.750292 0.524974 0.593313 0.660855 0.390821 0.539651 0.691024 0.483884
1 7.86116e-05 0.438175 0.472991 0.544435 0.494867 0.409864 0.484284 0.618877 0.643139 0.478699 0.424598 0.714545 0.471131 0.657872 0.528423 0.430412 0.523224 0.458618 0.524403
1 0.999963 0.645509 0.363336 0.392772 0.23956 0.779792 0.475051 0.427518 0.503071 0.562243 0.345232 0.270943 0.538912 0.487407 0.654225 0.534531 0.410379 0.719283 0.456376
1 0 0.572241 0.526268 0.551189 0.382978 0.518549 0.487687 0.528588 0.450801 0.541204 0.499938 0.712884 0.490406 0.472466 0.569743 0.474389 0.533848 0.607101 0.410212
1 0 0.647349 0.61887 0.508813 0.28497 0.41103 0.392166 0.419558 0.393633 0.416482 0.935338 0.676385 0.495888 0.515359 0.591996 0.356648 0.611187 0.74713 0.415313
0.999998 0.999997 0.537629 0.532903 0.386315 0.381083 0.56975 0.439309 0.528606 0.516545 0.539096 0.495207 0.459701 0.523863 0.493857 0.520587 0.466999 0.518922 0.581897 0.442772
0.999993 0.999985 0.572864 0.358711 0.535896 0.518256 0.372992 0.439981 0.767113 0.474196 0.402296 0.40492 0.330514 0.383918 0.773654 0.764943 0.468891 0.57926 0.412075 0.417336
0.999976 0.00011991 0.567144 0.579344 0.524613 0.503592 0.518577 0.425247 0.646596 0.46108 0.461575 0.528135 0.740452 0.477139 0.661124 0.509942 0.427453 0.751499 0.485836 0.495776
1 1 0.477674 0.572947 0.425927 0.485786 0.560973 0.482676 0.650389 0.491967 0.646156 0.515407 0.519294 0.359005 0.4619 0.464675 0.352128 0.503525 0.512678 0.441358
0.999983 0.999993 0.239743 0.219742 0.726633 0.483215 0.471249 0.50884 0.70314 0.63912 0.534344 0.533392 0 0.400311 0.0426634 0.59964 0.424722 0 0.666433 0.581812
1 2.73482e-05 0.434777 0.515274 0.461109 0.462802 0.422043 0.487023 0.240144 0.652916 0.416915 0.863874 0.601688 0.680777 0.495573 0.735643 0.206744 0.547148 0.836228 0.545844
0.999893 0 0.560311 0.414877 0.50252 0.466652 0.183173 0.50319 0.489934 0.625319 0.286653 0.623161 0.778912 0.529813 0.777289 0.65664 0.372735 0.438592 0.577908 0.604058
0.999935 5.3387e-06 0.681709 0.520889 0.592989 0.368989 0.452205 0.356269 0.456337 0.530102 0.386334 0.479653 0.727041 0.625677 0.651932 0.622614 0.402659 0.799133 0.799874 0.487116
1 1 0.567101 0.416813 0.369588 0.418681 0.647968 0.600542 0.704327 0.515616 0.496818 0.522896 0.261371 0.467098 0.539461 0.528756 0.503573 0.482993 0.438078 0.41652
0.999996 0.999943 0.472068 0.0670639 0.37759 0.424628 0.664029 0.579819 0.502098 0.577572 0.513985 0.400012 0.233489 0.424842 0.483735 0.563682 0.575606 0.359988 0.531001 0.336039
0.999957 1 0.676994 0.421643 0.513568 0.501889 0.68631 0.549625 0.487186 0.390489 0.405898 0.354411 0.489459 0.448733 0.578665 0.638126 0.481675 0.573836 0.516281 0.467666
1 0.999995 0.432112 0.382777 0.427768 0.470407 0.66215 0.578032 0.740776 0.556125 0.567356 0.529831 0.252178 0.327149 0.51994 0.5246 0.421092 0.462653 0.470264 0.370043
0.999962 2.09263e-05 0.605194 0.564342 0.582765 0.272938 0.517066 0.340242 0.496662 0.564598 0.443254 0.567952 0.700035 0.62172 0.603216 0.545089 0.50665 0.78837 0.702076 0.439888
0.999965 5.54997e-05 0.309101 0.612305 0.678493 0.137138 0.623833 0.326555 0.67441 0.666026 0.653759 0.48318 0.769076 0.656945 0.354904 0.37374 0.747206 0.770863 0.495784 0.291583
1 0 0.529203 0.490582 0.51832 0.421971 0.54426 0.496527 0.600491 0.554554 0.532689 0.485256 0.592091 0.488354 0.517146 0.473017 0.454807 0.504692 0.505672 0.396443
1 7.29385e-05 0.490389 0.583603 0.58457 0.440959 0.55346 0.422239 0.554898 0.545083 0.514385 0.417466 0.602756 0.568582 0.42323 0.438948 0.462546 0.561522 0.542133 0.436831
0.999997 1.31273e-05 0.688894 0.498741 0.41205 0.259262 1 0.175668 0 0.694877 0.0798014 0.0188508 0.121699 0 0.682587 0.288477 0.592404 0.756421 0.672214 0
1 4.09591e-06 0.597235 0.505237 0.553346 0.338227 0.356359 0.388155 0.530816 0.53734 0.498008 0.450448 0.669291 0.587335 0.47715 0.544543 0.473594 0.609969 0.625461 0.41879
0.999963 0 0.470567 0.561097 0.562084 0.378956 0.439064 0.42025 0.590609 0.603208 0.54105 0.343531 0.529385 0.578818 0.311027 0.418546 0.494994 0.422264 0.523151 0.365378
0.999985 1 0.539678 0.276112 0.297136 0.388594 0.716124 0.611414 0.371112 0.510619 0.347993 0.473755 0.366593 0.623321 0.607464 0.560515 0.605139 0.45841 0.359451 0.131401
1 0.999976 0.647709 0.397018 0.382384 0.259539 0.660475 0.375472 0.496015 0.457584 0.564342 0.402527 0.210908 0.513131 0.552969 0.749321 0.531992 0.481238 0.733769 0.437189
1 6.06901e-05 0.607689 0.643652 0.619668 0.299275 0.444873 0.350694 0.559496 0.41228 0.480218 0.601966 0.888269 0.541282 0.461836 0.475209 0.490493 0.724472 0.587808 0.416542
0.999947 6.86011e-05 0.399608 0.528069 0.587828 0.582505 0.565375 0.457205 0.448807 0.754889 0.286687 0.944989 0.678334 0.438951 0.766629 0.610015 0.253532 0.778377 0.753146 0.465604
0.999998 0.999937 0.63724 0.0594347 0.298094 0.359933 0.519383 0.624737 0.344797 0.442731 0.585415 0.367619 0.581092 0.334598 0.537285 0.69662 0.712792 0.324781 0.438484 0.296848
0.999933 6.8535e-05 0.324175 0.48989 0.647739 0.723095 0.461954 0.453859 0.395429 0.719961 0.276172 1 0.694874 0.498741 0.738864 0.6334 0.125999 0.822883 0.852147 0.489862
0.999963 2.66437e-06 0.469983 0.47073 0.564729 0.541216 0.499913 0.435873 0.633482 0.551009 0.607398 0.320637 0.610532 0.436923 0.415195 0.461473 0.412195 0.600852 0.526799 0.435993
0.999895 1.35418e-06 0.657575 0.44007 0.422083 0.353292 0.260218 0.435013 0.537606 0.455627 0.313675 0.400361 0.675106 0.64523 0.606658 0.654518 0.629895 0.5209 0.538626 0.405537
0.999997 0.999994 0.539896 0.441929 0.430497 0.417129 0.541308 0.496406 0.570319 0.475313 0.526487 0.495207 0.441316 0.429121 0.508516 0.583545 0.487584 0.488002 0.513692 0.421823
0.999696 0.000191996 0.637299 0.574006 0.514168 0.384676 0.454968 0.548214 0.481473 0.487245 0.474435 0.644393 0.853776 0.432505 0.528355 0.608234 0.333092 0.545132 0.590808 0.528762
1 0 0.569626 0.653318 0.556945 0.392323 0.54225 0.338284 0.561918 0.519623 0.437219 0.483991 0.664227 0.646163 0.537234 0.433303 0.539879 0.667873 0.538254 0.380632
0.99996 0.999988 0.497424 0.341665 0.348854 0.33931 0.489213 0.539808 0.565917 0.665342 0.404605 0.559206 0.339276 0.60475 0.548449 0.465959 0.555041 0.481302 0.404187 0.360163
1 7.55698e-05 0.549731 0.546637 0.570174 0.553137 0.54351 0.479731 0.430272 0.464234 0.442717 0.710058 0.773775 0.526838 0.614639 0.583341 0.298062 0.713556 0.722319 0.538974
0.999959 1 0.556177 0.426627 0.5002 0.484817 0.652559 0.536832 0.594567 0.486194 0.434658 0.487179 0.361232 0.403199 0.549109 0.544574 0.492368 0.501276 0.392275 0.411345
0.999997 0 0.412153 0.64539 0.6905 0.104226 0.552352 0.367321 0.578349 0.684018 0.523032 0.654254 0.936005 0.302189 0.471852 0.428974 0.525451 0.640702 0.583004 0.308932
0.99998 0 0.662789 0.604186 0.449285 0.588095 0.542792 0.348177 0.591654 0.396707 0.383478 0.720087 0.601654 0.546348 0.730712 0.469005 0.450106 0.840448 0.559659 0.437778
0.999998 1 0.590995 0.373502 0.442581 0.470764 0.720405 0.497459 0.637727 0.618301 0.452765 0.484191 0.0700381 0.473288 0.459281 0.47057 0.475296 0.341063 0.423265 0.445021
0.999999 0.99997 0.50072 0.193018 0.60233 0.801096 0.0878026 0.405175 0.529062 0.426792 0.235278 0.362371 0.7859 0.492939 1 0.821961 0.504757 0.772344 0.262197 0.362927
0.999986 8.89742e-05 0.293262 0.686094 0.690505 0.293626 0.674892 0.312702 0.737155 0.516178 0.731981 0.597366 0.820807 0.44736 0.336943 0.259921 0.585732 0.794075 0.433739 0.29742
1 1 0.629904 0.338874 0.439102 0.488653 0.756898 0.576312 0.570145 0.43805 0.411082 0.422594 0.298772 0.495204 0.491887 0.599629 0.529856 0.566676 0.456424 0.308221
0.999967 0 0.686848 0.545395 0.481122 0.343279 0.314254 0.422851 0.424622 0.306417 0.345737 0.86463 0.712778 0.550961 0.528393 0.712868 0.401004 0.592908 0.782675 0.398793
1 0.999995 0.601192 0.302742 0.331433 0.381228 0.785401 0.689123 0.504879 0.46841 0.463664 0.400323 0.38554 0.432506 0.4848 0.614273 0.603941 0.427814 0.376372 0.244279
0.999993 3.79086e-05 1 0.628967 0.407294 0.150588 1 0.385062 0.292524 0.652531 0.275185 0.398775 0.840405 0.218335 0.587328 0.349373 0.899281 0.755744 0.423174 0.239019
0.999929 0.999984 0.551887 0.394435 0.358849 0.41995 0.647366 0.67208 0.688614 0.543176 0.427974 0.49011 0.328174 0.505933 0.619453 0.528446 0.510847 0.5312 0.400172 0.404433
1 0.999934 0.0249091 0 0 0.797697 0 0.00984576 0.119248 0.828912 1 0.94531 0.863486 0.699244 0.0154882 1 0.101889 0.876833 1 0
0.99992 1.4013e-05 0.513827 0.565086 0.56342 0.396468 0.25301 0.499782 0.590702 0.637924 0.484188 0.471531 0.660125 0.546798 0.469372 0.520566 0.259963 0.48068 0.572846 0.525536
1 1 0.496883 0.277032 0.442824 0.451718 0.628699 0.549749 0.62352 0.547653 0.491935 0.508572 0.269923 0.357123 0.538811 0.532477 0.525976 0.423957 0.409055 0.379808
0.999957 0.999917 0.320214 0.25611 0.333405 0.464136 0.646604 0.414924 0.595195 0.455037 0.626201 0.634027 0.0518945 0.447417 0.423261 0.738975 0.507767 0.475786 0.731424 0.298486
0.994365 0.996308 0.501039 0.438679 0.524984 0.500094 0.640993 0.517456 0.464176 0.500609 0.456921 0.426994 0.483842 0.471616 0.484437 0.554145 0.463722 0.448427 0.532565 0.460661
1 3.94118e-05 0.508187 0.542151 0.583133 0.405129 0.451926 0.43985 0.546434 0.55505 0.522 0.454214 0.674293 0.546802 0.458491 0.514267 0.422995 0.572175 0.599528 0.464948
0.999867 0.999967 0.431897 0.316752 0.508035 0.560312 0.820212 0.622727 0.67571 0.466933 0.492444 0.448931 0.212443 0.469417 0.389696 0.572182 0.473546 0.508998 0.52615 0.397941
0.999936 0 0.576407 0.451118 0.497338 0.355253 0.317789 0.482074 0.423489 0.595997 0.283407 0.834053 0.658595 0.557538 0.753472 0.687595 0.340843 0.51558 0.704199 0.485479
1 3.77999e-05 0.659796 0.56955 0.474862 0.494146 0.432301 0.404695 0.575607 0.428648 0.369181 0.659226 0.708708 0.53301 0.691497 0.533698 0.452819 0.70255 0.529204 0.484698
1 0.000103918 0.538341 0.509337 0.625783 0.426895 0.558849 0.361578 0.523511 0.428042 0.53073 0.406974 0.829169 0.548468 0.520633 0.530764 0.530273 0.782404 0.647714 0.437812
0.999992 0.999949 0.438111 0.405706 0.712746 0.569173 0.898222 0.880535 0.679544 0.706121 0.316784 0.292535 0.574135 0.465836 0.606645 0.265805 0.30428 0.383747 0.244923 0.450066
0.98583 0 0.571322 0.555863 0.519228 0.420424 0.490982 0.437889 0.518291 0.511294 0.466815 0.481147 0.574448 0.544013 0.47676 0.474977 0.479508 0.514974 0.5098 0.487695
0.999997 6.63134e-06 0.688894 0.532113 0.337434 0.32037 1 0.219013 0.10245 0.785142 0 0.138057 0.0238296 0 0.821633 0.382667 0.499989 0.759963 0.63382 0
0.99993 1.33049e-05 0.467397 0.511506 0.552539 0.312376 0.272448 0.395038 0.692495 0.603521 0.411878 0.538319 0.828626 0.495661 0.664662 0.48548 0.567819 0.539918 0.442004 0.441903
0.999957 0.999904 0.224076 0.233852 0.428489 0.690317 0.441885 0.533804 0.777253 0.411266 0.578375 0.684569 0.262119 0.364207 0.466142 0.570526 0.415222 0.531225 0.533267 0.312035
1 0.999997 0.545873 0.409627 0.422859 0.428958 0.524345 0.532377 0.590866 0.486044 0.5307 0.482013 0.420891 0.428612 0.500595 0.527567 0.480097 0.479071 0.486756 0.409608
0.999997 0.999994 0.40258 0.337845 0.380088 0.447899 0.692889 0.514369 0.649987 0.590813 0.509545 0.53756 0.185816 0.431469 0.494325 0.509439 0.476365 0.482602 0.46762 0.28678
0.999905 0 0.592696 0.542642 0.54063 0.345993 0.396814 0.338072 0.554156 0.587523 0.468837 0.252303 0.540262 0.617317 0.492453 0.484419 0.488787 0.540576 0.583662 0.375384
0.999964 1 0.612753 0.453967 0.36722 0.403127 0.626231 0.618608 0.68257 0.556253 0.44744 0.513291 0.334248 0.510705 0.561746 0.460096 0.506754 0.506017 0.378564 0.447485
1 0 0.681168 0.523389 0.515708 0.132719 0.450927 0.343183 0.409397 0.599075 0.362426 0.673973 0.557598 0.722726 0.590375 0.640773 0.557361 0.698559 0.782075 0.4035
0.999971 3.95508e-05 0.491641 0.582759 0.571215 0.448292 0.596349 0.412993 0.563377 0.518494 0.525024 0.415861 0.579908 0.550549 0.420576 0.403235 0.496238 0.566654 0.506351 0.397715
1 1 0.549824 0.396407 0.355512 0.397424 0.505606 0.568124 0.630358 0.452504 0.536127 0.568613 0.405149 0.438221 0.446408 0.518192 0.515306 0.443377 0.483316 0.350364
0.999978 1.83026e-05 0.574832 0.557474 0.615571 0.32046 0.569057 0.391224 0.5057 0.490986 0.547661 0.542373 0.74661 0.545603 0.463694 0.553192 0.452146 0.746037 0.75246 0.403896
0.99996 5.03098e-05 0.607478 0.600367 0.402122 0.497315 0.47795 0.316902 0.755755 0.487116 0.460457 0.535503 0.407645 0.551899 0.611919 0.362494 0.564333 0.7785 0.403259 0.358412
1 0.999996 0.506814 0.3804 0.40469 0.63047 0.357067 0.367216 0.556619 0.492593 0.297955 0.612886 0.470645 0.468294 0.848565 0.502755 0.504413 0.698913 0.256759 0.135213
0.999964 1 0.461875 0.713511 0.470413 0.454472 0.796085 0.423953 0.773554 0.469867 0.867417 0.675495 0.424666 0.410884 0.342025 0.739424 0.138176 0.699706 0.873622 0.46614
1 0.999956 0.534788 0.385176 0.387971 0.479855 0.63365 0.620995 0.579415 0.381638 0.480689 0.498945 0.477665 0.465378 0.492129 0.57299 0.494751 0.533627 0.543472 0.275722
1 1 0.563248 0.53647 0.353322 0.375843 0.491546 0.424064 0.489008 0.504865 0.544777 0.526387 0.506263 0.482254 0.492119 0.546632 0.49674 0.479111 0.529094 0.436135
1 0 0.56852 0.686956 0.567591 0.399655 0.588294 0.329953 0.545473 0.50251 0.426979 0.516519 0.675431 0.670144 0.546272 0.421488 0.538876 0.706598 0.553754 0.383481
0.999997 1.89598e-05 0.740654 0.601659 0.526245 0.0752942 0.789882 0.395722 0.348975 0.588507 0.42006 0.558868 0.87479 0.419533 0.428503 0.465154 0.787492 0.673549 0.615225 0.23836
0.999913 8.30551e-05 0.56564 0.543642 0.541659 0.406791 0.464382 0.485606 0.516516 0.492083 0.452712 0.567927 0.727339 0.531266 0.575902 0.582454 0.419818 0.582085 0.596775 0.504084
0.999992 0.999976 0.537329 0.234863 0.267167 0.486507 0.305894 0.516452 0.580314 0.326835 0.498645 0.549095 0.450677 0.441383 0.54952 0.601875 0.583998 0.548118 0.392708 0.252271
0.999998 0.999961 0.652064 0.0794393 0.225978 0.26719 0.51841 0.607272 0.307597 0.469972 0.63042 0.373909 0.47684 0.375771 0.429772 0.70564 0.723875 0.221072 0.474567 0.280663
0.999928 8.10784e-05 0.50453 0.587144 0.57228 0.440943 0.557157 0.448815 0.538095 0.522261 0.483129 0.482168 0.643676 0.555969 0.474258 0.474814 0.452656 0.557202 0.549419 0.462333
1 1 0.499681 0.304109 0.333955 0.346613 0.409988 0.524283 0.556683 0.537369 0.485817 0.618987 0.360417 0.510615 0.428439 0.515555 0.56471 0.401817 0.461317 0.282479
0.999998 0.999998 0.197604 0.109871 0.548786 0.607297 0.264123 0.384416 0.770185 0.628728 0.438412 0.566443 0 0.398636 0.339402 0.847403 0.500984 0.25204 0.556247 0.462524
1 8.15302e-06 0.717807 0.588851 0.336771 0.346388 0.345342 0.325248 0.644419 0.529307 0.322457 0.682153 0.417938 0.656349 0.62175 0.454889 0.614188 0.677357 0.458422 0.37976
0.999958 0.999982 0.528069 0.367872 0.356147 0.375186 0.536116 0.526636 0.53203 0.584841 0.437224 0.532824 0.429397 0.504892 0.590134 0.49524 0.513204 0.549886 0.432017 0.28638
0.999992 0.999976 0.537329 0.234863 0.267167 0.486507 0.305894 0.516452 0.580314 0.326835 0.498645 0.549095 0.450677 0.441383 0.54952 0.601875 0.583998 0.548118 0.392708 0.252271
1 5.00333e-05 0.522622 0.612439 0.5809 0.408711 0.550448 0.405319 0.561448 0.496124 0.502506 0.53615 0.735117 0.566811 0.537741 0.496469 0.455969 0.700146 0.60057 0.432553
1 1 0.503979 0.156588 0.110365 0.113398 0.566653 0.468385 0.513848 0.521724 0.679815 0.441431 0.00856541 0.361145 0.389051 0.853521 0.695449 0.279742 0.65357 0.283678
0.999979 0.999969 0.528893 0.403571 0.313143 0.382795 0.534329 0.610184 0.645546 0.521238 0.496565 0.560929 0.482837 0.434558 0.603119 0.496268 0.502473 0.552347 0.434552 0.309186
1 1 0.473311 0.322564 0.206107 0.29793 0.685227 0.660329 0.696785 0.568787 0.654153 0.538195 0.221611 0.221251 0.486171 0.489778 0.577625 0.367383 0.322289 0.226486
1 1 0.579217 0.451134 0.494489 0.413614 0.520372 0.49704 0.55115 0.498544 0.513078 0.457091 0.490279 0.421736 0.509735 0.567952 0.480752 0.4405 0.496099 0.495856
1 0.999953 0.458173 0.153134 0.454542 0.507861 0.610316 0.55964 0.602982 0.495081 0.472316 0.492632 0.283403 0.369317 0.554635 0.614542 0.569145 0.455147 0.462651 0.336426
0.999919 0.999984 0.709639 0.512723 0.53336 0.183383 0.827582 0.710516 1 0.501728 0.746895 0.28776 0.242429 0 0.890345 0.943742 0.382886 0.23801 0.378168 0.541011
1 0.999996 0.534163 0.500816 0.461463 0.42001 0.573588 0.499946 0.594495 0.554936 0.527641 0.488928 0.440408 0.419669 0.503699 0.47901 0.44193 0.442717 0.454369 0.464673
1 0.999978 0.594557 0.342672 0.41475 0.386239 0.461749 0.536083 0.570799 0.4464 0.475576 0.514512 0.419461 0.489751 0.453847 0.590498 0.545432 0.47241 0.504459 0.357985
1 0.99993 0.510941 0.417272 0.493578 0.433747 0.572729 0.498271 0.543831 0.514315 0.486502 0.477989 0.453843 0.475908 0.459489 0.536836 0.48952 0.46107 0.517157 0.421821
