1 1 1 1 1 1 0 1 1 0.244855 0 1 0.266513 1 1 1 0.971085 0.20435 1 0
1 1 1 0 1 1 1 0 1 1 0.391854 0.764931 0.339972 1 1 1 1 1 1 1
1 1 0 0.250362 0.0591585 1 1 0.999756 1 0 1 1 0.312227 0.0467407 1 1 1 1 1 1
1 0 0.82604 0.5 1 1 1 0.435123 0.386998 1 0.764747 0.104388 0.101076 1 1 1 0.83819 1 1 1
0 0.436151 0.664329 0.49871 0 0 0 0 0 0 0 0 1 0 0 0 0 0 0 0
0.55905 0.188763 0.183679 0.492984 0 0 0 0 0 0 0 0 1 0 0 0 0 0 0 0
1 0 0 1 0.5 0.605469 0.601562 0 0 0 0.125 0 0.998952 0 0.711893 0.161497 0 0.375 0.125 0
0 1 0 0 0 0 0 0.999546 0 1 0 0 0.000453949 1 0 0 1 1 0 0
0 1 1 0.998364 0 0 0 0 0 1 1 0 0 0 0 0 1 1 0 0
1 1 0.0093738 1 0.702785 0.5 0.375 0 0.5 0 0 1 1 0.638428 0.202027 0.721364 0 0 0 0
1 0.832693 0 0 0.25 0.75 0 0.284056 0 0 0.805063 0.00424029 0.667281 0 0 0.872025 0.5 0.253704 0.992188 1
0.50814 0 0.243899 0.356093 0 0 0 0 0 0 0 0 1 0 0 0 0 0 0 0
0.0241177 1 1 0.00116472 0 0 0 0 0 0 0 0 1 0 0.216923 0 0 0 0 0
1 0 0.921194 0.994024 0 0 0 0 0 0 0 0 1 0 0 0.00604446 0 0 0 0
0 1 1 0.656228 0 0.00531105 0.796875 0 0 1 1 0 0 0 0.425286 0 1 0.825859 0.907454 0
1 0 0.332138 0 0 0 0 0 0 0 0.03125 0 0.991146 0 0.152929 0 0 0 0.03125 0
1 0 0 1 0 0 0.00878906 0 0 0 0 0 1 0 0.0129933 0 0 0 0 0
1 0 1 0.0538157 0 0 0 0 0 0 0 0 1 0 0.0603887 0.0317334 0 0 0 0
0.123467 0 1 0.140672 0 0 0 0 0 0 0 0 1 0 0 0 0 0 0 0
0.145743 1 0 0.98188 0 0 0 0 0 0.0117188 0 0 1 0.0117188 0 0 0 0 0 0
0.0391341 1 1 0.982164 0 0 0 0 0 0 0 0 1 0 0.0703125 0 0 0 0 0
0 1 0 0 1 1 1 1 1 1 1 1 0 1 1 0.980996 0.54599 0.0754644 0 1
0.435386 0 0 0.028134 0 0 0 0 0 0 0 0 1 0 0 0 0 0 0 0
1 0.0247836 0 0 1 1 0 0 0 0 1 0.0169612 0.704687 0 0 1 0 0.0301982 1 0
0.0469554 1 0 1 0 0 0 0.000488281 0 0.000488281 0 0 0.999512 0.000488281 0 0 0 0 0 0
1 1 0.419989 0.493343 0.0273154 0.0532942 0.00980561 0.1875 0.0625 0.0206904 0 0.0651285 0.965809 0.06759 0.0696678 0.25 0.869251 0.00567639 0.0566881 0
1 0.0135243 0 1 0.5 0.398388 1 0 0 0 0.015625 0 0.998118 0 1 0 0 0.5 0.0580433 0.0095534
0 1 1 0.439126 0 0 0.335938 0 0 0.5 0.5 0 0.5 0 0.21875 0 0.375 0 0.528476 0
0.289995 0 0.105825 1 0 0 0 0 0 0 0 0 1 0 0 0 0 0 0 0
1 0 1 0.266288 0 0 0 0 0 0 0 0 1 0 0.0234375 0.0181334 0 0 0 0
0.486949 0 0.325313 0.0232131 0 0 0 0 0 0 0 0 1 0 0 0 0 0 0 0
1 1 0.547685 0.0208325 0 0 0 0 0 0 0 0 1 0 1 0 0 0 0 0
1 1 0.267279 0.985446 0 0 0 0 0 0 0 0 1 0 0.361114 0 0 0 0 0
1 0.343125 0.083469 0.574706 0 0 0 0 0 0 0.344865 0.00135436 0.896084 0 0.0231934 0.354012 0 0 0.34375 0
0.0599866 0 0.664329 0.872846 0 0 0 0 0 0 0 0 1 0 0 0 0 0 0 0
1 0 0 0.0176267 0 0 0 0 0 0 0 0 1 0 0 0 0 0 0 0
0.337162 0 1 1 0 0 0 0 0 0 0 0 1 0 0 0 0 0 0 0
0.567508 0.554345 0.684571 0.0711503 0 0 0 0 0 0 0 0 1 0 0 0 0 0 0 0
0.0821353 1 0.170609 0.655201 0 0 0 0 0 0 0 0 1 0 0 0 0 0 0 0
0.760474 0 1 0.5 0 0 0 0 0 0 0 0 1 0 0 0 0 0 0 0
0.223644 0 0.5 0.557496 0 0 0 0 0 0 0 0 1 0 0 0 0 0 0 0
1 0.577579 0 0 0 0 0 0 0 0 0.258649 0 0.922063 0.0024505 0.017395 0.265509 0 0 0.257812 0
0.805395 0 0.291551 0.10817 0 0 0 0 0 0 0 0 1 0 0 0 0 0 0 0
0.915661 0 1 1 0 0 0 0 0 0 0 0 1 0 0 0.00604446 0 0 0 0
0.964917 0.331497 1 0.560251 0 0 0 0 0 0 0 0 1 0 0 0 0 0 0 0
1 0.307043 0 0.962291 0 0 0.101562 0 0 0 0 0 1 0 0.697544 0.036497 0 0 0 0
0.330866 1 0.214994 0.996361 0 0 0 0 0 0 0 0 1 0 0 0 0 0 0 0
1 0 0 1 0 0 0 0 0 0 0 0 1 0 0.00422859 0 0 0 0 0
0.245294 0.184868 0 0.178956 0 0 0 0 0 0 0 0 1 0 0 0 0 0 0 0
1 0 1 0.00756786 0 0 0 0 0 0 0 0 1 0 0 0 0 0 0 0
1 1 0 0.778486 0 0 0 0 0 0 0 0.00125278 1 0 0 0.00950224 0.102005 0 0 0
0.350408 1 0.00217932 0.404934 0 0 0 0 0 0 0 0 0.999954 0 0 0 0 0 0 0
0.558251 0.522593 0 0.858831 0 0 0 0 0 0 0 0 1 0 0 0 0 0 0 0
1 0 1 0.00756786 0 0 0 0 0 0 0 0 1 0 0 0 0 0 0 0
1 0.949433 0.506755 0.0925601 0 0 0 0 0 0 0 0 0.5 0.5 0.660156 1 0 0.5 0 0
0.147121 0.571818 0.555538 1 0 0 0 0 0 0 0 0 1 0 0 0 0 0 0 0
1 0 1 0.91405 0.09375 0 0 0 0 0 0 0 1 0 0.0585938 0.0718236 0 0 0 0
0.162934 0.724767 0.760241 0.0042847 0 0 0 0 0 0 0 0 1 0 0 0 0 0 0 0
0.280813 1 0.506404 0.136993 0 0 0 0 0 0 0 0 1 0 0 0 0 0 0 0
0.592083 0.300389 0 0.452757 0 0 0 0 0 0 0 0 1 0 0 0 0 0 0 0
0.239864 0 1 0.140672 0 0 0 0 0 0 0 0 1 0 0 0 0 0 0 0
1 0 0 0.13722 0 0 0 0 0 0 0 0 1 0 0 0 0 0 0 0
1 0.525092 0 0 0 0 0 0 0 0 0 0 1 0 0 0 0 0 0 0
0.467055 0 0 1 0 0 0 0 0 0 0 0 1 0 0 0 0 0 0 0
0.0677361 1 1 0.0355525 0 0 0 0 0 0 0 0 1 0 0.078267 0 0 0 0 0
0.486163 0 0 0.516197 0 0 0 0 0 0 0 0 1 0 0 0 0 0 0 0
0.317049 0.787688 0.00871727 0.894453 0 0 0 0 0 0 0 0 1 0 0 0 0 0 0 0
1 0 0.329378 0.711162 0 0 0 0 0 0 0 0 1 0 0 0 0 0 0 0
1 0 0 0.153331 1 1 1 0 0.860481 1 1 0.104388 0.100378 1 1 1 0.83819 1 1 1
0.313932 0 1 0 0 0 0 0 0 0 0 0 1 0 0 0 0 0 0 0
1 0 0.200496 1 0 0.00339897 0.500366 0 0 0 0 0 1 0 0.159677 0 0 0 0.0706391 0
1 1 0.983111 0.348694 0 0 0 0 0 0 0 0 1 0 0.0234375 0 0 0 0 0
0.458782 0 0.11403 0 0 0 0 0 0 0 0 0 1 0 0 0 0 0 0 0
0.200472 0.0416511 0 1 0 0 0 0 0 0 0 0 1 0 0 0 0 0 0 0
0 1 0 0.983104 0 0.75 0 1 0.75 0.0285645 0 0 0 0.0168457 0 0 0 1 1 0
0.0364794 1 0 0 0 0 0 7.62939e-06 0 0 0 0 0.999992 0 0 0 0 0 0 0
0.709568 0 0.773731 1 0 0 0 0 0 0 0 0 1 0 0 0 0 0 0 0
0.572168 0 0.738309 0 0 0 0 0 0 0 0 0 1 0 0 0 0 0 0 0
0 1 1 1 0 0 0 0 0 1 1 0.000304731 0 0 0 0 1 1 0 0
1 0.58023 0 0.976932 0 0 0 0 0 0 0 0.00216698 1 0 0.081681 0 0 0 0 0
0.0505421 1 1 0.652869 0 0 0 0 0 0 0 0 1 0 0.09375 0 0 0 0.0284758 0
0.0246704 1 0 0.494601 0 0 0 0.000976562 0 0.000976562 0 0 0.999023 0.000976562 0 0 0 0 0 0
1 0.545388 0.591675 1 0 0 0 0 0 0 0 0 1 0 0 0 0 0 0 0
0.165844 1 1 1 0 0 0 0 0 0 0 0 1 0 0.0351562 0 0 0 0 0
0.905028 1 0 1 0 0 0 0 0 0 0 0.000101577 1 0 0 0 0 0 0 0
0.758896 0 0.0333107 0.707119 0 0 0 0 0 0 0 0 1 0 0 0 0 0 0 0
0.555677 1 1 0.061878 0 0 0 0 0 0 0 0 1 0 0 0 0 0 0 0
0.736065 0.361203 0 0.760873 0 0 0 0 0 0 0 0 1 0 0 0 0 0 0 0
0.484154 0 0.976145 6.54799e-05 0 0 0 0 0 0 0 0 1 0 0 0 0 0 0 0
1 0 0.166069 0 0 0 0 0 0 0 0.015625 0 0.995573 0 0.0764645 0 0 0 0.015625 0
0.110066 1 0 0.00715704 0 0 0 0.00012207 0 0.00012207 0 0 1 0.0148251 0 0 0 0 0 0
0.0759681 1 0.00435863 0.997159 0 0 0 0.0263672 0 0.0761719 0 0 0.973633 0.0761719 0.0457513 0 0 0 0 0
0.0178145 1 1 0.919883 0 0 0 0 0 0 0 0 1 0.00178528 0 0 0 0 0 0
1 1 0.0703795 0.207795 0 0 0 0 0 0 0 0 1 0.00987473 0 0 0.363502 0 0 0
0.95694 0.0999071 0 0.669873 0 0 0 0 0 0 0 0 1 0 0 0 0 0 0 0
0.349051 0 0 1 0 0 0 0 0 0 0 0 1 0 0 0 0 0 0 0
0.187932 1 0.558883 0.783458 0 0 0 0 0 0 0 0 1 0 0 0 0 0 0 0
1 0 0.5 1 0.5 0.492747 0.0168457 0 0 0 0 0 0.986517 0 0.514375 0.494459 0 0.5 0.0442574 0
0.898841 0 0.166221 0.00881333 0 0 0 0 0 0 0 0 1 0 0 0 0 0 0 0
0.128608 0.285909 1 0.874136 0 0 0 0 0 0 0 0 1 0 0 0 0 0 0 0
1 0.105334 0 0 0.5 0.5 0 0 0 0 0.511719 0.00848058 0.849023 0 0 0.574335 0 0.0150991 0.511719 0
1 0.165502 0 0 0 0 0 0 0 0 0.517297 0 0.844125 0 0.03479 0.531018 0 0 0.515625 0
0 1 1 0.000823235 0 0 0 0 0 0 0 0 1 0 0.984544 0 0.117071 0 0.0769543 0
0.93813 0 0.476737 0 0 0 0 0 0 0 0 0 1 0 0 0 0 0 0 0
0.92183 0 0.80468 0.990339 0 0 0 0 0 0 0 0 1 0 0 0 0 0 0 0
1 0.0299197 0.210356 0.199959 0 0 0 0 0 0 0 0 1 0 0.0367126 0.127682 0 0 0 0
0.120105 0 1 0.748272 0 0 0 0 0 0 0 0 1 0 0 0 0 0 0 0
0.986818 0 0.0351645 0.229773 0 0 0 0 0 0 0 0 1 0 0 0 0 0 0 0
0.352389 0 1 0.547975 0 0 0 0 0 0 0 0 1 0 0 0 0 0 0 0
0.420963 0 0.384894 0 0 0 0 0 0 0 0 0 1 0 0 0 0 0 0 0
0.269595 0.545398 0 0 0 0 0 0 0 0 0 0 0.999969 0 0 0 0 0 0 0
0.620524 0 0 1 0 0 0 0 0 0 0 0 1 0 0 0 0 0 0 0
1 0.181652 0 0.994875 0 0 1 0 0 0 0 0 1 0 1 0 0 0 0 0
0.589553 0.420109 0 1 0 0 0 0 0 0 0 0 1 0 0 0 0 0 0 0
0.416089 0 1 1 0 0 0 0 0 0 0 0 1 0 0 0 0 0 0 0
1 0 0.278054 0 0 0 0 0 0 0 0.0078125 0 0.997787 0 0.764496 0.35133 0 0 0.0078125 0
0 1 1 0.344553 0 0 0 0 0 0 0 0 1 0 0.460273 0 0.025303 0 0.0933105 0
0.243078 0 0.879979 0 0 0 0 0 0 0 0 0 1 0 0 0 0 0 0 0
0 1 0.0516201 1 0.239983 1 0.620807 0.990369 1 0.241934 0.877598 0 0.0165159 0.271816 0 0.256231 0.0241171 0.592931 1 0.568317
0 1 0.0755898 0 0.5 0.168192 0.668826 1 0.666937 1 0.70578 0.305509 0 0.947723 0.778937 0.00553453 1 1 0.70524 1
1 0 0 1 0 0 0.0161133 0 0 0 0 0 1 0 0.0101643 0 0 0 0 0
1 0.527703 0.429316 0.324775 0 0 0 0 0 0 0 0 1 0 0 0 0 0 0 0
0.18856 0.26817 0 0.749208 0 0 0 0 0 0 0 0 1 0 0 0 0 0 0 0
1 0.110251 0 0.354788 0 0 0 0 0 0 0 0 1 0 0 0 0 0 0 0
0.0899865 1 1 1 0 0 0 0 0 0 0 0.000609463 1 0 0 0 0 0 0 0
0.842463 0 1 0.410595 0 0 0 0 0 0 0 0 1 0 0 0 0 0 0 0
0 1 0.0619734 0.0107356 0 0 0 0.9093 0 1 0 0 0.0852563 1 0 0 0.948328 0.871154 0 0
1 0.857089 0 1 0 0 0 0 0 0 0 0 1 0 0 0 0 0 0 0
0.295108 0.377526 0 1 0 0 0 0 0 0 0 0 1 0 0 0 0 0 0 0
1 1 0 1 0 0 0 0 0 0 0 0 1 0 0.0179796 0 0 0 0 0
0.169498 0 1 0.997622 0 0 0 0 0 0 0 0 1 0 0.00878906 0 0 0 0 0
0.696944 0.0506947 0.405489 0.993901 0 0 0 0 0 0 0 0 1 0 0 0 0 0 0 0
0.0169245 0.584678 1 0 0 0 0 0 0 0 0 0 1 0 0 0 0 0 0 0
1 0.286227 1 0 0 0 0 0 0 0 0 0 1 0 1 0 0 0 0 0
0.183437 0 0.342686 0.00435245 0 0 0 0 0 0 0 0 1 0 0 0 0 0 0 0
0.0156204 1 0 0 0 0 0 1 0 1 0 0 0 1 0 0 0 0 0 0
0.769069 0.579249 0.79352 1 0 0 0 0 0 0 0 0 1 0 0 0 0 0 0 0
1 0 0.0175822 0.183713 0 0.421875 0 0 0 0 0.5 0 1 0 0 0.5 0 0 0.5 0
0.583039 0 0 0.0174098 0 0 0 0 0 0 0 0 1 0 0 0 0 0 0 0
0.288575 0 0.981278 0.874136 0 0 0 0 0 0 0 0 1 0 0 0 0 0 0 0
1 0 1 0.00756786 0 0 0 0 0 0 0 0 1 0 0 0 0 0 0 0
0.717147 1 0.822475 1 0 0 0 0 0 0 0 0 1 0 0 0 0 0 0 0
0.120351 1 0 0.999784 0 0 0 0 0 0 0 0 1 0 0 0 0 0 0 0
0.494049 0.481153 0 0.00120924 0 0 0 0 0 0 0 0 0.999969 0 0 0 0 0 0 0
0.277959 0 1 0 0 0 0 0 0 0 0 0 1 0 0.160473 0 0 0 0 0
0.838824 0 0 0 0 0 0 0 0 0 0 0 1 0 0 0 0 0 0 0
0.65793 0.25 0.529661 0.035482 0 0 0 0 0 0 0 0 1 0 0 0 0 0 0 0
0.773516 0 1 0.160137 0 0 0 0 0 0 0 0 1 0 0 0 0 0 0 0
0.177473 0 0.962555 0.748272 0 0 0 0 0 0 0 0 1 0 0 0 0 0 0 0
0.0544881 0 1 0 0 0 0 0 0 0 0 0 1 0 0 0 0 0 0 0
0 1 0 0 0.5 0.5 0.5 1 0.5 1 0.5 0.5 0 1 0.5 0.480996 0.0459901 0.0301858 0 0.5
1 0 1 0.288069 0 0 0 0 0 0 0 0 1 0 0 0.00226667 0 0 0 0
1 0 1 0.148716 0.366298 0.0322169 0.09375 0 0 0 0 0 1 0 0.909485 0.887089 0 0 0 0
0.131812 0.668674 0.841218 0.00822791 0 0 0 0 0 0 0 0 1 0 0 0 0 0 0 0
0.331372 0.377526 0 0.603686 0 0 0 0 0 0 0 0 1 0 0 0 0 0 0 0
1 0.342181 0 0.477966 0 0 0 0 0 0 0 0 1 0 0.714864 0 0 0 0 0
0 1 1 0.000291181 0 0 0 0 0 0 0 0 1 0 0.00524103 0 0 0 0 0
1 0 0.20705 1 0 0.0495624 1 0 0 0 0 0 0.995575 0 1 0.15625 0 0 0.197124 0
1 0 1 0.644712 1 0.167644 0.578125 0 0 0 0 0.000642068 1 0 1 1 0 0 0 0
0.243163 1 0 0.630315 0 0 0 0.000488281 0 0.000488281 0 0 1 0.000488281 0 0 0 0 0 0
0.497002 1 0.604348 0.65512 0 0 0 0 0 0 0 0 1 0 0 0 0 0 0 0
0 1 0.0653878 0 1 0.593949 1 0.184417 1 1 1 0.869787 0.100376 0.75 1 1 1 0.472447 1 1
0.414301 0 0.503611 0 0 0 0 0 0 0 0 0 1 0 0 0 0 0 0 0
0.595317 0 0.102904 0.712187 0 0 0 0 0 0 0 0 1 0 0 0 0 0 0 0
0.785096 0 0 1 0 0 0 0 0 0 0 0 1 0 0 0 0 0 0 0
0 1 0.122561 1 0.41997 1 0.620807 0.795218 1 0.280068 1 0.00243785 0.0293301 0.282698 0.446789 0.463954 0.417205 0.343039 1 0.994554
0.18192 0 1 1 0 0 0 0 0 0 0 0 1 0 0 0 0 0 0 0
0.40232 1 0.0186063 1 0 0 0 0 0 0 0 0 1 0 0 0 0 0 0 0
1 1 0.705724 0.408538 0 0 0 0 0 0 0 0.00325047 1 0 0.25 0 0 0 0 0
0.335727 0 0.237434 0.0338566 0 0 0 0 0 0 0 0 1 0 0 0 0 0 0 0
1 0 0.937298 0.00308281 0.212453 0.0169451 0.046875 0 0 0 0 0 1 0 0.959332 1 0 0 0 0
0.432976 0.199536 0 0.405681 0 0 0 0 0 0 0 0 1 0 0 0 0 0 0 0
0.031772 1 1 0.990948 0 0 0 0 0 1 1 0 0 0 0 0 1 1 0 0
0.223198 0 0.358012 0 0 0 0 0 0 0 0 0 1 0 0 0 0 0 0 0
0.794658 0.521023 0.129335 0.746492 0 0 0 0 0 0 0 0 1 0 0 0 0 0 0 0
1 0.366009 0.0046869 0.996868 0 0 1 0 0 0 0 0 1 0 1 0.5 0 0 0 0
1 0.191486 0.548965 0.00378393 0 0 0 0 0 0 0 0 1 0 0.131757 0 0 0 0 0
1 0.171422 0.994933 0.713743 0.5 0.083822 0 0 0 0 0 0.000321034 1 0 0.375 0.5 0 0 0 0
0.0443842 1 0 1 0 0 0 0 0 0.0332031 0 0 1 0.0332031 0 0 0 0 0.125 0
1 0.289748 0 0.760873 0 0 0 0 0 0 0 0 1 0 0 0 0 0 0 0
0.156567 0.961032 0.734356 0.996191 0 0 0 0 0 0 0 0 1 0 0 0 0 0 0 0
0.733417 0 1 1 0 0 0 0 0 0 0 0 1 0 0 0 0 0 0 0
0.010693 1 0 0.999892 0 0 0 0 0 0 0 0 1 0.120101 0 0 0 0 0 0
1 1 0.171832 0.966282 0 0 0 0 0 0 0 0 1 0 0.0937603 0 0 0 0 0
0.262742 0.303348 1 0 0 0 0 0 0 0 0 0 1 0 0 0 0 0 0 0
0.808665 1 0.140759 0.00405556 0 0 0 0 0 0 0 0 1 0 0 0 0 0 0 0
0.451317 0.361443 0.452298 1 0 0 0 0 0 0 0 0 1 0 0 0 0 0 0 0
1 0.166801 0.331191 0.957025 1 0.974211 1 0 0 0 0 0 1 0 1 0.0359118 0 1 0 0
0.907049 0 0 0.0971118 0 0 0 0 0 0 0 0 1 0 0 0 0 0 0 0
0.756956 0 0.206473 0 0 0 0 0 0 0 0 0 1 0 0 0 0 0 0 0
1 0.225143 0.0585412 0.869532 0 0 0 0 0 0 0 0 1 0 0.252114 0 0 0 0 0
0.727669 0.838964 0.00930313 0.0737408 0 0 0 0 0 0 0 0 1 0 0 0 0 0 0 0
1 0.295362 0 0 0 0 0 0 0 0 0.172432 0 1 0 0.275116 0.052006 0 0 0.143531 0
0.00495 0.96587 0 0 0 0 0 1 0 1 0 0 0 0.93995 0 0 0 0 0 0
0.0784744 1 0 0 0 0 0 3.8147e-06 0 0 0 0 0.999996 0 0 0 0 0 0 0
1 0.95204 0 0.400097 0 0 0 0 0 0 0 0 1 0 0 0 0 0 0 0
0.894881 0 0.34767 0.980678 0 0 0 0 0 0 0 0 1 0 0 0 0 0 0 0
0.70773 0 0 0 0 0 0 0 0 0 0 0 1 0 0 0 0 0 0 0
0 1 0.0641168 0.998857 0 1 1 1 1 0 0 0 0 0 0 0.105038 0 1 0.75 0
1 0 1 0 0 0 0 0 0 0 0 0 1 0 0.637489 0 0 0 0 0
1 0 0.192101 0 0 0 0 0 0 0 0.03125 0 0.991146 0 0.68103 0.5 0 0 0.03125 0
0.744839 0.744334 0 0.911982 0 0 0 0 0 0 0 0 1 0 0 0 0 0 0 0
0.103539 0 0.0603893 1 0 0 0 0 0 0 0 0 1 0 0 0 0 0 0 0
1 0 0.637704 0.734626 0 0 0.488281 0 0 0 0 0 0.983657 0 0.227697 0 0 0 0.171667 0
0.564153 0 0 0.0232131 0 0 0 0 0 0 0 0 1 0 0 0 0 0 0 0
0.677881 0.165748 1 0.8281 0 0 0 0 0 0 0 0 1 0 0 0 0 0 0 0
0 1 1 0.682205 0.151198 0.973196 0 1 1 0 0 0.23533 0.75 0.288759 0 1 0 0.116376 0.578553 0.25
0.544855 0.48923 0 0.011994 0 0 0 0 0 0 0 0 1 0 0 0 0 0 0 0
1 0 0 1 1 1 1 0 0 0 0 0 0.997905 0 0.889762 0 0 0.75 0 0
0.0784818 1 1 0.259132 0 0 0 1 0 1 0 0 0 0 0 0 1 0 1 0
0.76481 0.0625 0.460656 0 0 0 0 0 0 0 0 0 1 0 0 0 0 0 0 0
0.738018 0.160065 0 0.222692 0 0 0 0 0 0 0 0 1 0 0 0 0 0 0 0
0.0699234 0 1 0 0 0 0 0 0 0 0 0 1 0 0.33664 0 0.0844354 0 0 0
1 0.0179306 0.197619 0.0400051 0 0 0 0 0 0 0 0 1 0 0 0 0 0 0 0
1 0.394989 0.894718 0.224461 0 0 0 0.5 0 0 0 0.5 1 0 0.151304 0.990178 0.474697 0 0 0
0.193978 0.467461 0.350946 0.425465 0 0 0 0 0 0 0 0 1 0 0 0 0 0 0 0
0.171614 1 0.00108966 0.702467 0 0 0 0 0 0 0 0 0.999977 0 0 0 0 0 0 0
0.691262 0 0.947795 0 0 0 0 0 0 0 0 0 1 0 0 0 0 0 0 0
0 1 1 0.572514 0 0 0.671875 0 0 1 1 0 0 0 0.25 0 0.75 0 1 0
1 0 0.534728 0 0.0293039 0.000836621 0 0 0 0 0 0 1 0 0.659851 0.75 0 0 0 0
1 0 1 0.0434628 0 0 0.234375 0.355868 0 0.5 0.0197706 0 0.535416 0.5 0 0 0.5 0.5 0 0.5
1 0.0147555 0.334405 0.480487 0.5 0 0.486084 0 0 0 0 0 1 0 0.973656 0 0 0.3125 0 0
1 0 0 1 0 0 0.0175781 0 0 0 0 0 1 0 0.0259867 0 0 0 0 0
0.480202 0 0.519715 0.97935 0 0 0 0 0 0 0 0 1 0 0 0 0 0 0 0
0.348292 0 0 0 0 0 0 0 0 0 0 0 1 0 0 0 0 0 0 0
0.106542 0 1 0.281344 0 0 0 0 0 0 0 0 1 0 0 0 0 0 0 0
0.0469554 1 0 1 0 0 0 0.000488281 0 0.000488281 0 0 0.999512 0.000488281 0 0 0 0 0 0
0 1 0 0.189097 0 0.343267 0.013034 1 0 0.855893 0 0 0 1 0 0.0865297 0.769832 1 0.5 0.0123792
1 0 0.960597 1 0.25 0 0 0 0 0 0 0 1 0 0.213569 0.178433 0 0 0 0
0.774775 1 0 0.799896 0 0 0 0 0 0 0 0 1 0 0 0 0 0 0 0
0.370085 0.224767 0.512047 0.00413911 0 0 0 0 0 0 0 0 1 0 0 0 0 0 0 0
0.683565 0 0.266928 0.897085 0 0 0 0 0 0 0 0 1 0 0 0 0 0 0 0
0.276028 0.629186 0.758241 0 0 0 0 0 0 0 0 0 1 0 0 0 0 0 0 0
0.444682 0 0.230979 0.516197 0 0 0 0 0 0 0 0 1 0 0 0 0 0 0 0
0.523993 1 0.835236 0.0471734 0 0 0 0 0 0 0 0 1 0 0 0 0 0 0 0
1 1 0 0 0 0 0 0 0 0 0 0 1 0.004901 0 0 0 0 0 0
0.872059 0 0.561289 0 0 0 0 0 0 0 0 0 1 0 0 0 0 0 0 0
0.232447 0.994615 0 0.00241849 0 0 0 0 0 0 0 0 1 0 0 0 0 0 0 0
1 0 0 0.676832 0 0 0 0 0 0 0 0 1 0 0.308257 0 0 0 0 0
0.710683 0.0583435 0 0.0232131 0 0 0 0 0 0 0 0 1 0 0 0 0 0 0 0
0.406209 0.5 0.792813 0.788616 0 0 0 0 0 0 0 0 1 0 0 0 0 0 0 0
1 0 0 0.446792 0 0 0 0 0 0 0 0 1 0 0 0 0 0 0 0
0.961494 0 0.399303 0 0 0 0 0 0 0 0 0 1 0 0 0 0 0 0 0
0.296887 0 0.062231 0 0 0 0 0 0 0 0 0 1 0 0 0 0 0 0 0
0.0859413 0.687249 0 1 0 0 0 0 0 0 0 0 1 0 0 0 0 0 0 0
0.0878706 0 1 0.00548528 0 0 0 0 0 0 0 0 1 0 0.00528006 0 0 0 0 0
0.272645 0 0.493671 0.6076 0 0 0 0 0 0 0 0 1 0 0 0 0 0 0 0
0.015183 1 0 0.859914 0 0 0 0.00390625 0 0.00390625 0 0 0.996094 0.00390625 0 0 0 0 0 0
1 0.445667 0.240155 0.0290543 1 1 0 0.181644 0 0 0.676104 0.310911 0.829609 0 0.00927734 1 0.103343 0.257692 0.579824 0
0.589178 0.553902 1 1 0 0 0 0 0 0 0 0 1 0 0 0 0 0 0 0
0.496115 0 0.421618 0.186374 0 0 0 0 0 0 0 0 1 0 0 0 0 0 0 0
1 0.148619 0.780769 0.761544 0 0 0 0 0 0 0 0 1 0 0.0351562 0 0 0 0 0
0.957242 1 0 0.986524 0 0 0 0 0 0 0 0 1 0 0 0 0 0 0 0
0.291186 1 0 1 0 0 0 0 0 0 0 0 1 0 0 0 0 0 0 0
0.52183 0 1 0 0 0 0 0 0 0 0 0 1 0 0 0 0 0 0 0
0.453972 1 0.890157 0.0314489 0 0 0 0 0 0 0 0 1 0 0 0 0 0 0 0
1 0 1 0.665693 0 0 0 0 0 0 0 0 0.972386 0 0 0.0120889 0 0 0.117362 0
0 1 0.399641 0 1 0.556827 0.834413 0 0.833468 1 1 0.503428 0.465942 0.125 1 0.648755 1 0.182438 1 1
0.719101 1 0.118822 0.927556 0 0 0 0 0 0 0 0 1 0 0 0 0 0 0 0
0.653603 1 0.705336 0.996361 0 0 0 0 0 0 0 0 1 0 0 0 0 0 0 0
0.798739 0.749011 0.00117172 1 0 0 0 0 0 0 0 0 1 0 0 0 0 0 0 0
0.255766 0 0.440802 0.232755 0 0 0 0 0 0 0 0 1 0 0 0 0 0 0 0
0.192912 0 1 0.970102 0 0 0 0 0 0 0 0 1 0 0 0 0 0 0 0
0.0345757 1 0 0.743262 0 0 0 0.0175781 0 0.0625 0 0 0.982422 0.0625 0 0 0 0 0 0
1 0.607111 0 0 0 0 0 0 0 0 0.172432 0 0.965381 0 0 0.052006 0 0 0.143531 0
0.130547 0.340368 0 0.0703359 0 0 0 0 0 0 0 0 1 0 0 0 0 0 0 0
1 0.0982674 0 0.270975 0 0.210938 0 0 0 0 0.25 0 1 0 0 0.25 0 0 0.25 0
0.138416 1 0.3497 0.0042847 0 0 0 0 0 0 0 0 1 0 0 0 0 0 0 0
0.338497 0 0.0357346 0.905681 0 0 0 0 0 0 0 0 1 0 0 0 0 0 0 0
1 0.562593 0 1 0 0 0.25 0 0 0 0 0.00108349 1 0 0.419397 0 0 0 0 0
1 0 0.284728 0 0 0 0 0 0 0 0 0 1 0 0.40916 0.50277 0 0 0 0
0.0887705 1 0 0.719828 0 0 0 0.00195312 0 0 0 0 0.998047 0 0 0 0 0 0 0
0.893993 1 0.635679 1 0 0 0 0 0 0 0 0.000448946 1 0 0 0 0 0 0 0
0.749732 0.5 0.373237 1 0 0 0 0 0 0 0 0 1 0 0 0 0 0 0 0
0.846038 0 0 0.230363 0 0 0 0 0 0 0 0 1 0 0 0 0 0 0 0
0.0937136 1 0 0.074735 0 0 0 0.000244141 0 0.000244141 0 0 0.999756 0.000244141 0 0 0 0 0 0
0.400106 0.5 1 0.166275 0 0 0 0 0 0 0 0 1 0 0 0 0 0 0 0
1 0 0.36811 1 0 0.00226598 0.5 0 0 0 0 0 1 0 0.4375 0 0 0 0.0470927 0
0.213705 1 0.178918 0 0 0 0 0 0 0 0 0 1 0 0 0 0 0 0 0
0.777178 0.379668 0 0.0737408 0 0 0 0 0 0 0 0 1 0 0 0 0 0 0 0
0.612174 0 0 0 0 0 0 0 0 0 0 0 1 0 0 0 0 0 0 0
0.95349 0 0 0.230363 0 0 0 0 0 0 0 0 1 0 0 0 0 0 0 0
0.681144 0 0.911237 0.00378393 0 0 0 0 0 0 0 0 1 0 0 0 0 0 0 0
0.430116 0 0 0.473793 0 0 0 0 0 0 0 0 1 0 0 0 0 0 0 0
0.918747 0 0.583102 0.353559 0 0 0 0 0 0 0 0 1 0 0 0 0 0 0 0
0.345953 1 0.278953 0.387002 0 0 0 0 0 0 0 0 1 0 0 0 0 0 0 0
0 1 0 1 0 1 1 1 1 0 0 0 0 0 0 0.0525191 0 1 1 0
0.875406 0.769441 0 0.548475 0 0 0 0 0 0 0 0 1 0 0 0 0 0 0 0
0.228728 0 0.382259 1 0 0 0 0 0 0 0 0 1 0 0 0 0 0 0 0
0.450658 0.223595 0 0.529534 0 0 0 0 0 0 0 0 1 0 0 0 0 0 0 0
1 0.0633607 0 0.200104 1 1 0.21875 0 0.21512 0.28125 1 0.0260971 0 0.2579 0 1 1 1 1 1
0.120469 1 0 0 0 0 0 0 0 0 0 0 1 0 0 0 0 0 0 0
0 1 0.393466 0.000727953 0 1 0 1 0.154433 1 0 1 0.320624 1 0.0948772 0.528327 0.0712107 0.377975 0 0
0.368954 1 0.586351 0.0151421 0 0 0 0 0 0 0 0 1 0 0 0 0 0 0 0
0.120604 0.163905 0 1 0 0 0 0 0 0 0 0 1 0 0 0 0 0 0 0
1 0.220502 0 0 0 0 0 0 0 0 0 0 1 0 0 0 0 0 0 0
0.900029 1 0.599124 0 0 0 0 0 0 0 0 0 1 0 0 0 0 0 0 0
1 0 0.065177 0.684937 0 0 0 0 0 0 0 0 1 0 0 0 0 0 0 0
0.501337 0.0814092 0 1 0 0 0 0 0 0 0 0 1 0 0 0 0 0 0 0
1 0.484415 0.568729 0.0912826 0.15625 0.168338 0 0 0 0 0.5 0 0.93137 0 0.471617 0.386585 0 0 0.5 0
