1 0.499986 0.5 0.5 0.5 0 0.5 0.999752 0.5 0 0 0.502532 0.5 0.801378 0.5 0 0 0.5 1 0
0 1 0.177589 0.993183 0.643058 0.451994 0.310182 0.905366 0.5 0.449306 0.473503 0.776532 0.0972557 0.850089 0.490927 0 0.307683 0 0.293809 1
0.500005 0.500038 0.5 0.5 0.5 0 0.5 0.999724 0.5 0 0 0.502491 0.5 0.801442 0.5 0 0 0.5 1 0
0.204835 0.499981 0.5 0.5 0.5 0 0.5 0.999716 0.5 0 0 0.502497 0.5 0.801433 0.5 0 0 0.5 1 0
0.795167 0.499897 0.5 0.5 0.5 0 0.5 0.999481 0.5 0 0 0.502462 0.5 0.801488 0.5 0 0 0.5 1 0
0.344047 0.500014 0.5 0.5 0.5 0 0.5 0.999689 0.5 0 0 0.502456 0.5 0.801498 0.5 0 0 0.5 1 0
0.909666 0.500026 0.5 0.5 0.5 0 0.5 0.999799 0.5 0 0 0.502489 0.5 0.801446 0.5 0 0 0.5 1 0
0.655953 0.500006 0.5 0.5 0.5 0 0.5 0.999734 0.5 0 0 0.502551 0.5 0.801348 0.5 0 0 0.5 1 0
0.0903487 0.499996 0.5 0.5 0.5 0 0.5 0.999745 0.5 0 0 0.502481 0.5 0.801459 0.5 0 0 0.5 1 0
0.0423878 0.499995 0.5 0.5 0.5 0 0.5 0.999759 0.5 0 0 0.502494 0.5 0.801438 0.5 0 0 0.5 1 0
0.957623 0.500099 0.5 0.5 0.5 0 0.5 0.999771 0.5 0 0 0.502495 0.5 0.801436 0.5 0 0 0.5 1 0
0.420835 0.499989 0.5 0.5 0.5 0 0.5 0.999679 0.5 0 0 0.502461 0.5 0.80149 0.5 0 0 0.5 1 0
0.271595 0.500004 0.5 0.5 0.5 0 0.5 0.999611 0.5 0 0 0.50244 0.5 0.801522 0.5 0 0 0.5 1 0
0.728404 0.499954 0.5 0.5 0.5 0 0.5 0.999449 0.5 0 0 0.502467 0.5 0.801481 0.5 0 0 0.5 1 0
0.579172 0.500031 0.5 0.5 0.5 0 0.5 0.999718 0.5 0 0 0.502492 0.5 0.80144 0.5 0 0 0.5 1 0
0.144404 0.49997 0.5 0.5 0.5 0 0.5 0.999742 0.5 0 0 0.502498 0.5 0.801432 0.5 0 0 0.5 1 0
0.855575 0.499982 0.5 0.5 0.5 0 0.5 0.999711 0.5 0 0 0.502482 0.5 0.801457 0.5 0 0 0.5 1 0
0.883406 0.500023 0.5 0.5 0.5 0 0.5 0.99978 0.5 0 0 0.502496 0.5 0.801434 0.5 0 0 0.5 1 0
0.30718 0.500016 0.5 0.5 0.5 0 0.5 0.999641 0.5 0 0 0.502459 0.5 0.801493 0.5 0 0 0.5 1 0
0.11659 0.499983 0.5 0.5 0.5 0 0.5 0.999765 0.5 0 0 0.502491 0.5 0.801443 0.5 0 0 0.5 1 0
0.692822 0.5 0.5 0.5 0.5 0 0.5 0.999609 0.5 0 0 0.502514 0.5 0.801406 0.5 0 0 0.5 1 0
0.460268 0.500013 0.5 0.5 0.5 0 0.5 0.999698 0.5 0 0 0.502478 0.5 0.801463 0.5 0 0 0.5 1 0
0.539741 0.500032 0.5 0.5 0.5 0 0.5 0.999752 0.5 0 0 0.502496 0.5 0.801435 0.5 0 0 0.5 1 0
0.0656374 0.499973 0.5 0.5 0.5 0 0.5 0.999743 0.5 0 0 0.502501 0.5 0.801426 0.5 0 0 0.5 1 0
0.382006 0.499968 0.5 0.5 0.5 0 0.5 0.999671 0.5 0 0 0.502457 0.5 0.801496 0.5 0 0 0.5 1 0
0.0205257 0.500025 0.5 0.5 0.5 0 0.5 0.999756 0.5 0 0 0.50249 0.5 0.801445 0.5 0 0 0.5 1 0
0.762556 0.49993 0.5 0.5 0.5 0 0.5 0.999405 0.5 0 0 0.502447 0.5 0.801511 0.5 0 0 0.5 1 0
0.979483 0.500043 0.5 0.5 0.5 0 0.5 0.999757 0.5 0 0 0.502518 0.5 0.8014 0.5 0 0 0.5 1 0
0.617989 0.500042 0.5 0.5 0.5 0 0.5 0.999721 0.5 0 0 0.502526 0.5 0.801388 0.5 0 0 0.5 1 0
0.934383 0.500055 0.5 0.5 0.5 0 0.5 0.999748 0.5 0 0 0.502465 0.5 0.801484 0.5 0 0 0.5 1 0
0.237464 0.499985 0.5 0.5 0.5 0 0.5 0.999678 0.5 0 0 0.50246 0.5 0.801492 0.5 0 0 0.5 1 0
0.173841 0.499984 0.5 0.5 0.5 0 0.5 0.999787 0.5 0 0 0.502503 0.5 0.801425 0.5 0 0 0.5 1 0
0.826199 0.499915 0.5 0.5 0.5 0 0.5 0.999603 0.5 0 0 0.502465 0.5 0.801484 0.5 0 0 0.5 1 0
0.15892 0.499984 0.5 0.5 0.5 0 0.5 0.999772 0.5 0 0 0.502491 0.5 0.801443 0.5 0 0 0.5 1 0
0.0312845 0.500009 0.5 0.5 0.5 0 0.5 0.999759 0.5 0 0 0.502493 0.5 0.801439 0.5 0 0 0.5 1 0
0.968731 0.500072 0.5 0.5 0.5 0 0.5 0.999753 0.5 0 0 0.502505 0.5 0.80142 0.5 0 0 0.5 1 0
0.71078 0.499958 0.5 0.5 0.5 0 0.5 0.999543 0.5 0 0 0.502496 0.5 0.801435 0.5 0 0 0.5 1 0
0.896742 0.500024 0.5 0.5 0.5 0 0.5 0.999802 0.5 0 0 0.502494 0.5 0.801437 0.5 0 0 0.5 1 0
0.922204 0.500029 0.5 0.5 0.5 0 0.5 0.999767 0.5 0 0 0.502467 0.5 0.801481 0.5 0 0 0.5 1 0
0.325461 0.500022 0.5 0.5 0.5 0 0.5 0.999669 0.5 0 0 0.502461 0.5 0.801489 0.5 0 0 0.5 1 0
0.559513 0.50001 0.5 0.5 0.5 0 0.5 0.999746 0.5 0 0 0.502494 0.5 0.801439 0.5 0 0 0.5 1 0
0.362903 0.499992 0.5 0.5 0.5 0 0.5 0.999687 0.5 0 0 0.502452 0.5 0.801504 0.5 0 0 0.5 1 0
0.637094 0.500032 0.5 0.5 0.5 0 0.5 0.999733 0.5 0 0 0.502543 0.5 0.801362 0.5 0 0 0.5 1 0
0.745663 0.499924 0.5 0.5 0.5 0 0.5 0.999419 0.5 0 0 0.502458 0.5 0.801493 0.5 0 0 0.5 1 0
0.869684 0.499998 0.5 0.5 0.5 0 0.5 0.999749 0.5 0 0 0.502493 0.5 0.801439 0.5 0 0 0.5 1 0
0.220944 0.499978 0.5 0.5 0.5 0 0.5 0.999683 0.5 0 0 0.502492 0.5 0.801441 0.5 0 0 0.5 1 0
0.401332 0.499968 0.5 0.5 0.5 0 0.5 0.999677 0.5 0 0 0.502458 0.5 0.801494 0.5 0 0 0.5 1 0
0.0538276 0.499981 0.5 0.5 0.5 0 0.5 0.999743 0.5 0 0 0.502498 0.5 0.801432 0.5 0 0 0.5 1 0
0.440502 0.499998 0.5 0.5 0.5 0 0.5 0.999701 0.5 0 0 0.502453 0.5 0.801502 0.5 0 0 0.5 1 0
0.779062 0.499895 0.5 0.5 0.5 0 0.5 0.999432 0.5 0 0 0.502455 0.5 0.801499 0.5 0 0 0.5 1 0
0.519897 0.50003 0.5 0.5 0.5 0 0.5 0.999751 0.5 0 0 0.502492 0.5 0.801441 0.5 0 0 0.5 1 0
0.674546 0.499997 0.5 0.5 0.5 0 0.5 0.999666 0.5 0 0 0.502536 0.5 0.801373 0.5 0 0 0.5 1 0
0.989915 0.50001 0.5 0.5 0.5 0 0.5 0.99975 0.5 0 0 0.502526 0.5 0.801387 0.5 0 0 0.5 1 0
0.289208 0.499989 0.5 0.5 0.5 0 0.5 0.999617 0.5 0 0 0.502447 0.5 0.801511 0.5 0 0 0.5 1 0
0.946182 0.50008 0.5 0.5 0.5 0 0.5 0.999765 0.5 0 0 0.502479 0.5 0.801461 0.5 0 0 0.5 1 0
0.480126 0.500026 0.5 0.5 0.5 0 0.5 0.999709 0.5 0 0 0.502487 0.5 0.80145 0.5 0 0 0.5 1 0
0.254346 0.5 0.5 0.5 0.5 0 0.5 0.999652 0.5 0 0 0.502434 0.5 0.801532 0.5 0 0 0.5 1 0
0.0100948 0.500037 0.5 0.5 0.5 0 0.5 0.999758 0.5 0 0 0.502486 0.5 0.801451 0.5 0 0 0.5 1 0
0.810896 0.499898 0.5 0.5 0.5 0 0.5 0.999543 0.5 0 0 0.502457 0.5 0.801495 0.5 0 0 0.5 1 0
0.0778113 0.499993 0.5 0.5 0.5 0 0.5 0.999757 0.5 0 0 0.502496 0.5 0.801435 0.5 0 0 0.5 1 0
0.103284 0.500008 0.5 0.5 0.5 0 0.5 0.999739 0.5 0 0 0.502505 0.5 0.801421 0.5 0 0 0.5 1 0
0.598686 0.500054 0.5 0.5 0.5 0 0.5 0.999721 0.5 0 0 0.502506 0.5 0.801419 0.5 0 0 0.5 1 0
0.130282 0.499998 0.5 0.5 0.5 0 0.5 0.999715 0.5 0 0 0.502518 0.5 0.8014 0.5 0 0 0.5 1 0
0.189142 0.499971 0.5 0.5 0.5 0 0.5 0.999725 0.5 0 0 0.502485 0.5 0.801452 0.5 0 0 0.5 1 0
0.841086 0.499961 0.5 0.5 0.5 0 0.5 0.999658 0.5 0 0 0.502478 0.5 0.801464 0.5 0 0 0.5 1 0
0.137288 0.499987 0.5 0.5 0.5 0 0.5 0.999735 0.5 0 0 0.502499 0.5 0.80143 0.5 0 0 0.5 1 0
0.928344 0.500038 0.5 0.5 0.5 0 0.5 0.999762 0.5 0 0 0.502463 0.5 0.801486 0.5 0 0 0.5 1 0
0.229158 0.49998 0.5 0.5 0.5 0 0.5 0.999669 0.5 0 0 0.502487 0.5 0.801449 0.5 0 0 0.5 1 0
0.470191 0.50002 0.5 0.5 0.5 0 0.5 0.999706 0.5 0 0 0.502484 0.5 0.801453 0.5 0 0 0.5 1 0
0.430651 0.499986 0.5 0.5 0.5 0 0.5 0.999698 0.5 0 0 0.502455 0.5 0.801499 0.5 0 0 0.5 1 0
0.166328 0.499959 0.5 0.5 0.5 0 0.5 0.999782 0.5 0 0 0.502503 0.5 0.801424 0.5 0 0 0.5 1 0
0.803087 0.499903 0.5 0.5 0.5 0 0.5 0.999508 0.5 0 0 0.502461 0.5 0.80149 0.5 0 0 0.5 1 0
0.298155 0.500004 0.5 0.5 0.5 0 0.5 0.999629 0.5 0 0 0.502451 0.5 0.801504 0.5 0 0 0.5 1 0
0.665286 0.499969 0.5 0.5 0.5 0 0.5 0.99971 0.5 0 0 0.502553 0.5 0.801346 0.5 0 0 0.5 1 0
0.509954 0.500022 0.5 0.5 0.5 0 0.5 0.999738 0.5 0 0 0.502491 0.5 0.801443 0.5 0 0 0.5 1 0
0.876587 0.500009 0.5 0.5 0.5 0 0.5 0.999764 0.5 0 0 0.50249 0.5 0.801445 0.5 0 0 0.5 1 0
0.903246 0.500014 0.5 0.5 0.5 0 0.5 0.999811 0.5 0 0 0.50249 0.5 0.801444 0.5 0 0 0.5 1 0
0.151613 0.499966 0.5 0.5 0.5 0 0.5 0.999745 0.5 0 0 0.502508 0.5 0.801416 0.5 0 0 0.5 1 0
0.334719 0.500016 0.5 0.5 0.5 0 0.5 0.999684 0.5 0 0 0.502456 0.5 0.801497 0.5 0 0 0.5 1 0
0.0367974 0.500005 0.5 0.5 0.5 0 0.5 0.99976 0.5 0 0 0.502494 0.5 0.801438 0.5 0 0 0.5 1 0
0.316283 0.500029 0.5 0.5 0.5 0 0.5 0.999651 0.5 0 0 0.502466 0.5 0.801482 0.5 0 0 0.5 1 0
0.701838 0.499974 0.5 0.5 0.5 0 0.5 0.999595 0.5 0 0 0.50251 0.5 0.801413 0.5 0 0 0.5 1 0
0.549642 0.500049 0.5 0.5 0.5 0 0.5 0.999743 0.5 0 0 0.502487 0.5 0.801448 0.5 0 0 0.5 1 0
0.372425 0.499988 0.5 0.5 0.5 0 0.5 0.99968 0.5 0 0 0.502457 0.5 0.801496 0.5 0 0 0.5 1 0
0.569359 0.500042 0.5 0.5 0.5 0 0.5 0.99972 0.5 0 0 0.502485 0.5 0.801452 0.5 0 0 0.5 1 0
0.35344 0.500011 0.5 0.5 0.5 0 0.5 0.999691 0.5 0 0 0.502455 0.5 0.8015 0.5 0 0 0.5 1 0
0.862679 0.499989 0.5 0.5 0.5 0 0.5 0.999735 0.5 0 0 0.50249 0.5 0.801444 0.5 0 0 0.5 1 0
0.963248 0.500083 0.5 0.5 0.5 0 0.5 0.999752 0.5 0 0 0.502497 0.5 0.801433 0.5 0 0 0.5 1 0
0.627569 0.500021 0.5 0.5 0.5 0 0.5 0.999708 0.5 0 0 0.502535 0.5 0.801374 0.5 0 0 0.5 1 0
0.391648 0.499963 0.5 0.5 0.5 0 0.5 0.999658 0.5 0 0 0.502464 0.5 0.801485 0.5 0 0 0.5 1 0
0.770862 0.499916 0.5 0.5 0.5 0 0.5 0.999411 0.5 0 0 0.502446 0.5 0.801512 0.5 0 0 0.5 1 0
0.212839 0.50002 0.5 0.5 0.5 0 0.5 0.999706 0.5 0 0 0.502498 0.5 0.801431 0.5 0 0 0.5 1 0
0.025864 0.500015 0.5 0.5 0.5 0 0.5 0.999752 0.5 0 0 0.502493 0.5 0.80144 0.5 0 0 0.5 1 0
0.974267 0.50006 0.5 0.5 0.5 0 0.5 0.99976 0.5 0 0 0.502514 0.5 0.801407 0.5 0 0 0.5 1 0
0.0967754 0.500012 0.5 0.5 0.5 0 0.5 0.999733 0.5 0 0 0.50249 0.5 0.801444 0.5 0 0 0.5 1 0
0.737075 0.499903 0.5 0.5 0.5 0 0.5 0.999439 0.5 0 0 0.502468 0.5 0.801478 0.5 0 0 0.5 1 0
0.529828 0.500054 0.5 0.5 0.5 0 0.5 0.999742 0.5 0 0 0.502502 0.5 0.801426 0.5 0 0 0.5 1 0
0.280359 0.49996 0.5 0.5 0.5 0 0.5 0.99962 0.5 0 0 0.502446 0.5 0.801514 0.5 0 0 0.5 1 0
0.719631 0.499964 0.5 0.5 0.5 0 0.5 0.999511 0.5 0 0 0.502483 0.5 0.801454 0.5 0 0 0.5 1 0
0.45037 0.500003 0.5 0.5 0.5 0 0.5 0.999691 0.5 0 0 0.502466 0.5 0.801482 0.5 0 0 0.5 1 0
0.951946 0.500092 0.5 0.5 0.5 0 0.5 0.99975 0.5 0 0 0.502486 0.5 0.80145 0.5 0 0 0.5 1 0
0.89011 0.500013 0.5 0.5 0.5 0 0.5 0.999802 0.5 0 0 0.502494 0.5 0.801438 0.5 0 0 0.5 1 0
0.411067 0.499976 0.5 0.5 0.5 0 0.5 0.999686 0.5 0 0 0.502454 0.5 0.801501 0.5 0 0 0.5 1 0
0.915989 0.500024 0.5 0.5 0.5 0 0.5 0.999787 0.5 0 0 0.502475 0.5 0.801467 0.5 0 0 0.5 1 0
0.262928 0.499966 0.5 0.5 0.5 0 0.5 0.999638 0.5 0 0 0.502439 0.5 0.801524 0.5 0 0 0.5 1 0
0.109887 0.499978 0.5 0.5 0.5 0 0.5 0.999727 0.5 0 0 0.502494 0.5 0.801438 0.5 0 0 0.5 1 0
0.984731 0.500027 0.5 0.5 0.5 0 0.5 0.999753 0.5 0 0 0.502522 0.5 0.801394 0.5 0 0 0.5 1 0
0.490061 0.500031 0.5 0.5 0.5 0 0.5 0.999713 0.5 0 0 0.502489 0.5 0.801446 0.5 0 0 0.5 1 0
0.245854 0.499986 0.5 0.5 0.5 0 0.5 0.999663 0.5 0 0 0.502447 0.5 0.801511 0.5 0 0 0.5 1 0
0.181442 0.499962 0.5 0.5 0.5 0 0.5 0.999748 0.5 0 0 0.502485 0.5 0.801451 0.5 0 0 0.5 1 0
0.588963 0.500045 0.5 0.5 0.5 0 0.5 0.999708 0.5 0 0 0.502495 0.5 0.801436 0.5 0 0 0.5 1 0
0.818599 0.499917 0.5 0.5 0.5 0 0.5 0.999569 0.5 0 0 0.502455 0.5 0.801499 0.5 0 0 0.5 1 0
0.683729 0.49998 0.5 0.5 0.5 0 0.5 0.999623 0.5 0 0 0.502525 0.5 0.80139 0.5 0 0 0.5 1 0
0.608363 0.500042 0.5 0.5 0.5 0 0.5 0.999712 0.5 0 0 0.502516 0.5 0.801403 0.5 0 0 0.5 1 0
0.754167 0.49989 0.5 0.5 0.5 0 0.5 0.999409 0.5 0 0 0.502465 0.5 0.801484 0.5 0 0 0.5 1 0
0.0716683 0.499985 0.5 0.5 0.5 0 0.5 0.999756 0.5 0 0 0.5025 0.5 0.801429 0.5 0 0 0.5 1 0
0.848381 0.499963 0.5 0.5 0.5 0 0.5 0.999688 0.5 0 0 0.502483 0.5 0.801454 0.5 0 0 0.5 1 0
0.123377 0.499999 0.5 0.5 0.5 0 0.5 0.999743 0.5 0 0 0.502498 0.5 0.801432 0.5 0 0 0.5 1 0
0.940332 0.500067 0.5 0.5 0.5 0 0.5 0.999771 0.5 0 0 0.502471 0.5 0.801473 0.5 0 0 0.5 1 0
0.0840392 0.500005 0.5 0.5 0.5 0 0.5 0.999742 0.5 0 0 0.502486 0.5 0.801451 0.5 0 0 0.5 1 0
0.0152802 0.500037 0.5 0.5 0.5 0 0.5 0.999756 0.5 0 0 0.50249 0.5 0.801445 0.5 0 0 0.5 1 0
0.787159 0.499917 0.5 0.5 0.5 0 0.5 0.999445 0.5 0 0 0.502454 0.5 0.801501 0.5 0 0 0.5 1 0
0.0480518 0.499987 0.5 0.5 0.5 0 0.5 0.999749 0.5 0 0 0.502491 0.5 0.801442 0.5 0 0 0.5 1 0
0.833694 0.499936 0.5 0.5 0.5 0 0.5 0.999628 0.5 0 0 0.502476 0.5 0.801466 0.5 0 0 0.5 1 0
0.196941 0.499982 0.5 0.5 0.5 0 0.5 0.999735 0.5 0 0 0.502499 0.5 0.80143 0.5 0 0 0.5 1 0
0.995001 0.499982 0.5 0.5 0.5 0 0.5 0.999735 0.5 0 0 0.502527 0.5 0.801386 0.5 0 0 0.5 1 0
0.0596659 0.499977 0.5 0.5 0.5 0 0.5 0.999741 0.5 0 0 0.502499 0.5 0.80143 0.5 0 0 0.5 1 0
0.646526 0.500021 0.5 0.5 0.5 0 0.5 0.999715 0.5 0 0 0.502543 0.5 0.801361 0.5 0 0 0.5 1 0
0.00497446 0.500041 0.5 0.5 0.5 0 0.5 0.999754 0.5 0 0 0.502486 0.5 0.801451 0.5 0 0 0.5 1 0
0.651244 0.500017 0.5 0.5 0.5 0 0.5 0.999682 0.5 0 0 0.502539 0.5 0.801368 0.5 0 0 0.5 1 0
0.0626485 0.499981 0.5 0.5 0.5 0 0.5 0.999746 0.5 0 0 0.502502 0.5 0.801426 0.5 0 0 0.5 1 0
0.893441 0.500026 0.5 0.5 0.5 0 0.5 0.999793 0.5 0 0 0.502491 0.5 0.801442 0.5 0 0 0.5 1 0
0.880009 0.500019 0.5 0.5 0.5 0 0.5 0.999772 0.5 0 0 0.502491 0.5 0.801442 0.5 0 0 0.5 1 0
0.925286 0.50003 0.5 0.5 0.5 0 0.5 0.999782 0.5 0 0 0.502465 0.5 0.801483 0.5 0 0 0.5 1 0
0.0126737 0.500036 0.5 0.5 0.5 0 0.5 0.999755 0.5 0 0 0.502487 0.5 0.801448 0.5 0 0 0.5 1 0
0.0935515 0.499975 0.5 0.5 0.5 0 0.5 0.999759 0.5 0 0 0.50249 0.5 0.801444 0.5 0 0 0.5 1 0
0.00751414 0.500038 0.5 0.5 0.5 0 0.5 0.999754 0.5 0 0 0.502486 0.5 0.801451 0.5 0 0 0.5 1 0
0.749924 0.499922 0.5 0.5 0.5 0 0.5 0.999413 0.5 0 0 0.502454 0.5 0.8015 0.5 0 0 0.5 1 0
0.147997 0.499979 0.5 0.5 0.5 0 0.5 0.999771 0.5 0 0 0.502514 0.5 0.801406 0.5 0 0 0.5 1 0
0.791171 0.499879 0.5 0.5 0.5 0 0.5 0.999473 0.5 0 0 0.502468 0.5 0.801478 0.5 0 0 0.5 1 0
0.971469 0.500076 0.5 0.5 0.5 0 0.5 0.99977 0.5 0 0 0.502511 0.5 0.801411 0.5 0 0 0.5 1 0
0.293667 0.499989 0.5 0.5 0.5 0 0.5 0.999611 0.5 0 0 0.502464 0.5 0.801484 0.5 0 0 0.5 1 0
0.22504 0.49999 0.5 0.5 0.5 0 0.5 0.999673 0.5 0 0 0.502488 0.5 0.801448 0.5 0 0 0.5 1 0
0.669922 0.49999 0.5 0.5 0.5 0 0.5 0.999671 0.5 0 0 0.502539 0.5 0.801367 0.5 0 0 0.5 1 0
0.584066 0.500043 0.5 0.5 0.5 0 0.5 0.999712 0.5 0 0 0.502492 0.5 0.801441 0.5 0 0 0.5 1 0
0.50498 0.50003 0.5 0.5 0.5 0 0.5 0.999731 0.5 0 0 0.502492 0.5 0.801441 0.5 0 0 0.5 1 0
0.799142 0.499889 0.5 0.5 0.5 0 0.5 0.999502 0.5 0 0 0.502463 0.5 0.801486 0.5 0 0 0.5 1 0
0.386818 0.499965 0.5 0.5 0.5 0 0.5 0.999658 0.5 0 0 0.502466 0.5 0.801482 0.5 0 0 0.5 1 0
0.900001 0.500017 0.5 0.5 0.5 0 0.5 0.999804 0.5 0 0 0.50249 0.5 0.801444 0.5 0 0 0.5 1 0
0.741381 0.499909 0.5 0.5 0.5 0 0.5 0.999426 0.5 0 0 0.502468 0.5 0.801479 0.5 0 0 0.5 1 0
0.679148 0.499975 0.5 0.5 0.5 0 0.5 0.999645 0.5 0 0 0.502532 0.5 0.801379 0.5 0 0 0.5 1 0
0.155255 0.499986 0.5 0.5 0.5 0 0.5 0.999786 0.5 0 0 0.502511 0.5 0.801412 0.5 0 0 0.5 1 0
0.660624 0.499992 0.5 0.5 0.5 0 0.5 0.999677 0.5 0 0 0.502543 0.5 0.801361 0.5 0 0 0.5 1 0
0.455316 0.500005 0.5 0.5 0.5 0 0.5 0.99969 0.5 0 0 0.502476 0.5 0.801466 0.5 0 0 0.5 1 0
0.807014 0.49991 0.5 0.5 0.5 0 0.5 0.999522 0.5 0 0 0.502458 0.5 0.801494 0.5 0 0 0.5 1 0
0.302658 0.500002 0.5 0.5 0.5 0 0.5 0.999641 0.5 0 0 0.502453 0.5 0.801502 0.5 0 0 0.5 1 0
0.866191 0.499973 0.5 0.5 0.5 0 0.5 0.999751 0.5 0 0 0.50249 0.5 0.801444 0.5 0 0 0.5 1 0
0.766719 0.499921 0.5 0.5 0.5 0 0.5 0.999406 0.5 0 0 0.502448 0.5 0.80151 0.5 0 0 0.5 1 0
0.435573 0.499999 0.5 0.5 0.5 0 0.5 0.999684 0.5 0 0 0.502463 0.5 0.801487 0.5 0 0 0.5 1 0
0.320864 0.500029 0.5 0.5 0.5 0 0.5 0.99966 0.5 0 0 0.502466 0.5 0.801481 0.5 0 0 0.5 1 0
0.250088 0.500006 0.5 0.5 0.5 0 0.5 0.999637 0.5 0 0 0.502453 0.5 0.801501 0.5 0 0 0.5 1 0
0.706326 0.499969 0.5 0.5 0.5 0 0.5 0.999549 0.5 0 0 0.502497 0.5 0.801433 0.5 0 0 0.5 1 0
0.330082 0.500028 0.5 0.5 0.5 0 0.5 0.999673 0.5 0 0 0.502465 0.5 0.801484 0.5 0 0 0.5 1 0
0.859141 0.499957 0.5 0.5 0.5 0 0.5 0.999739 0.5 0 0 0.502489 0.5 0.801445 0.5 0 0 0.5 1 0
0.544698 0.500027 0.5 0.5 0.5 0 0.5 0.999755 0.5 0 0 0.502488 0.5 0.801447 0.5 0 0 0.5 1 0
0.632337 0.50003 0.5 0.5 0.5 0 0.5 0.999678 0.5 0 0 0.50253 0.5 0.801381 0.5 0 0 0.5 1 0
0.574275 0.500037 0.5 0.5 0.5 0 0.5 0.999719 0.5 0 0 0.502487 0.5 0.801449 0.5 0 0 0.5 1 0
0.377208 0.499983 0.5 0.5 0.5 0 0.5 0.999667 0.5 0 0 0.502466 0.5 0.801481 0.5 0 0 0.5 1 0
0.0285628 0.500014 0.5 0.5 0.5 0 0.5 0.999747 0.5 0 0 0.502494 0.5 0.801438 0.5 0 0 0.5 1 0
0.367654 0.500005 0.5 0.5 0.5 0 0.5 0.999676 0.5 0 0 0.502465 0.5 0.801483 0.5 0 0 0.5 1 0
0.495033 0.500035 0.5 0.5 0.5 0 0.5 0.999719 0.5 0 0 0.502491 0.5 0.801443 0.5 0 0 0.5 1 0
0.311717 0.500018 0.5 0.5 0.5 0 0.5 0.999633 0.5 0 0 0.502475 0.5 0.801467 0.5 0 0 0.5 1 0
0.992506 0.499997 0.5 0.5 0.5 0 0.5 0.999743 0.5 0 0 0.502527 0.5 0.801387 0.5 0 0 0.5 1 0
0.406198 0.499971 0.5 0.5 0.5 0 0.5 0.999656 0.5 0 0 0.502467 0.5 0.80148 0.5 0 0 0.5 1 0
0.965973 0.500094 0.5 0.5 0.5 0 0.5 0.999762 0.5 0 0 0.502502 0.5 0.801426 0.5 0 0 0.5 1 0
0.358167 0.500012 0.5 0.5 0.5 0 0.5 0.999694 0.5 0 0 0.502453 0.5 0.801501 0.5 0 0 0.5 1 0
0.906463 0.499989 0.5 0.5 0.5 0 0.5 0.999865 0.5 0 0 0.502492 0.5 0.801442 0.5 0 0 0.5 1 0
0.514922 0.500027 0.5 0.5 0.5 0 0.5 0.999743 0.5 0 0 0.502498 0.5 0.801432 0.5 0 0 0.5 1 0
0.912827 0.500025 0.5 0.5 0.5 0 0.5 0.999793 0.5 0 0 0.502482 0.5 0.801457 0.5 0 0 0.5 1 0
0.425743 0.49999 0.5 0.5 0.5 0 0.5 0.999689 0.5 0 0 0.50246 0.5 0.801491 0.5 0 0 0.5 1 0
0.233293 0.499986 0.5 0.5 0.5 0 0.5 0.999665 0.5 0 0 0.502474 0.5 0.801469 0.5 0 0 0.5 1 0
0.715225 0.49998 0.5 0.5 0.5 0 0.5 0.99952 0.5 0 0 0.502483 0.5 0.801455 0.5 0 0 0.5 1 0
0.534786 0.500028 0.5 0.5 0.5 0 0.5 0.999752 0.5 0 0 0.502497 0.5 0.801433 0.5 0 0 0.5 1 0
0.554578 0.500034 0.5 0.5 0.5 0 0.5 0.999738 0.5 0 0 0.502485 0.5 0.801451 0.5 0 0 0.5 1 0
0.113222 0.499992 0.5 0.5 0.5 0 0.5 0.999759 0.5 0 0 0.5025 0.5 0.801429 0.5 0 0 0.5 1 0
0.140841 0.499994 0.5 0.5 0.5 0 0.5 0.99976 0.5 0 0 0.502505 0.5 0.801421 0.5 0 0 0.5 1 0
0.774967 0.499886 0.5 0.5 0.5 0 0.5 0.999416 0.5 0 0 0.502461 0.5 0.80149 0.5 0 0 0.5 1 0
0.564437 0.50003 0.5 0.5 0.5 0 0.5 0.999727 0.5 0 0 0.502484 0.5 0.801453 0.5 0 0 0.5 1 0
0.396481 0.499965 0.5 0.5 0.5 0 0.5 0.99966 0.5 0 0 0.502466 0.5 0.801481 0.5 0 0 0.5 1 0
0.603531 0.50004 0.5 0.5 0.5 0 0.5 0.999686 0.5 0 0 0.502508 0.5 0.801416 0.5 0 0 0.5 1 0
0.445429 0.500007 0.5 0.5 0.5 0 0.5 0.999706 0.5 0 0 0.502458 0.5 0.801494 0.5 0 0 0.5 1 0
0.348738 0.50002 0.5 0.5 0.5 0 0.5 0.999694 0.5 0 0 0.502454 0.5 0.8015 0.5 0 0 0.5 1 0
0.485092 0.500025 0.5 0.5 0.5 0 0.5 0.999704 0.5 0 0 0.502491 0.5 0.801443 0.5 0 0 0.5 1 0
0.524861 0.500031 0.5 0.5 0.5 0 0.5 0.999747 0.5 0 0 0.502494 0.5 0.801438 0.5 0 0 0.5 1 0
0.0340357 0.50001 0.5 0.5 0.5 0 0.5 0.999754 0.5 0 0 0.502494 0.5 0.801438 0.5 0 0 0.5 1 0
0.177627 0.499998 0.5 0.5 0.5 0 0.5 0.999784 0.5 0 0 0.502496 0.5 0.801435 0.5 0 0 0.5 1 0
0.593829 0.500047 0.5 0.5 0.5 0 0.5 0.999702 0.5 0 0 0.502499 0.5 0.80143 0.5 0 0 0.5 1 0
0.241647 0.499999 0.5 0.5 0.5 0 0.5 0.99965 0.5 0 0 0.502466 0.5 0.801481 0.5 0 0 0.5 1 0
0.613182 0.500034 0.5 0.5 0.5 0 0.5 0.999686 0.5 0 0 0.502518 0.5 0.8014 0.5 0 0 0.5 1 0
0.886767 0.500021 0.5 0.5 0.5 0 0.5 0.99979 0.5 0 0 0.502494 0.5 0.801438 0.5 0 0 0.5 1 0
0.339379 0.500018 0.5 0.5 0.5 0 0.5 0.999689 0.5 0 0 0.502456 0.5 0.801497 0.5 0 0 0.5 1 0
0.732754 0.499914 0.5 0.5 0.5 0 0.5 0.999445 0.5 0 0 0.502474 0.5 0.80147 0.5 0 0 0.5 1 0
0.465218 0.500018 0.5 0.5 0.5 0 0.5 0.999701 0.5 0 0 0.502483 0.5 0.801455 0.5 0 0 0.5 1 0
0.0747184 0.499988 0.5 0.5 0.5 0 0.5 0.999761 0.5 0 0 0.502498 0.5 0.801431 0.5 0 0 0.5 1 0
0.688281 0.499976 0.5 0.5 0.5 0 0.5 0.999632 0.5 0 0 0.502525 0.5 0.801389 0.5 0 0 0.5 1 0
0.27597 0.499995 0.5 0.5 0.5 0 0.5 0.999612 0.5 0 0 0.502443 0.5 0.801517 0.5 0 0 0.5 1 0
0.415951 0.49998 0.5 0.5 0.5 0 0.5 0.999679 0.5 0 0 0.502458 0.5 0.801494 0.5 0 0 0.5 1 0
0.943267 0.500075 0.5 0.5 0.5 0 0.5 0.999743 0.5 0 0 0.502471 0.5 0.801474 0.5 0 0 0.5 1 0
0.133764 0.500013 0.5 0.5 0.5 0 0.5 0.999757 0.5 0 0 0.502517 0.5 0.801402 0.5 0 0 0.5 1 0
0.976875 0.50004 0.5 0.5 0.5 0 0.5 0.999747 0.5 0 0 0.502516 0.5 0.801404 0.5 0 0 0.5 1 0
0.0509404 0.499981 0.5 0.5 0.5 0 0.5 0.999744 0.5 0 0 0.502494 0.5 0.801438 0.5 0 0 0.5 1 0
0.25863 0.500031 0.5 0.5 0.5 0 0.5 0.999617 0.5 0 0 0.502447 0.5 0.801512 0.5 0 0 0.5 1 0
0.284764 0.499972 0.5 0.5 0.5 0 0.5 0.999617 0.5 0 0 0.502444 0.5 0.801516 0.5 0 0 0.5 1 0
0.822409 0.499956 0.5 0.5 0.5 0 0.5 0.999566 0.5 0 0 0.502456 0.5 0.801497 0.5 0 0 0.5 1 0
0.475145 0.50002 0.5 0.5 0.5 0 0.5 0.999695 0.5 0 0 0.502486 0.5 0.801451 0.5 0 0 0.5 1 0
0.039569 0.500003 0.5 0.5 0.5 0 0.5 0.999753 0.5 0 0 0.502496 0.5 0.801435 0.5 0 0 0.5 1 0
0.170055 0.49997 0.5 0.5 0.5 0 0.5 0.99979 0.5 0 0 0.502509 0.5 0.801414 0.5 0 0 0.5 1 0
0.216873 0.49999 0.5 0.5 0.5 0 0.5 0.999682 0.5 0 0 0.502496 0.5 0.801435 0.5 0 0 0.5 1 0
0.193027 0.500014 0.5 0.5 0.5 0 0.5 0.999737 0.5 0 0 0.502495 0.5 0.801436 0.5 0 0 0.5 1 0
0.93139 0.500046 0.5 0.5 0.5 0 0.5 0.999743 0.5 0 0 0.502462 0.5 0.801488 0.5 0 0 0.5 1 0
0.783118 0.499878 0.5 0.5 0.5 0 0.5 0.999449 0.5 0 0 0.502465 0.5 0.801484 0.5 0 0 0.5 1 0
0.837405 0.499951 0.5 0.5 0.5 0 0.5 0.999651 0.5 0 0 0.502472 0.5 0.801472 0.5 0 0 0.5 1 0
0.873138 0.500003 0.5 0.5 0.5 0 0.5 0.999762 0.5 0 0 0.50249 0.5 0.801444 0.5 0 0 0.5 1 0
0.208814 0.500012 0.5 0.5 0.5 0 0.5 0.999698 0.5 0 0 0.502491 0.5 0.801442 0.5 0 0 0.5 1 0
0.0178892 0.500032 0.5 0.5 0.5 0 0.5 0.999754 0.5 0 0 0.50249 0.5 0.801444 0.5 0 0 0.5 1 0
0.814773 0.499911 0.5 0.5 0.5 0 0.5 0.999551 0.5 0 0 0.502463 0.5 0.801487 0.5 0 0 0.5 1 0
0.851994 0.499955 0.5 0.5 0.5 0 0.5 0.999712 0.5 0 0 0.502484 0.5 0.801454 0.5 0 0 0.5 1 0
0.844744 0.499966 0.5 0.5 0.5 0 0.5 0.999684 0.5 0 0 0.502477 0.5 0.801464 0.5 0 0 0.5 1 0
0.69733 0.499987 0.5 0.5 0.5 0 0.5 0.999602 0.5 0 0 0.502512 0.5 0.80141 0.5 0 0 0.5 1 0
0.937362 0.500062 0.5 0.5 0.5 0 0.5 0.999775 0.5 0 0 0.502469 0.5 0.801477 0.5 0 0 0.5 1 0
0.119977 0.499992 0.5 0.5 0.5 0 0.5 0.999728 0.5 0 0 0.502508 0.5 0.801417 0.5 0 0 0.5 1 0
0.0809042 0.499999 0.5 0.5 0.5 0 0.5 0.999754 0.5 0 0 0.502493 0.5 0.80144 0.5 0 0 0.5 1 0
0.997625 0.499974 0.5 0.5 0.5 0 0.5 0.999733 0.5 0 0 0.502529 0.5 0.801383 0.5 0 0 0.5 1 0
0.622797 0.500036 0.5 0.5 0.5 0 0.5 0.999712 0.5 0 0 0.50253 0.5 0.801382 0.5 0 0 0.5 1 0
0.200873 0.500019 0.5 0.5 0.5 0 0.5 0.999732 0.5 0 0 0.502501 0.5 0.801427 0.5 0 0 0.5 1 0
0.162624 0.499971 0.5 0.5 0.5 0 0.5 0.999776 0.5 0 0 0.502497 0.5 0.801434 0.5 0 0 0.5 1 0
0.641815 0.50003 0.5 0.5 0.5 0 0.5 0.999682 0.5 0 0 0.502535 0.5 0.801374 0.5 0 0 0.5 1 0
0.954785 0.500095 0.5 0.5 0.5 0 0.5 0.999761 0.5 0 0 0.502491 0.5 0.801443 0.5 0 0 0.5 1 0
0.919122 0.500028 0.5 0.5 0.5 0 0.5 0.999752 0.5 0 0 0.502468 0.5 0.801478 0.5 0 0 0.5 1 0
0.267235 0.50006 0.5 0.5 0.5 0 0.5 0.999598 0.5 0 0 0.502434 0.5 0.801532 0.5 0 0 0.5 1 0
0.987345 0.500021 0.5 0.5 0.5 0 0.5 0.999755 0.5 0 0 0.502524 0.5 0.801391 0.5 0 0 0.5 1 0
0.949064 0.500086 0.5 0.5 0.5 0 0.5 0.999758 0.5 0 0 0.502483 0.5 0.801455 0.5 0 0 0.5 1 0
0.0686528 0.499979 0.5 0.5 0.5 0 0.5 0.999749 0.5 0 0 0.502501 0.5 0.801428 0.5 0 0 0.5 1 0
0.829969 0.499939 0.5 0.5 0.5 0 0.5 0.999615 0.5 0 0 0.502464 0.5 0.801485 0.5 0 0 0.5 1 0
0.100031 0.499984 0.5 0.5 0.5 0 0.5 0.999753 0.5 0 0 0.50249 0.5 0.801444 0.5 0 0 0.5 1 0
0.126809 0.500019 0.5 0.5 0.5 0 0.5 0.999761 0.5 0 0 0.502516 0.5 0.801403 0.5 0 0 0.5 1 0
0.758362 0.49991 0.5 0.5 0.5 0 0.5 0.999407 0.5 0 0 0.502456 0.5 0.801497 0.5 0 0 0.5 1 0
0.0452172 0.499995 0.5 0.5 0.5 0 0.5 0.999762 0.5 0 0 0.502496 0.5 0.801434 0.5 0 0 0.5 1 0
0.724009 0.499966 0.5 0.5 0.5 0 0.5 0.999475 0.5 0 0 0.502472 0.5 0.801472 0.5 0 0 0.5 1 0
0.982135 0.500019 0.5 0.5 0.5 0 0.5 0.999737 0.5 0 0 0.502518 0.5 0.801401 0.5 0 0 0.5 1 0
0.106559 0.499976 0.5 0.5 0.5 0 0.5 0.99976 0.5 0 0 0.502501 0.5 0.801427 0.5 0 0 0.5 1 0
0.0871939 0.5 0.5 0.5 0.5 0 0.5 0.999743 0.5 0 0 0.502483 0.5 0.801455 0.5 0 0 0.5 1 0
0.960436 0.500091 0.5 0.5 0.5 0 0.5 0.999761 0.5 0 0 0.502496 0.5 0.801435 0.5 0 0 0.5 1 0
0.185298 0.499996 0.5 0.5 0.5 0 0.5 0.999761 0.5 0 0 0.502503 0.5 0.801423 0.5 0 0 0.5 1 0
0.0567468 0.499979 0.5 0.5 0.5 0 0.5 0.999742 0.5 0 0 0.502498 0.5 0.801431 0.5 0 0 0.5 1 0
0.00243479 0.500044 0.5 0.5 0.5 0 0.5 0.999753 0.5 0 0 0.502486 0.5 0.801451 0.5 0 0 0.5 1 0
0.023213 0.500021 0.5 0.5 0.5 0 0.5 0.999746 0.5 0 0 0.502494 0.5 0.801439 0.5 0 0 0.5 1 0
0.00878447 0.500038 0.5 0.5 0.5 0 0.5 0.999756 0.5 0 0 0.502486 0.5 0.801451 0.5 0 0 0.5 1 0
0.726212 0.499958 0.5 0.5 0.5 0 0.5 0.999471 0.5 0 0 0.502472 0.5 0.801472 0.5 0 0 0.5 1 0
0.0218766 0.500023 0.5 0.5 0.5 0 0.5 0.999753 0.5 0 0 0.502491 0.5 0.801442 0.5 0 0 0.5 1 0
0.183367 0.500044 0.5 0.5 0.5 0 0.5 0.999791 0.5 0 0 0.502482 0.5 0.801456 0.5 0 0 0.5 1 0
0.171948 0.499977 0.5 0.5 0.5 0 0.5 0.999788 0.5 0 0 0.502506 0.5 0.801419 0.5 0 0 0.5 1 0
0.10822 0.499988 0.5 0.5 0.5 0 0.5 0.999769 0.5 0 0 0.502506 0.5 0.801419 0.5 0 0 0.5 1 0
0.98604 0.50002 0.5 0.5 0.5 0 0.5 0.99975 0.5 0 0 0.502523 0.5 0.801393 0.5 0 0 0.5 1 0
0.477635 0.500021 0.5 0.5 0.5 0 0.5 0.999699 0.5 0 0 0.502484 0.5 0.801454 0.5 0 0 0.5 1 0
0.0856165 0.500003 0.5 0.5 0.5 0 0.5 0.999743 0.5 0 0 0.502484 0.5 0.801453 0.5 0 0 0.5 1 0
0.128529 0.500002 0.5 0.5 0.5 0 0.5 0.999736 0.5 0 0 0.502503 0.5 0.801423 0.5 0 0 0.5 1 0
0.160772 0.499977 0.5 0.5 0.5 0 0.5 0.999773 0.5 0 0 0.502494 0.5 0.801439 0.5 0 0 0.5 1 0
0.961831 0.500094 0.5 0.5 0.5 0 0.5 0.999753 0.5 0 0 0.502496 0.5 0.801435 0.5 0 0 0.5 1 0
0.699594 0.499976 0.5 0.5 0.5 0 0.5 0.999618 0.5 0 0 0.502516 0.5 0.801403 0.5 0 0 0.5 1 0
0.950521 0.500088 0.5 0.5 0.5 0 0.5 0.999769 0.5 0 0 0.502487 0.5 0.801449 0.5 0 0 0.5 1 0
0.801114 0.499896 0.5 0.5 0.5 0 0.5 0.999505 0.5 0 0 0.502462 0.5 0.801488 0.5 0 0 0.5 1 0
0.467702 0.500021 0.5 0.5 0.5 0 0.5 0.999706 0.5 0 0 0.502482 0.5 0.801456 0.5 0 0 0.5 1 0
0.620398 0.50004 0.5 0.5 0.5 0 0.5 0.999709 0.5 0 0 0.502527 0.5 0.801387 0.5 0 0 0.5 1 0
0.653612 0.500011 0.5 0.5 0.5 0 0.5 0.999716 0.5 0 0 0.502548 0.5 0.801354 0.5 0 0 0.5 1 0
0.13552 0.500012 0.5 0.5 0.5 0 0.5 0.999774 0.5 0 0 0.502508 0.5 0.801416 0.5 0 0 0.5 1 0
0.917567 0.500015 0.5 0.5 0.5 0 0.5 0.999806 0.5 0 0 0.50247 0.5 0.801476 0.5 0 0 0.5 1 0
0.812834 0.499905 0.5 0.5 0.5 0 0.5 0.999547 0.5 0 0 0.50246 0.5 0.801491 0.5 0 0 0.5 1 0
0.235373 0.500012 0.5 0.5 0.5 0 0.5 0.999653 0.5 0 0 0.502492 0.5 0.801441 0.5 0 0 0.5 1 0
0.938853 0.500062 0.5 0.5 0.5 0 0.5 0.999757 0.5 0 0 0.502468 0.5 0.801478 0.5 0 0 0.5 1 0
0.929862 0.500043 0.5 0.5 0.5 0 0.5 0.999753 0.5 0 0 0.502463 0.5 0.801487 0.5 0 0 0.5 1 0
0.752047 0.499908 0.5 0.5 0.5 0 0.5 0.999411 0.5 0 0 0.502458 0.5 0.801494 0.5 0 0 0.5 1 0
0.26941 0.50002 0.5 0.5 0.5 0 0.5 0.999612 0.5 0 0 0.502435 0.5 0.801531 0.5 0 0 0.5 1 0
0.222992 0.499984 0.5 0.5 0.5 0 0.5 0.999678 0.5 0 0 0.50249 0.5 0.801445 0.5 0 0 0.5 1 0
0.789173 0.49987 0.5 0.5 0.5 0 0.5 0.99947 0.5 0 0 0.502471 0.5 0.801473 0.5 0 0 0.5 1 0
0.991192 0.499998 0.5 0.5 0.5 0 0.5 0.999741 0.5 0 0 0.502526 0.5 0.801388 0.5 0 0 0.5 1 0
0.0671448 0.499975 0.5 0.5 0.5 0 0.5 0.999747 0.5 0 0 0.502499 0.5 0.801431 0.5 0 0 0.5 1 0
0.881709 0.500021 0.5 0.5 0.5 0 0.5 0.99979 0.5 0 0 0.502495 0.5 0.801437 0.5 0 0 0.5 1 0
0.967356 0.50008 0.5 0.5 0.5 0 0.5 0.999758 0.5 0 0 0.502504 0.5 0.801422 0.5 0 0 0.5 1 0
0.878298 0.500014 0.5 0.5 0.5 0 0.5 0.999768 0.5 0 0 0.50249 0.5 0.801443 0.5 0 0 0.5 1 0
0.337044 0.500019 0.5 0.5 0.5 0 0.5 0.999687 0.5 0 0 0.502456 0.5 0.801497 0.5 0 0 0.5 1 0
0.433113 0.499996 0.5 0.5 0.5 0 0.5 0.999691 0.5 0 0 0.502463 0.5 0.801486 0.5 0 0 0.5 1 0
0.923747 0.500027 0.5 0.5 0.5 0 0.5 0.999792 0.5 0 0 0.502466 0.5 0.801481 0.5 0 0 0.5 1 0
0.273778 0.499986 0.5 0.5 0.5 0 0.5 0.999616 0.5 0 0 0.50244 0.5 0.801523 0.5 0 0 0.5 1 0
0.300403 0.500005 0.5 0.5 0.5 0 0.5 0.999637 0.5 0 0 0.502451 0.5 0.801505 0.5 0 0 0.5 1 0
0.557047 0.500031 0.5 0.5 0.5 0 0.5 0.99973 0.5 0 0 0.50248 0.5 0.801461 0.5 0 0 0.5 1 0
0.527346 0.500034 0.5 0.5 0.5 0 0.5 0.999752 0.5 0 0 0.502493 0.5 0.801439 0.5 0 0 0.5 1 0
0.743525 0.499912 0.5 0.5 0.5 0 0.5 0.999423 0.5 0 0 0.502466 0.5 0.801481 0.5 0 0 0.5 1 0
0.295908 0.500002 0.5 0.5 0.5 0 0.5 0.999619 0.5 0 0 0.502445 0.5 0.801514 0.5 0 0 0.5 1 0
0.502493 0.500029 0.5 0.5 0.5 0 0.5 0.999729 0.5 0 0 0.50249 0.5 0.801445 0.5 0 0 0.5 1 0
