1 1 0.617587 0.553196 0.711698 0.615543 0.83293 0.470693 0.509472 0.469709 0.665843 0.376614 0.547143 0.358801 0.618753 0.574708 0.44585 0.403255 0.509897 0.444704
1 0 0 0.533931 0.735284 0.575739 0.046572 0.889762 0.693291 0.509283 0.810256 0.607638 0.198248 1 0 0 0.397096 0.902098 1 0.892682
0 0 1 0.948458 0.145083 0 0.46238 0.836321 0 0.159572 0.8849 1 0.625543 0.0432071 0.0416355 0 0.269185 1 1 0.407737
0.393 0.498376 0.535575 0.478026 0.510738 0.500103 0.531071 0.505232 0.469379 0.494814 0.475605 0.499237 0.536656 0.500562 0.522331 0.49442 0.497954 0.492584 0.51494 0.490477
0 0 0.50881 0.495723 0.484421 0.501518 0.506469 0.521255 0.45749 0.485817 0.491224 0.523066 0.498824 0.499951 0.474215 0.511748 0.500091 0.492077 0.497988 0.523257
1 0.447702 0.509333 0.504755 0.525751 0.50926 0.500458 0.511396 0.490998 0.503227 0.493699 0.49781 0.508306 0.49997 0.49484 0.492412 0.5102 0.515746 0.496485 0.508419
0.998094 0.453228 0.509598 0.503951 0.524639 0.510223 0.501372 0.51084 0.490748 0.504401 0.494263 0.496794 0.508131 0.499991 0.495468 0.491598 0.509808 0.515738 0.49676 0.508832
0.000102356 0.998716 0.522641 0.471454 0.499579 0.535172 0.505638 0.498548 0.5021 0.528169 0.497965 0.507002 0.494788 0.5223 0.484123 0.496818 0.495022 0.502247 0.507238 0.446453
0.00193783 0.998338 0.523408 0.471723 0.500143 0.534629 0.505608 0.498297 0.502151 0.527825 0.497661 0.507069 0.494914 0.521943 0.484463 0.497439 0.494698 0.50223 0.507996 0.446461
0.00839399 0.0017325 0.508247 0.500206 0.4812 0.501326 0.503673 0.519113 0.458081 0.485991 0.496484 0.522883 0.499358 0.498837 0.473568 0.513831 0.499417 0.494957 0.496791 0.526304
0.0648968 0.50016 0.528365 0.495525 0.487426 0.513145 0.495397 0.495535 0.481429 0.497516 0.479908 0.520684 0.497149 0.518764 0.481399 0.498854 0.511735 0.494771 0.484645 0.478695
0.511977 0.913161 0.521165 0.48427 0.513221 0.519922 0.500003 0.50723 0.511583 0.517724 0.483515 0.525768 0.490993 0.514161 0.47198 0.506401 0.515209 0.526088 0.50384 0.444167
0.785877 0.498911 0.523957 0.501573 0.524195 0.508692 0.520776 0.505258 0.484426 0.505854 0.483323 0.498841 0.514414 0.498615 0.506689 0.493054 0.504842 0.497389 0.511917 0.502732
0.154368 0.842311 0.534881 0.481717 0.494602 0.524642 0.523649 0.494243 0.493435 0.517282 0.491859 0.50337 0.525162 0.51236 0.484538 0.497702 0.497269 0.499423 0.506625 0.455486
0.48273 0.756323 0.555072 0.490632 0.511254 0.521405 0.509942 0.493328 0.49625 0.513286 0.476253 0.489241 0.522202 0.503043 0.487668 0.51348 0.501878 0.493959 0.528183 0.473158
0.496077 0.0887385 0.504423 0.518528 0.509798 0.503678 0.503998 0.49935 0.46275 0.49536 0.473079 0.509275 0.509201 0.502718 0.498618 0.509621 0.501871 0.472839 0.469079 0.542203
0.151986 0.155309 0.519902 0.500989 0.493533 0.50086 0.507622 0.504967 0.465794 0.479106 0.48075 0.513546 0.510573 0.50689 0.48004 0.506055 0.50233 0.486152 0.490661 0.514388
0.178321 0.503765 0.548428 0.491462 0.496619 0.51762 0.489994 0.496437 0.476356 0.476301 0.478561 0.497117 0.513966 0.520953 0.50776 0.492915 0.505337 0.504666 0.482763 0.481778
0.479248 0.243856 0.524342 0.50777 0.508817 0.503029 0.51377 0.510164 0.470921 0.497512 0.468346 0.508965 0.519175 0.503415 0.506998 0.497653 0.504217 0.464288 0.490004 0.516357
0.000107743 0.00722564 0.506301 0.497552 0.480831 0.502496 0.502167 0.518008 0.457355 0.485579 0.496044 0.521368 0.496833 0.499587 0.47335 0.51003 0.499398 0.497135 0.493725 0.525256
0.300241 0.897072 0.54193 0.481462 0.505028 0.522849 0.498905 0.494375 0.503777 0.524053 0.477212 0.508215 0.49837 0.512848 0.485806 0.505966 0.506074 0.506797 0.519743 0.454408
0 1 0.522276 0.471121 0.499804 0.536151 0.505429 0.49799 0.502266 0.528845 0.498266 0.505242 0.493481 0.522953 0.483824 0.495919 0.494201 0.501548 0.506867 0.447345
0 0 0.50881 0.495723 0.484421 0.501518 0.506469 0.521255 0.45749 0.485817 0.491224 0.523066 0.498824 0.499951 0.474215 0.511748 0.500091 0.492077 0.497988 0.523257
0.0137726 0.000540996 0.508759 0.502364 0.482543 0.498937 0.50229 0.52215 0.46009 0.484601 0.496012 0.527354 0.498167 0.500033 0.474837 0.514754 0.500776 0.495479 0.497455 0.525095
0.557986 0.589108 0.542449 0.487893 0.514226 0.511345 0.54647 0.504288 0.480296 0.512563 0.48795 0.484165 0.53034 0.499346 0.523757 0.492028 0.494406 0.483501 0.534825 0.500322
0.342464 0.294407 0.516927 0.489865 0.505336 0.502819 0.516917 0.502893 0.457331 0.493065 0.472147 0.50145 0.517217 0.496939 0.507749 0.478189 0.506527 0.469932 0.496376 0.508711
0.115298 0.794122 0.545009 0.487252 0.49525 0.524955 0.512393 0.490596 0.487864 0.494672 0.494072 0.498569 0.520285 0.513246 0.489219 0.494951 0.494316 0.523479 0.503278 0.451943
0.00146816 0.982585 0.518606 0.467709 0.50654 0.533083 0.504429 0.500618 0.499485 0.529249 0.498032 0.507655 0.497634 0.518321 0.486753 0.503257 0.490108 0.507556 0.509761 0.450195
0 0 0.50881 0.495723 0.484421 0.501518 0.506469 0.521255 0.45749 0.485817 0.491224 0.523066 0.498824 0.499951 0.474215 0.511748 0.500091 0.492077 0.497988 0.523257
0.690285 0.206584 0.507795 0.515461 0.51674 0.50069 0.502994 0.508253 0.471167 0.501214 0.477241 0.514297 0.50565 0.495506 0.501081 0.506023 0.514402 0.487407 0.477255 0.520597
0.000366327 0.993816 0.52101 0.471753 0.499642 0.530722 0.508246 0.498088 0.501085 0.528867 0.497208 0.512357 0.494465 0.520469 0.484985 0.496152 0.498247 0.50408 0.505567 0.444309
0.122816 0.211219 0.521329 0.495365 0.501032 0.51189 0.495065 0.509507 0.464652 0.480809 0.483458 0.513493 0.512479 0.506883 0.49795 0.515614 0.499084 0.481933 0.48762 0.513637
0.342723 0.702363 0.550123 0.491763 0.501857 0.510256 0.537381 0.485618 0.483824 0.510804 0.48172 0.496801 0.54355 0.498372 0.491905 0.503927 0.501417 0.491294 0.512644 0.467375
0.2494 0.373482 0.535572 0.483979 0.498906 0.503772 0.515084 0.499251 0.462231 0.477652 0.481028 0.502434 0.526867 0.502514 0.512712 0.500518 0.50848 0.49905 0.493425 0.491122
0.561832 0.406974 0.526482 0.495669 0.515762 0.505414 0.53091 0.505091 0.462814 0.505464 0.480006 0.498885 0.520759 0.489473 0.520518 0.492902 0.505795 0.480338 0.511834 0.505722
0.764694 0.345669 0.520314 0.513776 0.520155 0.50158 0.506556 0.510295 0.476255 0.504087 0.478617 0.513938 0.507137 0.488777 0.505155 0.504727 0.516668 0.491332 0.494799 0.504859
0.997618 0.444202 0.509415 0.504619 0.52444 0.510302 0.501284 0.510741 0.490112 0.504189 0.494371 0.496722 0.508048 0.499757 0.495719 0.491645 0.50958 0.515158 0.496277 0.509946
0.00812602 0.998544 0.524688 0.471915 0.500369 0.534861 0.507987 0.498037 0.502023 0.527902 0.497335 0.507583 0.495437 0.520697 0.486007 0.496719 0.495816 0.500338 0.509526 0.446662
0.999587 0.459837 0.510039 0.503859 0.52511 0.509677 0.500824 0.511226 0.491722 0.504366 0.493401 0.497606 0.50736 0.50038 0.494593 0.491719 0.51081 0.516306 0.49711 0.507392
0.99821 0.450594 0.509613 0.504234 0.524653 0.510137 0.50121 0.510881 0.490676 0.504297 0.494119 0.496943 0.507921 0.499972 0.495387 0.491646 0.509928 0.515601 0.496618 0.509018
0.699235 0.798469 0.53669 0.491719 0.518455 0.519227 0.501124 0.503745 0.507332 0.516885 0.475856 0.508525 0.496874 0.50863 0.483674 0.506395 0.515511 0.515094 0.51424 0.46394
0.253728 0.622247 0.555451 0.485882 0.493996 0.505368 0.53559 0.485029 0.472663 0.487643 0.480899 0.493361 0.55213 0.501272 0.512083 0.499294 0.493654 0.525549 0.502372 0.46644
0.300033 0.104777 0.516533 0.510026 0.500148 0.503777 0.507694 0.512587 0.466749 0.484807 0.480512 0.516489 0.514063 0.503411 0.489719 0.511987 0.502667 0.477844 0.484696 0.521962
0.208374 0.870114 0.540992 0.480638 0.500712 0.519124 0.509448 0.490171 0.495975 0.526738 0.482131 0.507706 0.512918 0.506839 0.484316 0.507053 0.506564 0.493791 0.518455 0.453733
0.089168 0.701755 0.537441 0.502558 0.49489 0.52199 0.503303 0.482294 0.486791 0.496628 0.489378 0.506205 0.50706 0.511295 0.472892 0.49676 0.50275 0.508333 0.490968 0.456454
0.762878 0.659526 0.537053 0.49564 0.521778 0.515048 0.511641 0.50164 0.500253 0.509959 0.478722 0.495133 0.513485 0.504996 0.493918 0.502578 0.507484 0.504911 0.51798 0.487219
0 0 0.50881 0.495723 0.484421 0.501518 0.506469 0.521255 0.45749 0.485817 0.491224 0.523066 0.498824 0.499951 0.474215 0.511748 0.500091 0.492077 0.497988 0.523257
0.0883106 0.295714 0.524443 0.494879 0.500815 0.512897 0.492451 0.505912 0.472564 0.487231 0.482075 0.513933 0.509736 0.511752 0.49656 0.512109 0.501935 0.480714 0.48487 0.505718
0.00387566 0.996677 0.52454 0.472326 0.500482 0.533108 0.505788 0.498604 0.502037 0.526804 0.497056 0.508896 0.496347 0.520933 0.485102 0.49896 0.495195 0.502913 0.509125 0.445577
0.199573 0.12628 0.508986 0.501692 0.493125 0.496962 0.508693 0.520676 0.464802 0.491721 0.488903 0.524251 0.503199 0.497974 0.487628 0.498555 0.502487 0.482122 0.501851 0.519814
0.999129 0.45847 0.509908 0.503826 0.52497 0.509854 0.501017 0.511105 0.491455 0.504398 0.493681 0.497339 0.507628 0.500271 0.494864 0.491673 0.510494 0.51617 0.497038 0.507772
0 0.0104738 0.506234 0.500906 0.481401 0.498846 0.499623 0.517275 0.459008 0.483482 0.496167 0.525942 0.498479 0.498927 0.474923 0.511307 0.500381 0.497264 0.490112 0.523622
0.0255741 0.996767 0.526199 0.472921 0.499575 0.536303 0.50591 0.500474 0.502425 0.526248 0.497744 0.508073 0.49753 0.520273 0.48461 0.500079 0.496692 0.501173 0.511613 0.446604
0.999254 0.463336 0.509972 0.503421 0.525041 0.509868 0.501135 0.511123 0.491739 0.504534 0.493713 0.497291 0.507768 0.500372 0.494808 0.49163 0.510522 0.516467 0.497299 0.507243
0.997159 0.440264 0.509268 0.504823 0.524281 0.510443 0.50138 0.510629 0.489723 0.504139 0.49459 0.496524 0.508194 0.499608 0.495981 0.491632 0.509297 0.514873 0.496067 0.510569
0.0399062 0.93759 0.527691 0.474551 0.494261 0.53237 0.504239 0.497579 0.495431 0.525778 0.499891 0.505794 0.502992 0.516574 0.481142 0.500015 0.504159 0.508862 0.506084 0.447239
0.0307844 0.907334 0.526642 0.477913 0.495699 0.527425 0.503206 0.492741 0.495567 0.519209 0.494456 0.510271 0.497545 0.518631 0.484317 0.493123 0.503877 0.508819 0.497323 0.446442
0.434531 0.398806 0.525966 0.483606 0.515193 0.495492 0.522988 0.518517 0.467904 0.487642 0.47613 0.508809 0.524397 0.501285 0.52695 0.481465 0.501359 0.469845 0.522548 0.497573
0.0108104 0.429131 0.513499 0.488575 0.498268 0.509949 0.503727 0.507762 0.471975 0.510436 0.491404 0.523264 0.503546 0.501114 0.485183 0.518531 0.49801 0.499127 0.500113 0.492872
0.322824 0.153494 0.519189 0.507942 0.504429 0.500066 0.509994 0.518551 0.472629 0.482168 0.474546 0.523108 0.514094 0.509143 0.492483 0.506525 0.503059 0.47388 0.49056 0.514473
0.0398848 0.0679532 0.513712 0.499645 0.49096 0.504102 0.498824 0.520454 0.464087 0.479615 0.494515 0.52478 0.505532 0.501251 0.482739 0.51603 0.500226 0.485505 0.495944 0.520419
0.156001 0.0241648 0.504052 0.5026 0.489922 0.500275 0.500877 0.519146 0.461218 0.490953 0.492377 0.520329 0.498448 0.502738 0.479649 0.513864 0.499339 0.4982 0.494215 0.533135
0.639193 0.500643 0.532397 0.494284 0.519767 0.507946 0.538715 0.505503 0.47496 0.506268 0.485199 0.491566 0.524766 0.495633 0.522138 0.489385 0.497417 0.48372 0.525067 0.504927
0.505414 0.500557 0.533026 0.48445 0.514216 0.504951 0.538677 0.505223 0.471344 0.503353 0.480001 0.491671 0.531257 0.499136 0.520855 0.486837 0.496725 0.480722 0.525496 0.500701
0.0989283 0.0319925 0.506313 0.499176 0.486407 0.502242 0.501441 0.519012 0.460034 0.488387 0.495901 0.518052 0.502241 0.498535 0.477862 0.511602 0.499639 0.494517 0.495744 0.529181
0.923077 0.643145 0.522228 0.498149 0.524286 0.512815 0.507864 0.506102 0.5064 0.51768 0.482256 0.502147 0.501136 0.509246 0.489741 0.494634 0.515213 0.518869 0.508258 0.490595
0.0234133 0.842274 0.521599 0.474828 0.498272 0.527142 0.503181 0.499028 0.492452 0.52327 0.494041 0.511733 0.49969 0.515283 0.483627 0.502222 0.502325 0.499011 0.504783 0.456571
0.851651 0.116199 0.510612 0.52795 0.511587 0.492835 0.506021 0.513706 0.477497 0.509638 0.484904 0.503308 0.507151 0.514296 0.495049 0.507236 0.507365 0.505382 0.487774 0.536808
0.165375 0.921154 0.536915 0.478819 0.498198 0.528464 0.505579 0.496262 0.499358 0.527752 0.489915 0.505538 0.505323 0.514146 0.483161 0.505012 0.503452 0.500558 0.51755 0.452789
0.1897 0.3585 0.536057 0.486924 0.504916 0.503955 0.501559 0.49338 0.457867 0.477199 0.478282 0.509927 0.523603 0.499695 0.522761 0.509592 0.503995 0.500975 0.486029 0.494504
0.51209 0.874241 0.536726 0.48473 0.513395 0.521171 0.510231 0.497397 0.506349 0.521044 0.475755 0.514143 0.495506 0.508645 0.487014 0.500171 0.513175 0.505714 0.516007 0.455612
0.0917288 0.883253 0.533115 0.478949 0.495941 0.529609 0.509325 0.495941 0.494422 0.518535 0.495043 0.504036 0.510296 0.514049 0.481818 0.501334 0.500481 0.505186 0.509517 0.452635
0.853803 0.573787 0.523398 0.499183 0.524197 0.509491 0.51605 0.505976 0.495157 0.512211 0.481261 0.502519 0.506299 0.503876 0.499 0.491761 0.511078 0.508154 0.51048 0.495126
0.179032 0.753697 0.544489 0.488531 0.494443 0.521609 0.521168 0.485798 0.484941 0.498021 0.486329 0.499333 0.530319 0.510442 0.49086 0.494562 0.497441 0.508384 0.499162 0.457276
0.436246 0.598914 0.547683 0.4836 0.509058 0.508674 0.54312 0.500537 0.478246 0.500762 0.487119 0.484284 0.544368 0.498779 0.51883 0.497769 0.490898 0.495954 0.525427 0.489328
0.17884 0.242508 0.52615 0.490139 0.498638 0.503575 0.505705 0.507908 0.46273 0.476092 0.480369 0.511777 0.516077 0.505156 0.500658 0.504977 0.505604 0.485903 0.492578 0.504374
0.0977817 0.963843 0.531604 0.475637 0.501321 0.537175 0.506215 0.496988 0.50219 0.52233 0.493507 0.499401 0.500036 0.521557 0.485786 0.498112 0.49112 0.500864 0.511629 0.451857
0.345409 0.77768 0.552864 0.48976 0.503984 0.526273 0.521927 0.490727 0.492379 0.516462 0.482995 0.489208 0.525427 0.503441 0.483491 0.506988 0.499149 0.487389 0.525578 0.46991
0.187732 0.644165 0.543618 0.494248 0.498936 0.514238 0.508998 0.478571 0.476916 0.486805 0.480304 0.503164 0.523415 0.510555 0.506285 0.492612 0.505967 0.513032 0.479704 0.461199
0.13727 0.33843 0.528975 0.489649 0.496058 0.509636 0.496814 0.504061 0.465238 0.483298 0.481845 0.514986 0.511402 0.507475 0.509537 0.505997 0.510461 0.493164 0.486461 0.496033
0.93256 0.497179 0.515516 0.508862 0.528623 0.509437 0.502836 0.505013 0.493891 0.50544 0.481448 0.506116 0.504063 0.501597 0.491239 0.496723 0.512266 0.511059 0.498768 0.500537
0.704634 0.414749 0.528958 0.509367 0.52344 0.502292 0.51295 0.511354 0.478735 0.500125 0.475141 0.514231 0.5064 0.492196 0.509877 0.501553 0.511866 0.48804 0.508507 0.500012
0.60427 0.330095 0.525777 0.508601 0.51076 0.509975 0.528797 0.501505 0.466193 0.509614 0.481687 0.494981 0.521379 0.49399 0.511885 0.495145 0.502538 0.476335 0.501681 0.519217
0.333812 0.385685 0.530445 0.483087 0.508411 0.498743 0.521572 0.506249 0.461208 0.486391 0.476781 0.505474 0.526946 0.498315 0.520498 0.494458 0.504337 0.484575 0.506905 0.495345
0.329059 0.609917 0.54516 0.484546 0.50001 0.508988 0.537202 0.495024 0.474449 0.500842 0.486081 0.492298 0.543527 0.499033 0.510357 0.499521 0.497977 0.504078 0.511193 0.478196
0.113475 0.0903719 0.509647 0.501043 0.490706 0.493134 0.509034 0.517243 0.462842 0.48798 0.48431 0.527702 0.500322 0.498418 0.481286 0.49855 0.503805 0.483654 0.499101 0.516496
0.926151 0.348339 0.509363 0.514651 0.524734 0.509366 0.50301 0.505199 0.482833 0.502411 0.486554 0.500281 0.508175 0.499582 0.496642 0.497584 0.507602 0.50355 0.490839 0.519871
0.0722602 0.84764 0.531414 0.481472 0.493896 0.524448 0.505587 0.490744 0.491525 0.512513 0.492472 0.507811 0.507251 0.5154 0.483306 0.494812 0.505178 0.512593 0.495528 0.447843
0.0679341 0.958318 0.526856 0.47535 0.498561 0.527801 0.504509 0.499646 0.501297 0.534253 0.493107 0.513357 0.491596 0.516502 0.480779 0.502767 0.507646 0.501998 0.517367 0.451007
0.0479986 0.750415 0.524064 0.481176 0.498933 0.519353 0.502941 0.489082 0.48644 0.515402 0.485748 0.511806 0.504188 0.51122 0.477576 0.506249 0.503535 0.505648 0.496613 0.46005
0.249615 0.269416 0.523885 0.488858 0.505533 0.496067 0.515476 0.50626 0.45891 0.48491 0.471161 0.51292 0.519241 0.501111 0.508274 0.501071 0.504306 0.480722 0.497731 0.504694
0.499913 0.820709 0.550617 0.490492 0.510747 0.518909 0.508812 0.494848 0.502638 0.516782 0.470316 0.509897 0.506257 0.503762 0.484563 0.509304 0.511065 0.500574 0.529386 0.461988
0.254022 0.0672801 0.508031 0.503922 0.499053 0.501572 0.504553 0.514295 0.463948 0.487938 0.480081 0.517753 0.504594 0.506586 0.485721 0.510197 0.500404 0.484555 0.486793 0.529444
0.8557 0.421481 0.51759 0.509116 0.524592 0.508398 0.509779 0.506143 0.483876 0.503662 0.484047 0.501674 0.509559 0.498035 0.501044 0.495871 0.508047 0.500128 0.500907 0.509761
0.46299 0.684355 0.566382 0.492099 0.514098 0.518072 0.527377 0.489265 0.483747 0.502997 0.477941 0.478464 0.549406 0.49013 0.50276 0.515869 0.494112 0.478638 0.531792 0.475546
0.460664 0.315321 0.520591 0.49207 0.510804 0.507019 0.520829 0.506153 0.461689 0.492885 0.470523 0.497694 0.526607 0.50124 0.517041 0.484068 0.503477 0.464595 0.497867 0.512178
0.898622 0.218486 0.506284 0.516701 0.517177 0.492286 0.494782 0.518026 0.484318 0.507677 0.485256 0.50908 0.499378 0.510373 0.494174 0.503007 0.514226 0.511619 0.488542 0.527992
0.253241 0.726897 0.544014 0.487912 0.49566 0.519961 0.527378 0.488684 0.484719 0.505859 0.484386 0.496285 0.53579 0.506643 0.491377 0.49901 0.499176 0.497281 0.505612 0.466306
0.645848 0.258103 0.519354 0.508583 0.511952 0.493427 0.507235 0.518842 0.473451 0.505518 0.476142 0.518049 0.509609 0.493257 0.504737 0.502488 0.520751 0.484129 0.489596 0.507781
0.500045 0.0544098 0.511163 0.524853 0.506486 0.495102 0.505883 0.510172 0.46992 0.49527 0.477509 0.52019 0.501338 0.510532 0.489713 0.512719 0.503659 0.486462 0.481488 0.534449
0.824933 0.279213 0.51044 0.51571 0.515351 0.502652 0.50647 0.507314 0.472191 0.510434 0.485569 0.507469 0.511394 0.486593 0.503103 0.503363 0.517738 0.494084 0.483291 0.514202
0.605025 0.669165 0.554274 0.49446 0.518286 0.518002 0.515665 0.497241 0.49208 0.50529 0.477242 0.482714 0.528708 0.499526 0.496457 0.512508 0.497225 0.49352 0.529502 0.484525
0.703433 0.581964 0.531778 0.493839 0.518836 0.512628 0.526089 0.505711 0.489117 0.513279 0.485096 0.492924 0.515968 0.502627 0.510266 0.494987 0.503716 0.494944 0.522274 0.499834
0.333814 0.840684 0.552014 0.487107 0.502997 0.524379 0.509386 0.492527 0.498254 0.517904 0.477989 0.499917 0.514747 0.508284 0.486596 0.508809 0.501968 0.497135 0.526533 0.460895
0.119565 0.90609 0.533718 0.477668 0.498685 0.523428 0.508952 0.494739 0.496986 0.525614 0.489128 0.508582 0.511462 0.51149 0.482011 0.505945 0.502846 0.498024 0.514153 0.449842
0.234457 0.498452 0.535501 0.472723 0.511686 0.497872 0.53191 0.488823 0.446053 0.494367 0.483668 0.509485 0.537971 0.474374 0.551249 0.502478 0.506418 0.504545 0.487216 0.477446
0.092463 0.117969 0.517921 0.499187 0.493933 0.504811 0.499681 0.516681 0.467399 0.476518 0.485467 0.519366 0.508164 0.508381 0.483504 0.508889 0.498732 0.479264 0.494491 0.51755
0.246096 0.937884 0.535829 0.480243 0.500461 0.529895 0.506954 0.501501 0.505277 0.52482 0.485799 0.512921 0.49634 0.517477 0.486598 0.501501 0.505372 0.504074 0.523211 0.452951
0.126967 0.50177 0.53786 0.508576 0.49846 0.514951 0.493659 0.483495 0.478781 0.483177 0.482248 0.509518 0.506442 0.511214 0.483854 0.499673 0.503775 0.498355 0.481368 0.474886
0.0708753 0.152621 0.523688 0.503586 0.482115 0.507424 0.502257 0.517074 0.465865 0.474318 0.498831 0.526412 0.504707 0.503821 0.491539 0.510047 0.511768 0.495464 0.49291 0.505034
0.548798 0.997506 0.538363 0.485287 0.503176 0.538672 0.536078 0.503352 0.516107 0.524678 0.485198 0.511311 0.48802 0.527594 0.50582 0.469941 0.511036 0.509064 0.520703 0.462249
0.233242 0.808204 0.542079 0.48401 0.498136 0.520709 0.519941 0.491266 0.491862 0.517558 0.486698 0.499464 0.527782 0.506508 0.485063 0.504709 0.501499 0.496953 0.512053 0.458542
0.0285388 0.165741 0.52081 0.511214 0.481934 0.502198 0.501682 0.506238 0.468178 0.484056 0.489852 0.530017 0.497726 0.504463 0.478185 0.505528 0.513182 0.48413 0.484242 0.504668
0.903463 0.779487 0.533464 0.496113 0.524101 0.518863 0.508751 0.503633 0.515489 0.513816 0.474996 0.507098 0.495709 0.512674 0.484557 0.495504 0.51592 0.523475 0.513065 0.47308
0.0477217 0.0480548 0.51188 0.497886 0.488174 0.50019 0.509529 0.517705 0.460224 0.484839 0.487561 0.522326 0.502394 0.500428 0.476976 0.508979 0.501799 0.486696 0.496573 0.519087
0.335287 0.217483 0.511926 0.500348 0.50012 0.504678 0.516312 0.507542 0.458745 0.496428 0.482477 0.506494 0.515411 0.493839 0.500141 0.491399 0.502493 0.47428 0.496083 0.519826
0.746375 0.152396 0.507257 0.518432 0.515872 0.496622 0.501123 0.510675 0.473124 0.502561 0.474826 0.508443 0.508199 0.508387 0.501412 0.508814 0.510795 0.492344 0.476556 0.531836
0.231803 0.18972 0.517036 0.499503 0.496163 0.50284 0.51522 0.513033 0.463616 0.486476 0.482057 0.512322 0.5129 0.49983 0.493735 0.493331 0.509457 0.464148 0.49367 0.51248
0.652083 0.73343 0.544968 0.493084 0.515966 0.519163 0.502994 0.501043 0.501139 0.516023 0.477148 0.494326 0.509981 0.50608 0.486639 0.509779 0.509531 0.50542 0.521971 0.475328
0.1387 0.665231 0.542017 0.505715 0.4948 0.518003 0.495558 0.475553 0.482472 0.484752 0.487479 0.509511 0.50523 0.512341 0.490418 0.487848 0.509886 0.515785 0.475615 0.452785
0.491085 0.176654 0.521225 0.513131 0.511258 0.505654 0.517628 0.504332 0.465654 0.490873 0.472167 0.507637 0.523513 0.500626 0.500576 0.511465 0.506665 0.471245 0.478848 0.517409
0.0511134 0.949988 0.524993 0.475542 0.495012 0.534099 0.5082 0.503563 0.500027 0.523913 0.497919 0.507487 0.504296 0.520389 0.47883 0.501645 0.499012 0.505579 0.510743 0.448984
0.0674846 0.0426762 0.50867 0.500543 0.489034 0.496861 0.503228 0.521986 0.460701 0.485019 0.49318 0.528798 0.499398 0.497101 0.480795 0.511515 0.50308 0.491472 0.498525 0.522606
0.305261 0.505581 0.543169 0.47939 0.500261 0.498665 0.53703 0.497199 0.461447 0.492679 0.481493 0.497928 0.544803 0.494958 0.529634 0.49677 0.50172 0.510864 0.504886 0.480506
0.0391596 0.480113 0.521061 0.474525 0.490901 0.507203 0.498011 0.506538 0.475106 0.500852 0.479664 0.527058 0.503044 0.513757 0.498894 0.507743 0.506935 0.510609 0.500421 0.486799
0.829819 0.730044 0.535506 0.495569 0.520805 0.518207 0.510451 0.501625 0.508523 0.514211 0.476001 0.502168 0.500052 0.509533 0.488729 0.496029 0.513815 0.514287 0.514815 0.479993
0.0334864 0.0948165 0.513162 0.498469 0.489078 0.500757 0.498584 0.519053 0.462638 0.483674 0.491308 0.52736 0.501825 0.500366 0.484896 0.512183 0.502646 0.491166 0.495323 0.517627
0.762351 0.845111 0.528938 0.488729 0.522756 0.518186 0.508569 0.50198 0.514095 0.516027 0.476273 0.515892 0.493215 0.511054 0.485091 0.499332 0.516126 0.52152 0.509021 0.461178
0.173796 0.973213 0.524242 0.475411 0.504182 0.530075 0.507422 0.501074 0.505307 0.524369 0.491176 0.514478 0.495723 0.518226 0.482759 0.49897 0.502513 0.506396 0.508755 0.445009
0.471655 0.0104676 0.501901 0.529387 0.510076 0.487423 0.497172 0.513947 0.469582 0.493283 0.476851 0.54174 0.487415 0.506905 0.486587 0.523817 0.511131 0.498548 0.474568 0.529003
0.156227 0.0752995 0.513922 0.501942 0.495513 0.499248 0.504136 0.522419 0.467221 0.480607 0.484379 0.526163 0.506283 0.506269 0.483138 0.512812 0.501841 0.486891 0.494422 0.519478
0.0959972 0.512873 0.529707 0.496991 0.499345 0.507648 0.505915 0.480311 0.471354 0.491779 0.480664 0.518489 0.510757 0.50353 0.487027 0.511966 0.505158 0.511662 0.486524 0.471685
0.508045 0.13456 0.507571 0.511861 0.514057 0.501561 0.503125 0.507616 0.470573 0.48985 0.468097 0.512594 0.510392 0.513688 0.49722 0.508425 0.500836 0.476538 0.47565 0.535015
0.0620021 0.261464 0.521831 0.508422 0.500341 0.513086 0.494096 0.502932 0.471785 0.484515 0.488643 0.518832 0.505844 0.507181 0.48304 0.51576 0.493959 0.487464 0.488154 0.505817
0.501178 0.944194 0.536205 0.483651 0.511836 0.528117 0.517345 0.497335 0.511022 0.519213 0.478112 0.516934 0.492666 0.514194 0.48989 0.491879 0.510127 0.509094 0.513692 0.452195
0.847684 0.886112 0.534028 0.491726 0.525924 0.519591 0.509427 0.503923 0.517611 0.50824 0.46998 0.523681 0.488508 0.51112 0.484049 0.498424 0.517772 0.528814 0.507048 0.451895
0.000237035 0.996233 0.521949 0.471649 0.499561 0.532929 0.506847 0.498447 0.501604 0.528343 0.497558 0.5098 0.494921 0.521348 0.48457 0.496692 0.496643 0.503268 0.5065 0.445269
0.0012591 0.00116944 0.508884 0.496563 0.483283 0.501993 0.506342 0.519949 0.457424 0.485995 0.492279 0.521994 0.499343 0.4998 0.473538 0.512034 0.499666 0.492444 0.497404 0.523933
0 0 0.50881 0.495723 0.484421 0.501518 0.506469 0.521255 0.45749 0.485817 0.491224 0.523066 0.498824 0.499951 0.474215 0.511748 0.500091 0.492077 0.497988 0.523257
0.12891 0.0240331 0.505883 0.503513 0.490698 0.498271 0.500854 0.517978 0.460666 0.491528 0.493885 0.521455 0.499548 0.497725 0.477964 0.516742 0.502024 0.496631 0.493333 0.530701
9.15818e-05 0.999245 0.522694 0.471382 0.49965 0.535721 0.505587 0.498407 0.502188 0.528394 0.498088 0.506254 0.494316 0.522497 0.484031 0.496584 0.494722 0.50175 0.507431 0.446937
0.430394 0.191644 0.523402 0.511792 0.506089 0.500339 0.505975 0.517046 0.479097 0.492858 0.46945 0.515419 0.516747 0.510411 0.500758 0.500061 0.49995 0.459117 0.490135 0.52122
0.000968916 0.999169 0.522842 0.471422 0.499973 0.53539 0.505519 0.498143 0.502209 0.528335 0.497963 0.506156 0.494197 0.522448 0.484144 0.496679 0.49445 0.501889 0.507432 0.446903
0.103123 0.257305 0.52591 0.496763 0.49349 0.50606 0.502105 0.505838 0.467528 0.482887 0.484415 0.516161 0.50904 0.507943 0.494626 0.509033 0.511464 0.485166 0.48465 0.502585
9.15818e-05 0.999245 0.522694 0.471382 0.49965 0.535721 0.505587 0.498407 0.502188 0.528394 0.498088 0.506254 0.494316 0.522497 0.484031 0.496584 0.494722 0.50175 0.507431 0.446937
0.103392 0.746254 0.537437 0.49878 0.491789 0.520586 0.498508 0.480913 0.486203 0.49958 0.493399 0.510223 0.502638 0.511903 0.484036 0.491458 0.512168 0.512071 0.483897 0.448903
0.235936 0.878059 0.543252 0.482511 0.501153 0.524487 0.507764 0.493906 0.49856 0.523981 0.48286 0.50469 0.508812 0.510275 0.48451 0.507104 0.504024 0.49721 0.522673 0.456882
0.377248 0.853911 0.549376 0.485498 0.508232 0.520902 0.503747 0.489963 0.501971 0.521283 0.472046 0.502992 0.503345 0.50833 0.486365 0.505994 0.505346 0.500561 0.523048 0.460063
0.000129292 0.998376 0.522433 0.471444 0.499635 0.534895 0.505962 0.498387 0.502014 0.528413 0.497939 0.507267 0.494438 0.522179 0.484181 0.496566 0.495273 0.502201 0.507101 0.446455
0.0803961 0.145318 0.51716 0.497029 0.498628 0.508961 0.496118 0.515022 0.463791 0.481078 0.488911 0.519433 0.509946 0.50377 0.493254 0.518287 0.497794 0.482787 0.492098 0.518227
0.569149 0.467711 0.530094 0.489873 0.518034 0.505448 0.539269 0.506061 0.466574 0.504888 0.484249 0.492036 0.525495 0.492827 0.526557 0.485286 0.498517 0.476482 0.526225 0.506034
0.256779 0.111692 0.519031 0.507367 0.502383 0.500016 0.507262 0.519206 0.470579 0.478817 0.476685 0.525381 0.512194 0.508707 0.489066 0.513004 0.503355 0.478554 0.488897 0.515869
0.0016788 0.000346501 0.508793 0.496541 0.483888 0.501461 0.506056 0.520911 0.457658 0.485789 0.492024 0.523075 0.498939 0.499868 0.474084 0.512098 0.499992 0.492504 0.497764 0.523682
0.143493 0.826617 0.54022 0.48359 0.494876 0.528915 0.510382 0.493025 0.491029 0.510641 0.492077 0.500013 0.517881 0.512674 0.484876 0.500365 0.498409 0.502309 0.510124 0.458871
0.203244 0.544696 0.547843 0.484167 0.490772 0.511824 0.510905 0.493703 0.472462 0.47988 0.482324 0.498052 0.528683 0.513257 0.51691 0.489085 0.5082 0.51578 0.486018 0.474387
0.486772 0.372717 0.523438 0.491719 0.510787 0.506959 0.535711 0.501474 0.452973 0.508422 0.480317 0.494637 0.525571 0.486435 0.522819 0.492384 0.506398 0.478415 0.506302 0.50842
0.382378 0.207507 0.520556 0.505645 0.504555 0.503164 0.510627 0.511823 0.469703 0.492166 0.470613 0.510305 0.518642 0.505006 0.502549 0.496 0.501204 0.462212 0.489935 0.518881
0.928135 0.546848 0.518193 0.505356 0.526591 0.510914 0.50505 0.505915 0.499283 0.510717 0.482634 0.503913 0.503545 0.505334 0.491182 0.496887 0.512663 0.513685 0.502594 0.498663
0.354035 0.898978 0.538871 0.480377 0.506944 0.523132 0.516917 0.492355 0.50315 0.52673 0.477501 0.511589 0.498243 0.508698 0.4901 0.495086 0.510149 0.49473 0.520827 0.455588
0.000237035 0.996233 0.521949 0.471649 0.499561 0.532929 0.506847 0.498447 0.501604 0.528343 0.497558 0.5098 0.494921 0.521348 0.48457 0.496692 0.496643 0.503268 0.5065 0.445269
0.278994 0.656259 0.550662 0.492507 0.495432 0.523396 0.54773 0.493238 0.481275 0.482304 0.491172 0.48015 0.556795 0.507405 0.498837 0.493847 0.482054 0.507685 0.502625 0.472827
0.205649 0.323591 0.534822 0.484932 0.496194 0.508056 0.502922 0.49759 0.463248 0.46744 0.481927 0.502172 0.519868 0.50778 0.504451 0.503638 0.512783 0.499015 0.484193 0.493488
0.0966043 0.895742 0.52656 0.479945 0.491544 0.533332 0.520143 0.501613 0.496268 0.520395 0.500427 0.504351 0.513961 0.518382 0.479812 0.495817 0.499301 0.503033 0.505734 0.453357
0.0474126 0.717957 0.521997 0.479604 0.498166 0.519434 0.502722 0.493719 0.484526 0.517879 0.488043 0.513741 0.502736 0.509649 0.480421 0.505991 0.506853 0.499548 0.499786 0.464262
0 0 0.50881 0.495723 0.484421 0.501518 0.506469 0.521255 0.45749 0.485817 0.491224 0.523066 0.498824 0.499951 0.474215 0.511748 0.500091 0.492077 0.497988 0.523257
0.446532 0.465324 0.531961 0.482857 0.513167 0.501186 0.532857 0.507111 0.466774 0.497204 0.478453 0.498124 0.530854 0.497582 0.524138 0.488375 0.499481 0.480891 0.5202 0.497103
0.99857 0.462254 0.509782 0.503283 0.524838 0.510145 0.50146 0.510939 0.491384 0.504613 0.494155 0.496866 0.508214 0.500225 0.495217 0.49155 0.510037 0.516319 0.497243 0.507719
0.623177 0.61273 0.539511 0.490681 0.516733 0.514813 0.527861 0.504125 0.488261 0.511762 0.485076 0.487273 0.522711 0.501971 0.511921 0.499683 0.499979 0.489577 0.528624 0.497517
0.0960927 0.105242 0.515662 0.496433 0.490975 0.498718 0.505758 0.518786 0.462156 0.481558 0.48901 0.523258 0.507479 0.49921 0.487308 0.508222 0.504854 0.485708 0.497964 0.514356
0.371378 0.359385 0.514984 0.478344 0.512064 0.497001 0.523902 0.499682 0.451658 0.497037 0.46868 0.501069 0.515876 0.494775 0.513561 0.474716 0.50785 0.478702 0.505878 0.505524
0.570199 0.826375 0.538396 0.486874 0.517316 0.520105 0.509254 0.498604 0.503263 0.517852 0.47786 0.506228 0.503389 0.504983 0.486402 0.505868 0.512039 0.503782 0.514295 0.460442
0.783329 0.447181 0.522954 0.505463 0.523103 0.509064 0.520174 0.504742 0.480861 0.50461 0.483819 0.498548 0.513806 0.49731 0.508017 0.493352 0.503665 0.494085 0.509148 0.509015
0.026108 0.889119 0.52564 0.477153 0.498029 0.530047 0.503935 0.494599 0.495124 0.52 0.493229 0.507332 0.502444 0.5171 0.480164 0.501731 0.500156 0.502661 0.504236 0.452308
0.777055 0.191991 0.508681 0.517118 0.517149 0.495432 0.500221 0.514435 0.47688 0.502154 0.477693 0.51427 0.504489 0.505614 0.499333 0.50837 0.514346 0.497842 0.481012 0.522974
0.123369 0.375032 0.530236 0.490224 0.499274 0.512501 0.493022 0.501335 0.472676 0.486592 0.478776 0.510643 0.511276 0.512834 0.503388 0.505646 0.508515 0.484862 0.48275 0.495539
0.998909 0.461448 0.509867 0.503475 0.524929 0.509989 0.501248 0.511035 0.491497 0.504531 0.493904 0.497113 0.507929 0.500277 0.495009 0.491606 0.510295 0.516315 0.497199 0.50761
0.281039 0.341165 0.529476 0.486661 0.502977 0.500312 0.517463 0.504625 0.460981 0.483051 0.478764 0.507465 0.522927 0.499536 0.512311 0.498028 0.506635 0.487306 0.500429 0.497007
0.311659 0.681602 0.546328 0.489688 0.496771 0.515813 0.532912 0.491437 0.482187 0.505245 0.486572 0.49345 0.540628 0.502788 0.494421 0.501486 0.500251 0.501608 0.50903 0.470584
0.697901 0.118395 0.508016 0.522131 0.511764 0.498389 0.505756 0.507597 0.471351 0.502664 0.479501 0.505126 0.509363 0.508521 0.496753 0.506463 0.504104 0.489058 0.481039 0.538916
0.516759 0.703012 0.569684 0.496054 0.516582 0.522144 0.511737 0.491679 0.490716 0.501402 0.473262 0.474212 0.537631 0.496489 0.490605 0.523862 0.490847 0.48962 0.535826 0.478557
0.91775 0.304883 0.506103 0.511749 0.522903 0.500742 0.49994 0.513258 0.482021 0.504689 0.485444 0.507095 0.505778 0.500177 0.497096 0.498669 0.515002 0.506214 0.48807 0.517616
0.0525537 0.0452828 0.511551 0.498172 0.490087 0.498271 0.508329 0.520975 0.461131 0.484094 0.48701 0.526174 0.501009 0.500632 0.47886 0.509363 0.502915 0.487102 0.497753 0.518383
0.710947 0.473598 0.527929 0.501376 0.522505 0.508779 0.526406 0.504295 0.478307 0.503702 0.48294 0.496735 0.518409 0.495954 0.513046 0.493255 0.5009 0.488835 0.516012 0.505852
0.499105 0.43478 0.527791 0.485462 0.5163 0.502949 0.539824 0.506618 0.458188 0.503509 0.483299 0.492505 0.526224 0.490021 0.530977 0.481186 0.499617 0.469244 0.527384 0.507142
0.342533 0.460571 0.536342 0.480676 0.507356 0.500083 0.529752 0.502722 0.462936 0.490892 0.478095 0.501057 0.535823 0.496767 0.524387 0.496568 0.502055 0.493792 0.507538 0.488615
0.728325 0.747434 0.538799 0.494356 0.517064 0.519243 0.498703 0.50505 0.505115 0.518411 0.477703 0.500351 0.500979 0.508667 0.483421 0.507536 0.514821 0.513491 0.517295 0.472244
0.808154 0.236248 0.506807 0.513575 0.520608 0.496448 0.498827 0.512894 0.47738 0.503306 0.477531 0.514677 0.504813 0.499739 0.499901 0.505778 0.517329 0.496599 0.480269 0.519033
0.0417938 0.0564892 0.514432 0.500596 0.485695 0.502172 0.500478 0.520371 0.465244 0.477882 0.494665 0.524187 0.503651 0.501844 0.476919 0.5111 0.503949 0.48737 0.495312 0.51802
0.911462 0.737099 0.527532 0.493534 0.522207 0.517755 0.509215 0.503781 0.513737 0.520251 0.482631 0.498133 0.501813 0.513471 0.486237 0.495293 0.514297 0.522844 0.512871 0.48412
0.387656 0.570882 0.544816 0.479417 0.506238 0.505662 0.545954 0.500022 0.471974 0.500201 0.489688 0.484365 0.548048 0.495598 0.522951 0.498341 0.489685 0.50223 0.521825 0.491111
0.0834149 0.875573 0.531066 0.478838 0.496256 0.526494 0.513364 0.493746 0.493219 0.516281 0.493576 0.505475 0.512242 0.514225 0.482854 0.498931 0.500388 0.50946 0.503427 0.448904
0.296067 0.83004 0.549369 0.486192 0.503618 0.525597 0.514607 0.491632 0.495281 0.521156 0.482098 0.496679 0.517216 0.505822 0.4837 0.507848 0.501251 0.488762 0.526559 0.463845
0.263498 0.886004 0.545513 0.484383 0.501595 0.529849 0.506081 0.497641 0.501145 0.521223 0.48359 0.501674 0.504707 0.51371 0.484703 0.507154 0.501483 0.500629 0.526891 0.460031
0.0251435 0.673826 0.524752 0.48661 0.482443 0.516139 0.501826 0.494157 0.48459 0.513989 0.503834 0.516302 0.498678 0.506063 0.472965 0.500503 0.523071 0.498777 0.491661 0.458082
0.926238 0.59449 0.51999 0.50172 0.525731 0.511689 0.506188 0.505739 0.502231 0.5136 0.481987 0.50347 0.502112 0.506696 0.490241 0.495331 0.51423 0.516266 0.505095 0.493909
0.674302 0.309198 0.523555 0.51148 0.514542 0.504002 0.51844 0.506733 0.473364 0.509316 0.475278 0.503905 0.516715 0.498792 0.509136 0.497875 0.506861 0.47792 0.495162 0.5175
0.307057 0.765396 0.547983 0.487773 0.501445 0.520476 0.524088 0.488361 0.490171 0.517351 0.483923 0.492764 0.52934 0.502078 0.483898 0.505333 0.502359 0.491045 0.516491 0.465863
0.387651 0.430092 0.530896 0.481263 0.512118 0.49742 0.527036 0.508999 0.462203 0.491056 0.476905 0.504577 0.530451 0.496028 0.527421 0.489912 0.502237 0.48106 0.514905 0.493506
0.208745 0.675262 0.550197 0.494423 0.492543 0.517963 0.527055 0.481098 0.479233 0.482232 0.482764 0.496855 0.540274 0.510385 0.496 0.489233 0.49466 0.516371 0.491155 0.458341
0.84991 0.371221 0.514542 0.50925 0.521858 0.506315 0.511085 0.508387 0.480013 0.505383 0.486021 0.501955 0.508466 0.497349 0.503945 0.492975 0.509431 0.498511 0.498624 0.514993
0.999129 0.45847 0.509908 0.503826 0.52497 0.509854 0.501017 0.511105 0.491455 0.504398 0.493681 0.497339 0.507628 0.500271 0.494864 0.491673 0.510494 0.51617 0.497038 0.507772
0.782114 0.553453 0.525686 0.497587 0.522806 0.510141 0.518536 0.506443 0.490061 0.509714 0.484076 0.497592 0.513372 0.501636 0.504327 0.495131 0.507059 0.50084 0.51436 0.498514
0.215455 0.792942 0.541627 0.485931 0.499447 0.516047 0.526757 0.489365 0.488369 0.514475 0.487312 0.50394 0.530816 0.505288 0.488525 0.502734 0.50079 0.497201 0.509912 0.45775
0.0573857 0.0425108 0.511222 0.498458 0.492001 0.496352 0.507129 0.524244 0.462039 0.483349 0.48646 0.530022 0.499624 0.500835 0.480744 0.509748 0.504032 0.487507 0.498933 0.517678
0.29315 0.423373 0.536323 0.483026 0.501619 0.499488 0.527247 0.500912 0.461214 0.487865 0.480128 0.502697 0.533865 0.497247 0.520972 0.497399 0.504177 0.499085 0.502657 0.488756
0.1245 0.916341 0.530002 0.477187 0.49534 0.528786 0.514724 0.494346 0.498131 0.52899 0.491507 0.504906 0.515966 0.512548 0.478962 0.502904 0.50346 0.489487 0.507252 0.450069
0.636891 0.44123 0.529526 0.49962 0.520737 0.50387 0.52611 0.508707 0.472655 0.502507 0.479695 0.503133 0.515947 0.492511 0.518217 0.493419 0.505191 0.482261 0.517366 0.503023
0.228109 0.119967 0.511014 0.506303 0.495371 0.496957 0.507371 0.518875 0.469625 0.488731 0.482749 0.522917 0.505548 0.504188 0.486586 0.495234 0.500737 0.472483 0.496408 0.521882
0.44168 0.533402 0.535958 0.479027 0.510399 0.504454 0.538084 0.504386 0.476114 0.501818 0.475752 0.491307 0.537018 0.505446 0.515152 0.488389 0.494933 0.484962 0.524766 0.495367
0.414447 0.665073 0.555978 0.487169 0.507658 0.510318 0.537583 0.489665 0.48271 0.503332 0.481115 0.484978 0.5526 0.495934 0.500407 0.507903 0.494294 0.489275 0.523705 0.477494
0.130049 0.188513 0.522948 0.493383 0.496413 0.505089 0.50221 0.51389 0.464382 0.476009 0.484194 0.516008 0.5126 0.505867 0.494954 0.5076 0.502663 0.481938 0.494194 0.509656
0.50167 0.563096 0.541264 0.48107 0.514681 0.505096 0.549158 0.504107 0.473065 0.505438 0.489179 0.485267 0.542128 0.492799 0.527257 0.49384 0.494264 0.48415 0.530795 0.497271
0.670145 0.849505 0.534581 0.489083 0.519845 0.51921 0.503545 0.502439 0.509549 0.515358 0.474008 0.516698 0.492769 0.508593 0.483928 0.505255 0.516201 0.516697 0.511186 0.455635
0.57658 0.277262 0.525236 0.51032 0.511629 0.502239 0.517429 0.508976 0.471357 0.505337 0.471431 0.508276 0.517145 0.498943 0.509348 0.499037 0.507248 0.470852 0.493245 0.515477
0.000839399 0.00199238 0.508974 0.496585 0.482678 0.502526 0.506628 0.518986 0.45719 0.486201 0.492534 0.520913 0.499747 0.499733 0.472991 0.51197 0.499339 0.492383 0.497044 0.524184
0.382325 0.274416 0.515075 0.493916 0.505344 0.509365 0.521445 0.499218 0.452957 0.494573 0.473269 0.49711 0.521603 0.495019 0.507146 0.486663 0.504634 0.474531 0.490496 0.514041
0.163239 0.735201 0.547278 0.490926 0.494337 0.519109 0.520493 0.485666 0.482631 0.489568 0.490457 0.499546 0.529686 0.510385 0.493387 0.492591 0.496782 0.523816 0.496131 0.452524
0.382942 0.722694 0.554641 0.491265 0.503465 0.519775 0.524018 0.486857 0.488675 0.513921 0.481117 0.48605 0.536427 0.498847 0.483159 0.50931 0.501505 0.489068 0.519116 0.470676
0.146365 0.701852 0.544343 0.48977 0.495549 0.517425 0.508262 0.485092 0.482227 0.491632 0.486401 0.502743 0.518937 0.511038 0.496799 0.493115 0.503727 0.516637 0.491073 0.456693
0.486217 0.627091 0.549213 0.487531 0.510942 0.510832 0.542027 0.496976 0.481503 0.507947 0.484532 0.484571 0.54147 0.49764 0.512082 0.499966 0.49435 0.486388 0.529265 0.488908
0.543777 0.34961 0.527383 0.499855 0.512407 0.507568 0.524474 0.508312 0.471037 0.501303 0.473441 0.495905 0.521126 0.506975 0.511907 0.486885 0.500061 0.473181 0.505759 0.515435
0.539784 0.225143 0.521544 0.515626 0.506016 0.507228 0.51067 0.506281 0.473047 0.503618 0.473423 0.503107 0.521506 0.500004 0.506323 0.498375 0.499367 0.457436 0.485752 0.526044
0.861489 0.471741 0.520637 0.508981 0.527326 0.510481 0.508473 0.503898 0.487739 0.501942 0.482073 0.501394 0.510652 0.498721 0.498143 0.498767 0.506662 0.501745 0.503191 0.504528
0.0310011 0.138445 0.514124 0.503333 0.495892 0.502507 0.496846 0.510579 0.463941 0.485868 0.4908 0.525727 0.503151 0.49841 0.482551 0.518657 0.500113 0.492705 0.490765 0.514522
0.698951 0.0254372 0.507221 0.534085 0.50805 0.48883 0.504497 0.513462 0.473848 0.505202 0.484483 0.517043 0.498614 0.514942 0.488676 0.51496 0.505758 0.505735 0.484551 0.539823
0.153419 0.306567 0.52911 0.490493 0.502607 0.510218 0.492233 0.501834 0.464357 0.478981 0.478846 0.511367 0.514892 0.5087 0.509455 0.510696 0.502817 0.490513 0.486062 0.502868
0.0359394 0.0675446 0.514871 0.500811 0.488315 0.504508 0.49803 0.519707 0.466539 0.477812 0.494962 0.523092 0.50417 0.503787 0.477491 0.514178 0.501402 0.485634 0.494594 0.519691
0.148034 0.915897 0.537133 0.4791 0.501373 0.532463 0.508286 0.496721 0.499437 0.52335 0.490139 0.501173 0.507567 0.514275 0.482646 0.504775 0.497365 0.493966 0.519503 0.455761
0 1 0.522276 0.471121 0.499804 0.536151 0.505429 0.49799 0.502266 0.528845 0.498266 0.505242 0.493481 0.522953 0.483824 0.495919 0.494201 0.501548 0.506867 0.447345
0.412368 0.334791 0.512462 0.485143 0.507867 0.509589 0.529132 0.494218 0.441261 0.500382 0.473175 0.492595 0.523255 0.485251 0.517786 0.482126 0.508808 0.483198 0.493854 0.507681
0.111957 0.0337413 0.510707 0.507837 0.485894 0.499624 0.498413 0.523052 0.469769 0.478247 0.490142 0.52811 0.503174 0.506891 0.477233 0.507309 0.499395 0.484047 0.493016 0.524272
0.577755 0.71999 0.553575 0.49177 0.517313 0.519726 0.512259 0.495758 0.496932 0.50945 0.475258 0.487221 0.521417 0.502273 0.492304 0.511902 0.501442 0.494663 0.528443 0.479807
0.0033576 0.000693001 0.508776 0.49736 0.483355 0.501403 0.505643 0.520568 0.457827 0.485761 0.492824 0.523085 0.499054 0.499785 0.473953 0.512449 0.499893 0.492932 0.49754 0.524106
0 0.00529369 0.507244 0.499352 0.480619 0.501296 0.502391 0.518691 0.458991 0.483658 0.49479 0.523464 0.498223 0.501218 0.473212 0.509423 0.499094 0.495028 0.492612 0.523524
0.102159 0.0961096 0.513761 0.504248 0.489639 0.497863 0.508875 0.513568 0.463584 0.484003 0.489342 0.523089 0.505649 0.499277 0.480171 0.508467 0.503313 0.484714 0.494698 0.518111
0.567427 0.528405 0.536476 0.486757 0.51792 0.506164 0.546862 0.507666 0.472074 0.506978 0.486808 0.48771 0.531478 0.494681 0.529286 0.487936 0.495552 0.479398 0.532744 0.501585
0.191979 0.221385 0.522834 0.494164 0.498361 0.501497 0.509416 0.508763 0.464409 0.480303 0.480837 0.512909 0.515162 0.504471 0.495107 0.503091 0.502187 0.484364 0.496786 0.508566
0.163755 0.269024 0.529803 0.488876 0.494588 0.508807 0.497436 0.507833 0.464646 0.473736 0.482206 0.509897 0.513734 0.507753 0.501975 0.505199 0.510007 0.48777 0.487847 0.501075
0 1 0.522276 0.471121 0.499804 0.536151 0.505429 0.49799 0.502266 0.528845 0.498266 0.505242 0.493481 0.522953 0.483824 0.495919 0.494201 0.501548 0.506867 0.447345
0.167255 0.146453 0.516286 0.508975 0.495692 0.5001 0.509291 0.497946 0.469428 0.483151 0.472588 0.51355 0.508971 0.510843 0.470933 0.499574 0.495188 0.48073 0.488281 0.520006
0.636851 0.556216 0.532759 0.489413 0.517623 0.509405 0.536061 0.508072 0.48109 0.512118 0.487685 0.489615 0.523383 0.499483 0.520081 0.491529 0.500375 0.487918 0.527833 0.501516
0.911699 0.26473 0.505412 0.510545 0.519682 0.494552 0.490634 0.515008 0.484604 0.50295 0.482992 0.505869 0.510125 0.50302 0.490525 0.505796 0.52065 0.50772 0.47694 0.51862
0.181407 0.134411 0.512502 0.508455 0.497187 0.496886 0.511425 0.501577 0.466247 0.488794 0.475208 0.516631 0.507969 0.504448 0.474441 0.499111 0.495545 0.48322 0.493133 0.521326
0.997448 0.444605 0.509372 0.504523 0.524394 0.510379 0.50139 0.510693 0.490056 0.50423 0.494496 0.496599 0.50819 0.499732 0.495823 0.491617 0.509451 0.51516 0.496299 0.51
0.600312 0.877433 0.53347 0.485783 0.519086 0.51801 0.500526 0.500802 0.50952 0.516572 0.474313 0.51918 0.493885 0.507238 0.480169 0.508913 0.515951 0.516549 0.509869 0.449288
0.721527 0.24395 0.514613 0.51221 0.516874 0.492108 0.503215 0.519848 0.474864 0.504419 0.476225 0.523199 0.503441 0.49184 0.502644 0.506083 0.522613 0.491068 0.486888 0.507762
0.0439088 0.949965 0.521282 0.474514 0.492924 0.535103 0.509628 0.504083 0.499472 0.526093 0.498984 0.508532 0.502691 0.521203 0.477761 0.498403 0.501437 0.505483 0.507417 0.448866
0.0851987 0.0377538 0.505963 0.497357 0.484601 0.504605 0.504356 0.518659 0.45703 0.491956 0.49808 0.515949 0.50141 0.495954 0.479543 0.509559 0.498139 0.492247 0.498978 0.530557
0.187225 0.862626 0.53914 0.480772 0.500107 0.520718 0.516599 0.490085 0.494381 0.526409 0.485005 0.506679 0.514138 0.506654 0.484546 0.503018 0.504981 0.490858 0.517282 0.455434
0.866302 0.136404 0.502988 0.52348 0.515986 0.489976 0.495734 0.516789 0.479778 0.50884 0.481235 0.512428 0.49787 0.513104 0.496055 0.506596 0.51145 0.507663 0.483506 0.536229
0.132308 0.813126 0.541895 0.484946 0.495797 0.525104 0.513837 0.490548 0.489257 0.504241 0.491983 0.50019 0.520324 0.511872 0.487469 0.497421 0.497269 0.511938 0.505223 0.454077
0.99821 0.450594 0.509613 0.504234 0.524653 0.510137 0.50121 0.510881 0.490676 0.504297 0.494119 0.496943 0.507921 0.499972 0.495387 0.491646 0.509928 0.515601 0.496618 0.509018
0.777272 0.392985 0.52175 0.509308 0.522649 0.504303 0.512018 0.509871 0.479374 0.502754 0.480581 0.508093 0.507433 0.494773 0.506911 0.497264 0.510648 0.493276 0.503565 0.507503
0.776026 0.604631 0.529137 0.494961 0.5212 0.511779 0.520157 0.505744 0.494708 0.51368 0.482688 0.497448 0.510783 0.504348 0.5033 0.494379 0.508135 0.502901 0.517436 0.494968
0.181697 0.928084 0.535993 0.479102 0.501575 0.53116 0.498307 0.499331 0.50297 0.531193 0.488813 0.502639 0.494347 0.515115 0.477783 0.508417 0.506442 0.501628 0.52294 0.457385
0.0486096 0.615073 0.524396 0.488116 0.490949 0.515498 0.501765 0.496787 0.483353 0.509561 0.487704 0.518571 0.500009 0.511764 0.479968 0.502406 0.508957 0.500295 0.494025 0.469417
0.149525 0.448589 0.536588 0.494905 0.498391 0.513224 0.489077 0.495643 0.475168 0.484653 0.48022 0.512424 0.509687 0.514457 0.505113 0.502049 0.508035 0.491791 0.482441 0.486387
0.278623 0.746347 0.547895 0.488486 0.49973 0.516816 0.525831 0.488727 0.487098 0.508932 0.484327 0.49647 0.536398 0.50355 0.48892 0.50452 0.499104 0.498166 0.512453 0.463369
0.283872 0.16588 0.508981 0.504036 0.496379 0.498252 0.510555 0.515527 0.465429 0.496355 0.487251 0.517058 0.507066 0.497024 0.492158 0.493162 0.50088 0.47621 0.500651 0.523605
0.227632 0.296503 0.529353 0.486895 0.500863 0.502061 0.509199 0.501925 0.461079 0.476175 0.476544 0.507546 0.519555 0.504445 0.506362 0.502354 0.508544 0.489868 0.490962 0.499091
0 0.0017325 0.508958 0.496399 0.482931 0.50242 0.506656 0.519277 0.457205 0.486161 0.492299 0.521151 0.499632 0.499766 0.473142 0.511906 0.499434 0.492302 0.497174 0.524034
0.429605 0.865861 0.54745 0.486572 0.505943 0.523557 0.50569 0.496192 0.505736 0.521412 0.472272 0.509109 0.497326 0.51232 0.488354 0.503706 0.50848 0.503948 0.528816 0.460474
0 0.280534 0.519107 0.501273 0.490951 0.499383 0.508986 0.512364 0.47108 0.498715 0.486781 0.533804 0.501942 0.504422 0.482112 0.520161 0.499973 0.496988 0.49994 0.5039
0.803916 0.0835411 0.509699 0.530358 0.509533 0.492414 0.504316 0.511662 0.475155 0.509226 0.483634 0.505887 0.504492 0.514321 0.495001 0.511224 0.508653 0.505482 0.482504 0.537879
0.274221 0.249011 0.515493 0.496513 0.503451 0.495526 0.516935 0.50341 0.466703 0.491377 0.468873 0.51021 0.510786 0.507909 0.490934 0.484283 0.500575 0.477214 0.497213 0.510918
0.0772627 0.959309 0.53055 0.474876 0.495957 0.529001 0.498742 0.503037 0.501771 0.523235 0.491198 0.512957 0.507977 0.520191 0.483478 0.507907 0.498095 0.506044 0.516733 0.445727
0.000247809 0.996493 0.52227 0.471708 0.499513 0.533284 0.506671 0.498616 0.501683 0.528161 0.497585 0.509546 0.495158 0.521377 0.484554 0.496953 0.496494 0.503062 0.506917 0.445417
0.371399 0.636129 0.553461 0.488015 0.502971 0.512061 0.537051 0.49313 0.480737 0.498299 0.483162 0.485698 0.54856 0.500629 0.505788 0.503371 0.491695 0.501427 0.516979 0.47832
0.924886 0.399658 0.513011 0.507171 0.523897 0.503836 0.503877 0.510508 0.487072 0.506123 0.486546 0.501257 0.509206 0.499957 0.49558 0.494933 0.513903 0.50758 0.496273 0.50991
0.0755031 0.866969 0.530279 0.47925 0.496574 0.522998 0.519054 0.491631 0.491727 0.513808 0.492262 0.507378 0.515147 0.513192 0.484743 0.496501 0.501586 0.51414 0.497948 0.444804
0.516053 0.290459 0.525451 0.502862 0.511313 0.501447 0.516134 0.514244 0.481754 0.497357 0.46884 0.503068 0.521469 0.516162 0.507806 0.48536 0.498571 0.457543 0.502995 0.520577
0.107973 0.430302 0.534428 0.50377 0.486575 0.509417 0.49713 0.491873 0.474165 0.486198 0.488772 0.519418 0.503734 0.508515 0.490996 0.497884 0.51713 0.498808 0.483334 0.476868
0.0680578 0.827221 0.532516 0.491745 0.488847 0.522971 0.501566 0.486054 0.489886 0.514643 0.499332 0.510936 0.499691 0.511534 0.477625 0.494726 0.514466 0.508482 0.491732 0.444984
0.690726 0.360884 0.524071 0.509573 0.517084 0.506693 0.51883 0.506168 0.473179 0.505588 0.480265 0.503081 0.513526 0.494073 0.50873 0.497339 0.507527 0.48494 0.502073 0.512236
0.311218 0.317843 0.523461 0.487388 0.50502 0.501442 0.516512 0.503196 0.458772 0.487395 0.474402 0.50391 0.520329 0.498771 0.510662 0.488597 0.506482 0.47901 0.497641 0.502947
0.387706 0.792656 0.556568 0.489493 0.505194 0.523085 0.507624 0.490898 0.495568 0.517121 0.477247 0.491262 0.522987 0.503813 0.483031 0.515058 0.502315 0.493256 0.527923 0.466508
0.129361 0.971265 0.526146 0.475091 0.501339 0.531762 0.512583 0.499617 0.50372 0.526541 0.491932 0.512281 0.496672 0.518501 0.486192 0.494812 0.501774 0.500899 0.512136 0.448139
0.298496 0.579641 0.549238 0.482546 0.4981 0.503773 0.543724 0.491541 0.465651 0.494876 0.484954 0.491925 0.552394 0.494249 0.523594 0.498602 0.497381 0.512942 0.505713 0.474637
0.346459 0.538231 0.543993 0.479404 0.503249 0.502163 0.541492 0.498611 0.466711 0.49644 0.48559 0.491146 0.546425 0.495278 0.526293 0.497555 0.495702 0.506547 0.513356 0.485809
0.141255 0.171964 0.521124 0.495944 0.496158 0.503297 0.503176 0.510698 0.465748 0.476601 0.481642 0.515134 0.511641 0.50767 0.489208 0.506266 0.501673 0.483229 0.492875 0.512267
0.353074 0.101607 0.516314 0.51084 0.50711 0.49761 0.510539 0.512119 0.46823 0.48449 0.470761 0.520447 0.512807 0.507224 0.491649 0.509976 0.506283 0.4723 0.480935 0.519425
0.0671537 0.179793 0.517388 0.498958 0.49914 0.510428 0.495673 0.513215 0.465014 0.484576 0.488442 0.521566 0.508324 0.505311 0.495882 0.518922 0.497302 0.484868 0.4907 0.51639
0.0583179 0.950011 0.528704 0.476569 0.4971 0.533094 0.506773 0.503043 0.500582 0.521733 0.496855 0.506443 0.505901 0.519576 0.4799 0.504888 0.496588 0.505676 0.51407 0.449101
0.545824 0.770129 0.550789 0.490861 0.513786 0.521426 0.503736 0.498606 0.499564 0.515028 0.476483 0.493279 0.513092 0.504996 0.48713 0.515101 0.506208 0.500084 0.525393 0.470134
0.0537878 0.302271 0.518419 0.500457 0.487032 0.509335 0.501574 0.506669 0.47469 0.492345 0.478914 0.528084 0.499089 0.514635 0.4863 0.503624 0.51034 0.488892 0.487041 0.498794
0.0458698 0.941164 0.527395 0.475017 0.497899 0.532368 0.50762 0.496847 0.498233 0.523817 0.496587 0.505146 0.501771 0.518376 0.482882 0.498447 0.497624 0.503655 0.507804 0.449731
0.307573 0.937047 0.525497 0.479588 0.503779 0.524713 0.50486 0.503259 0.506486 0.525477 0.487028 0.519582 0.494388 0.515474 0.476475 0.502975 0.511268 0.511636 0.511288 0.446232
0.304754 0.233247 0.513709 0.498431 0.501786 0.500102 0.516624 0.505476 0.462724 0.493903 0.475675 0.508352 0.513098 0.500874 0.495537 0.487841 0.501534 0.475747 0.496648 0.515372
0.170972 0.604963 0.54493 0.494941 0.492786 0.514913 0.503232 0.484628 0.477467 0.482316 0.484902 0.503782 0.516956 0.512799 0.503664 0.488467 0.509043 0.515783 0.480816 0.463586
0.169793 0.852383 0.537214 0.481462 0.497126 0.524822 0.517888 0.494519 0.494375 0.518731 0.49029 0.502076 0.521587 0.511108 0.48433 0.502598 0.499158 0.499038 0.511322 0.455558
0.226191 0.409666 0.538861 0.480711 0.508701 0.501124 0.510944 0.48881 0.451384 0.478729 0.478866 0.507097 0.531812 0.490403 0.536441 0.508264 0.504739 0.505891 0.48601 0.487901
0.896336 0.809623 0.535858 0.495109 0.522602 0.521545 0.509484 0.502617 0.518562 0.515085 0.475913 0.504563 0.496408 0.5149 0.483508 0.496508 0.514628 0.524408 0.51478 0.472606
0.226505 0.586041 0.542996 0.475756 0.494204 0.50894 0.524744 0.488903 0.468997 0.487474 0.478984 0.498401 0.54116 0.508115 0.528874 0.490786 0.509819 0.515287 0.483687 0.471442
0.436237 0.804904 0.557684 0.488799 0.5086 0.522005 0.501657 0.487953 0.498506 0.521734 0.472635 0.490056 0.514842 0.501979 0.479606 0.515427 0.507262 0.495202 0.52708 0.465577
0.997159 0.440264 0.509268 0.504823 0.524281 0.510443 0.50138 0.510629 0.489723 0.504139 0.49459 0.496524 0.508194 0.499608 0.495981 0.491632 0.509297 0.514873 0.496067 0.510569
0.693291 0.635319 0.538864 0.492866 0.51999 0.513861 0.519593 0.502804 0.493445 0.509177 0.481221 0.491216 0.519785 0.502563 0.502308 0.501153 0.503604 0.49742 0.523178 0.490493
0.644613 0.913297 0.543415 0.489192 0.510564 0.531614 0.540843 0.494899 0.513085 0.517876 0.473929 0.511511 0.491095 0.518599 0.503412 0.46983 0.509003 0.503236 0.522408 0.468006
0.708359 0.529104 0.529188 0.497145 0.520334 0.511084 0.526398 0.505468 0.483976 0.509365 0.485413 0.493621 0.517784 0.499761 0.511961 0.494325 0.502069 0.492188 0.519515 0.503715
0.126292 0.622584 0.546321 0.522526 0.493101 0.517791 0.504602 0.474378 0.485219 0.480829 0.489941 0.50667 0.505244 0.51008 0.469861 0.487597 0.501063 0.514597 0.480606 0.453653
0.861032 0.522102 0.519585 0.501596 0.525421 0.507829 0.515744 0.507089 0.490431 0.509172 0.483316 0.502418 0.508627 0.501395 0.501006 0.491634 0.510033 0.506042 0.507825 0.499331
