1 1 1 1 1 1 1 0 0 0 0 0 0 1 0 0 0 1 0 0
1 1 1 0 1 1 0 1 0 0 0 1 1 0 0 0 0 1 1 0
1 1 0 1 1 1 1 0 1 0 1 1 0 1 1 0 1 0 1 1
1 0 0 0 0 1 1 0 0 0 1 0 0 1 0 0 1 0 1 0
0.799924 0.122572 0.446186 0.534653 0.515323 0.522438 0.522313 0.497535 0.412622 0.54919 0.506771 0.492825 0.480955 0.509022 0.558697 0.527674 0.510171 0.438621 0.509132 0.53326
0.99886 0.0549603 0.12629 0.530913 0.608875 0.634179 0.484448 0.434787 0.295157 0.417695 0.640102 0.472829 0.298534 0.437462 0.564576 0.523633 0.582046 0.692822 0.693894 0.559379
1 0.126362 0 1 1 1 1 0 0 0 1 1 0 0 1 1 0 1 1 1
0 1 0 1 0 0 1 1 1 1 1 1 0 0 1 0 0 0 1 1
0 1 1 1 0.384754 0.120138 0.465698 0.974689 0.750403 0.881725 0.720834 1 0.656448 0 0.41649 0.735805 0.369299 0.364976 0.335133 0.0457149
1 1 0 1 1 1 1 0 1 0 1 1 0 1 1 0 1 0 1 1
1 1 0.012409 0 0 0 0 1 1 1 1 0 1 0 1 0 0 0 0 1
0.999923 0 0.80609 0.772207 0.653067 0.672238 0.416953 0.314367 0.372297 0.379067 0.449759 0.501565 0.41136 0.778424 0.445646 0.601948 0.717334 0.488241 0.343294 0.312055
0 1 1 0 1 0.634973 0 0.759375 0.281152 0.604126 0.469162 0.643206 1 1 1 0.131492 0.312779 0.0195992 0.412204 0.413204
1 0 1 0.929684 0.435509 0.561751 0 0.458641 0.497192 0.564699 0.1813 0.281656 0.839835 0.0820349 0.748296 0.421549 0.121188 0.265676 0.749462 0.89617
0 1 1 0.699168 0 0 0 1 0 1 1 1 1 0 0 1 1 0 0 0
1 0 0.935362 0 0.304163 0.586572 0.201081 0.0708433 0 0 0.319567 0.209736 0.748493 0.0886799 0.06824 0.139056 0.0308187 0.306508 0.149061 0
1 0 0.0895669 0.753089 1 0.722394 0.864513 0.235818 0.101706 0.307746 0.639804 0.871238 0.149952 0.305689 0.79541 0.681017 0.435901 1 0.250004 0.89155
1 0.129657 1 0.0917137 0.589535 0.784681 0.69547 0.298606 0 0 0.951951 0.467133 0.703572 0 0 0.696615 0.971166 0.856057 1 0
1 0.500018 0.987813 0.376161 0.558045 0.645015 0.437575 0.588808 0.336165 0.504952 0.377624 0.432672 0.478799 0.57542 0.492485 0.54114 0.407032 0.445996 0.495089 0.516044
0.123714 1 0.00184832 0.49086 0.226736 0.650719 1 0.728732 0.00120877 0.490793 0.738684 0.869261 0.525458 0.0103691 0.965642 0.0910027 0.0179936 0.457766 1 0.989459
0.0337752 1 1 1 0.125972 0.243765 0.306101 1 0.441463 0.905117 0.545898 0.626765 0.790398 0.0637863 0.258363 0.900634 0.248996 0.0380543 0.237252 0.14327
0 1 0.0105199 0 1 1 1 0 1 0 0 1 0 1 0 1 1 1 0 0
1 0.114278 0.00131706 0.551997 0.388424 0.560793 0.669734 0.44734 0.103887 0.456772 0.457531 0.499701 0.486911 0.301729 0.499173 0.619734 0.559794 0.660642 0.552636 0.538885
1 0.115267 0 0 0 1 1 0 0 0 1 0 0 1 0 0 1 0 1 0
0.0200529 1 0 0.991116 0.657214 0.609329 1 0.380512 0.932808 0.687793 1 0.932398 0 0.404815 0.973486 0.00657927 0.902892 0.0211409 0.793613 0.841799
1 1 0.411119 0.50898 1 0 0 1 1 1 0 0.920022 1 0 1 1 0 1 0 1
1 0.149 0.0363017 1 0.990289 1 1 0 0 0 1 1 0 0 0.999033 1 0 1 1 1
0 1 1 0.415266 0 0 0 1 0 1 1 1 1 0 0 1 1 0 0 0
1 0 1 1 0.614102 0.51924 0.402797 0.412519 0.406551 0.436212 0.44584 0.511151 0.607525 0.49419 0.455236 0.756208 0.634105 0.680555 0.358387 0.526669
0.999997 0 1 0.576359 0.610911 0.62046 0 0.111284 0.80884 0 0.344485 0 0.879779 0.420129 0.758849 0.446912 0.213602 0.566003 1 0.293904
1 0 1 0.904052 0.575362 0.498289 0.171223 0.508453 0.416805 0.634254 0.421215 0.582921 0.651081 0.587825 0.613624 0.703417 0.762932 0.474291 0.439245 0.400797
1 1 0.557207 0 1 0.357988 0.180849 0.687646 0.207799 0.628238 0 0.476218 1 0.0218349 0.803001 0.559908 0.223836 1 0.385456 0.250704
0.995381 1 0.3613 1 0.781532 0.883776 0.8852 0.429768 1 0.244554 0.503008 0.560368 0.0104415 1 0.43372 0.0315107 0.685913 0 0.665424 0.702635
1 0.408799 0 0.587421 0.933663 0.858356 1 0.204063 0.0330788 0.180176 0.770916 1 0.128191 0.15888 0.728558 0.909934 0.335769 1 0.723772 0.746225
0.998014 0.00583571 0.747983 0.825813 0.626477 0.542534 0.502726 0.485886 0.352302 0.485234 0.523897 0.517555 0.451565 0.456978 0.534413 0.554087 0.513791 0.58196 0.502043 0.499705
1 0 0.495155 0.626363 0.683919 0.826068 0.656433 0.360203 0.157268 0.263672 0.543143 0.654227 0.359793 0.451136 0.176221 0.704836 0.566462 0.85947 0.433485 1
0.999986 0.578385 0.973778 1 0.458255 0.6093 0.513282 0.53858 0.562241 0.389503 0.438587 0.384641 0.30207 0.523423 0.568786 0.57563 0.210914 0.680246 0.628844 0.253805
1 1 1 0.0144372 0.399047 0.626824 0.421659 0.528031 0.351293 0.444386 0.293043 0.433014 0.240574 0.422932 0.235204 0.614295 0.420902 0.636662 0.439258 0.332704
0.999986 1 0 0.869022 0.419836 0.576606 0.455435 0.398868 0.356258 0.48474 0.468454 0.423105 0.587061 0.55821 0.448066 0.562576 0.546617 0.454924 0.636362 0.591909
1 0 0.826029 0.808133 0.551413 0.574595 0.0941151 0.533162 0.388229 0.526828 0.286805 0.746726 0.49232 0.508609 0.476456 0.762677 0.487588 0.774262 0.625224 0.75178
1 0 1 1 0.539307 0.562508 0.36718 0.390211 0.44835 0.485092 0.493124 0.52292 0.589788 0.581553 0.363193 0.640356 0.718393 0.602064 0.454736 0.569032
1 0.626417 0.000961436 0.0764987 0 0.963543 0.796227 0 0.0265406 0.0373936 1 0 0 0.989165 0.0395735 0.0123129 1 0 1 0.0419476
1 0 1 0.961878 0.849492 0.673147 0.5271 0.520779 0.353709 0.587892 0.558298 0.602408 0.545427 0.803662 0.251695 0.739447 0.813834 0.455598 0.316083 0.386674
0.998059 0.309522 1 0.997956 0.640934 0.846732 0.234899 0.841021 1 0.725867 0.424 0.312337 0.19886 0.374394 0.462999 0.567457 0 0.678351 0.548912 0.936832
1 0.455416 1 0.487177 0.951275 0.217471 0.385587 0.626708 0.185008 0.503819 0.4023 0.485678 0.909155 0.23982 0.640532 0.546272 0.350567 0.725221 0.509784 0.432769
1 0.342146 0.000111824 0 0 0.863074 0.900513 0.199196 0 0.20775 0.824217 0 0.119703 1 0 0 1 0 0.914167 0
0.993925 1 0.502386 1 0.584975 0.491845 0.760855 0.519799 0.460783 0.379207 0.460713 0.453588 0.286091 0.420442 0.451572 0.701839 0.177126 0.622055 0.611442 0.393562
0.999709 0.0843548 0 0.860228 0.400643 0.428687 0.618064 0.236054 0.177586 0.469359 0.890968 0.854214 0.17581 0 0.979085 0.788675 0.590591 0.919972 0.713909 0.702063
1 0.810069 0 0.761061 0.43277 0.514044 0.604779 0.401544 0.282346 0.44958 0.442727 0.423147 0.474143 0.404467 0.415475 0.622015 0.431086 0.609425 0.583253 0.62556
0.999703 2.41038e-05 0.727732 0 0.484202 0.622922 0.285203 0.497609 0.172764 0.252591 0.430746 0.419072 0.793709 0.896652 0.577668 0.10374 0.429882 0.885217 0.745407 0.0871293
0.999965 1 0 0.850743 1 0.729799 0.820654 0.203987 1 0.214685 0.800962 0.847797 0.370742 0.971938 1 0.0157106 0.710569 0 0.629046 1
0.999464 1 0.000975288 0 0.460241 0.785279 0.512899 0.431605 0.522177 0.402204 0.164268 0.598125 0.445548 0.617498 0.794731 0.514945 0.380504 0.566922 0.661429 0.561713
1 1 0 0 0.294374 0.743736 0.477928 0.388295 0.439026 0.374867 0.210788 0.412844 0.380384 0.546455 0.640999 0.568889 0.322527 0.642388 0.675021 0.560828
1 0.047494 1 0 0.421728 0.935799 0.489091 0.162954 0.46784 0.0520254 0.396125 0.261091 0.445045 0.517321 0.685164 0.329616 0.448447 0.834621 0.687218 0
1 1 0.52013 0 1 0.0332428 0 0.890163 0.607183 1 0 0.74193 1 0.0396074 1 0.457404 0 0.984168 0 0.742822
0.501015 1 1 0.974985 0.488955 0.462312 0.569071 0.662873 0.419042 0.536165 0.423859 0.485462 0.500396 0.309558 0.535243 0.818919 0.324336 0.474654 0.484666 0.287022
1 0 1 0.877528 0 0.898273 0 0 0.0956131 0 0.221495 0 1 0 1 0.199787 0.190635 0 0.971802 0.902344
0.20136 1 1 0 0.719647 0.706654 0.168748 0.700255 0.455351 0.446713 0.383385 0.641397 0.516656 0.644058 0.507723 0.490254 0.457314 0.23455 0.206205 0.316005
1 1 0.999387 0.0144372 0.425471 0.58341 0.428883 0.484541 0.318653 0.43907 0.322604 0.401666 0.266861 0.468256 0.230508 0.51544 0.401084 0.588099 0.442439 0.369633
0.998992 0.66883 0.00115261 0.445788 0.455125 0.775173 0.422669 0.281951 0.37734 0.447925 0.411834 0.677193 0.29827 0.522068 0.650736 0.695662 0.588762 0.518113 0.763859 0.654922
0.999979 0 0.820288 0.221846 0.431369 0.678975 0.466476 0.464087 0.370528 0.450455 0.411109 0.49108 0.330554 0.629403 0.458074 0.538927 0.412023 0.637479 0.615255 0.391345
1 0 0.98979 1 0.380703 0.525958 0.0851905 0.607865 0.327159 0.693091 0.473424 0.777704 0.438048 0.45179 0.303257 0.953179 0.881879 0.468851 0.493601 0.675768
0.999581 0.557069 0.0358505 0 0.258288 0.61795 0.577072 0.525808 0.319074 0.51636 0.956022 0.35716 0.789454 0.694496 0.307874 0.029963 0.884397 0.036461 0.656916 0.197442
0.999993 0 0.506463 1 0.413024 0.467837 0.384223 0.398448 0.322158 0.37679 0.517238 0.672269 0.402281 0.39851 0.304115 0.624515 0.525699 0.75931 0.271801 0.567083
0.072296 1 1 0 1 1 0.291677 0.546266 0.483252 0.293162 0.503845 0.63308 0.853322 1 0.649152 0.216792 0.201627 0 0.262392 0.128308
0.999997 0 1 1 0.705675 0.481668 0.35055 0.413103 0.410495 0.462625 0.452422 0.52406 0.741552 0.520915 0.444702 0.756412 0.729932 0.61972 0.304502 0.537946
1 1 0 0.422744 0.33266 0.659168 0.54491 0.293239 0.315238 0.376096 0.285043 0.370138 0.547279 0.548459 0.437867 0.625351 0.436459 0.588922 0.567819 0.628346
0.999971 0 0.320806 0.783985 0.749801 0.564744 0.445569 0.470028 0.308646 0.284007 0.583282 0.240571 0.594381 0.53853 0.306754 0.26757 0.777484 0.754572 0.323537 0.410133
1 0.0470823 0 1 1 1 1 0 0 0 1 1 0 0 1 1 0 1 1 1
1 0.754086 0.953738 0 0.543882 0.581389 0.42164 0.589537 0.320204 0.551009 0.217243 0.412375 0.309852 0.539464 0.410902 0.616097 0.360101 0.677155 0.445206 0.363594
1 0.0747313 0.212146 1 0.985434 1 1 0 0 0 1 1 0 0 1 1 0 1 1 1
0.998485 1 0.999412 0.387375 0.773947 0.868542 0.424761 0.799825 0.580398 0.535887 0 0.525803 0.389321 0.824785 0.661879 0.153669 0 0.979269 0.798306 0.788713
0.992468 0.0674973 0.404466 0.238251 0.492193 0.776983 0.531392 0.412196 0.233776 0.331409 0.42483 0.541638 0.524135 0.546726 0.719117 0.551801 0.491966 0.493886 0.563434 0.401405
0.993044 0.238027 0 0.691343 0.523073 0.545859 0.405344 0.502888 0.327352 0.476455 0.573725 0.488514 0.430487 0.291682 0.565109 0.524524 0.628833 0.604505 0.558038 0.550412
0 1 0 1 0 0 1 1 1 1 1 1 0 0 1 0 0 0 1 1
0.00790962 1 0 0 0.644935 0.604775 0.897386 0 0.871799 0.29051 0.512383 0.507206 0 0.810153 0.742034 0.146035 0.707999 0.509608 0.315656 0.40929
1 0.170888 1 0.964842 0.542305 0.533226 0.212325 0.569839 0.661526 0.569067 0.331515 0.398768 0.590068 0.253112 0.565868 0.559443 0.0605939 0.544586 0.66685 0.726387
0.99994 0 0.776456 0.121038 0.271589 0.743629 0.456434 0.444502 0.333195 0.421869 0.396878 0.469602 0.219363 0.737754 0.391754 0.517431 0.432052 0.593168 0.621388 0.301363
0 0.999982 1 1 0.0524853 0.123636 0.304519 0.99883 0.595397 1 0.401422 0.732135 1 0 0.470265 1 0.303105 0 0.211475 0.0688611
1 0.648226 0 1 0.757167 0.698239 1 0.325831 0.435222 0.0460043 0.479858 0.278908 0 0.479891 0 0.666207 0.036393 0.575337 0.515491 0.690846
0.0323523 1 1 0.690841 0.114908 0.0703862 0.0701702 0.964159 0.146736 0.868203 0.671735 0.878484 0.916705 0.089518 0.175226 0.912998 0.69174 0.239409 0.250415 0.165704
0 1 0.000623963 0.530872 0.235873 0.322224 1 0.379797 1 0.994559 0.865985 0.547666 0.246064 0.0226899 1 0 0.0123931 0 0.548767 0.827059
0.996305 0.828817 0.846665 0.985948 0.487265 0.536523 0.562263 0.661452 0.579272 0.425681 0.368412 0.410903 0.393658 0.348958 0.490485 0.452105 0.0400863 0.538809 0.583463 0.376813
0.139149 1 1 1 0.408446 0.544543 0.312514 0.86375 0.213484 0.625588 0.0606817 0.231126 0.910019 0.293883 0.0885039 1 0.203511 0.340226 0.0786195 0
1 1 0.000149099 0.8122 0.14848 0.516156 0.0332199 0.374278 0.854382 0.443194 0.352664 0.132236 0.0433844 0.573969 0.241754 0.559876 0.347212 0.52293 0.500886 0.885699
1 0 0.738473 0.796118 0.504255 0.770271 0.395648 0.433867 0.285214 0.374628 0.35574 0.662932 0.325994 0.794286 0.0771524 0.576954 0.587581 0.429111 0.489072 0.569756
1 0.984233 1 0.000300128 0.591017 0.721273 0.473077 0.566828 0.271949 0.487874 0.19522 0.454921 0.371003 0.684261 0.180669 0.611755 0.428726 0.57652 0.329736 0.209574
0.999064 0.66883 0.00101962 0.388358 0.456021 0.814352 0.417671 0.229504 0.388594 0.429733 0.335356 0.702914 0.313037 0.577961 0.653033 0.735926 0.592664 0.559476 0.77397 0.661836
1 0.194449 0.965483 0 0.506965 0.74573 0.53824 0.529389 0.381351 0.480143 0.321652 0.438434 0.238896 0.383805 0.63919 0.584636 0.303216 0.66604 0.573941 0.244179
1 0 0.107723 0 0.296249 0.890463 1 0 0 0 0.860023 0.242882 0.280243 0.186321 0.686674 0.0368978 0.423473 0.360512 0.904896 0.278859
0.0949571 1 0 0.044423 1 1 1 0.221785 0.277925 0 0 1 0.379746 0.325945 0.781891 0.952742 0.247679 1 0.264977 0.631849
0 1 0 1 0 0 1 1 1 1 1 1 0 0 1 0 0.0633305 0 1 1
0 0.991258 0.999337 0.64825 0.417718 0.19045 0.18914 0.6561 0.9526 0.757828 0.425974 0.641481 0.758882 0.574117 1 0.421388 0.178325 0.256957 0.00316444 0.315328
0.999929 1 0.108145 0.220131 0.583896 0 0.078563 0.930551 0.992802 1 0.239608 0.147035 1 0.10562 0.873008 0.65474 0.0812239 0.501455 0 0.869079
1 0.223605 0 0.521709 0.353226 0.482955 0.790604 0.592596 0.0878425 0.529364 0.626354 0.534315 0.168317 0.022374 0.545468 0.735654 0.334369 0.762452 0.644769 0.465353
0.999979 0 0.422382 0.862987 0.542966 0.431917 0.320277 0.520427 0.359441 0.606142 0.617791 0.614648 0.391371 0.408182 0.614521 0.448204 0.634939 0.658499 0.620576 0.294633
0.932179 1 0.58347 1 0.569158 0.575984 0.555155 0.510595 0.406611 0.448377 0.57302 0.492568 0.425197 0.261433 0.516541 0.463626 0.275533 0.512402 0.477328 0.388182
1 0 0.793152 1 1 0 0 0 0.687819 0.0580176 0 0 1 0.0193858 1 0 0 1 0.173094 0.370623
0.999986 0 0.00276711 1 0.495465 0.405403 0.359972 0.396494 0.220664 0.39297 0.844907 0.559416 0.243483 0.0696925 0.607221 0.414095 0.743605 0.740122 0.419348 0.441537
0.464274 0.961661 0.993995 0.987493 0.466746 0.40675 0.537516 0.618822 0.401517 0.542362 0.486294 0.538136 0.506872 0.29583 0.465059 0.723598 0.331071 0.522263 0.450296 0.273971
1 0.231744 0 0 0 1 1 0 0.000933625 0 1 0 0 1 0 0 1 0 1 0
1 0.231744 0 0 0 1 1 0 0.000933625 0 1 0 0 1 0 0 1 0 1 0
0 1 1 0 0.936613 0.71653 0 0.842087 0.323619 0.618134 0.417049 0.713937 0.948337 0.906947 1 0.324268 0.345483 0.0977014 0.413425 0.379178
1 0 1 1 0.674913 0.605119 0.613347 0.403792 0.288179 0.680567 0.712141 0.909229 0.336141 0.534397 0.587861 1 0.720388 0.538298 0.511269 0.532639
1 0 0.852738 1 0.653263 0.342627 0.220223 0.672361 0.745789 0.847049 0.266113 0.422484 0.698339 0.347953 0.554165 0.632323 0.28874 0.398515 0.624193 0.847766
0.999794 0.0214364 0.159703 0.107384 0.27194 0.920011 0.832246 0.66094 0.000466813 0.593051 0.84596 0.578116 0.272636 0.800928 0.419141 0.546411 1 0.327714 0.677942 0.330251
1 0 0.989933 0.987575 0.519711 0.62548 0.410645 0.414394 0.447615 0.486493 0.539993 0.517316 0.437432 0.600198 0.398054 0.510467 0.638987 0.592913 0.561818 0.519684
1 0 0.371691 0.709534 0.749874 0.481179 0.537994 0.553741 0.334994 0.646999 0.365634 0.596855 0.348943 0.775167 0.29541 0.52874 0.861641 0.716586 0 0.69253
0.999971 0.331399 0.989098 0.615936 0.396292 0.617966 0.427686 0.506137 0.593659 0.449109 0.455289 0.442386 0.337113 0.595722 0.459528 0.636088 0.287273 0.772895 0.505568 0.402751
1 0 1 0.93124 0.784877 0.488829 0.382793 0.446108 0.418431 0.49781 0.427314 0.500681 0.795264 0.533973 0.572524 0.649653 0.65797 0.642847 0.424873 0.533398
1 1 0.0790548 0 0.385874 0.717079 0.490009 0.422718 0.289813 0.462138 0.303917 0.413938 0.439435 0.539665 0.538106 0.52629 0.444139 0.516586 0.600949 0.527791
0.999952 0 1 0.860014 0.557201 0.471355 0.14666 0.505659 0.410685 0.598891 0.319033 0.595531 0.750171 0.642215 0.569574 0.691095 0.689048 0.66814 0.370971 0.368944
1 0.218297 0 1 1 0.990436 0.977359 0.192976 0.0955835 0.118963 0.29332 0.499301 0.0799614 0.115995 0.0217597 1 0.0181391 1 0.307819 1
0.99804 0.859788 0.00238558 1 0.564643 0.496701 0.625225 0.374728 0.368883 0.329706 0.629182 0.474749 0.182297 0.26551 0.458062 0.689753 0.478974 0.730911 0.620097 0.54289
1 0 1 0.987662 0.723307 0.490085 0.360301 0.443394 0.498669 0.480916 0.439216 0.43305 0.683806 0.252846 0.650412 0.642887 0.406797 0.688288 0.55512 0.593408
1 0.354986 0.415765 0 0.138512 0.98272 0.9397 0.309115 0.0412818 0 0.935546 0.0527818 0 0 0 0.0256337 0.987796 0.126303 1 0.00921216
0 1 1 0.345449 1 0.329597 0 1 1 1 0.176931 1 1 1 1 0.341575 0 0 0.0156565 0.941559
0.964564 0.194449 1 0.0849204 0.557743 0.643381 0.402966 0.486745 0.34482 0.498318 0.331222 0.429942 0.388804 0.515268 0.591692 0.55155 0.43816 0.623232 0.53143 0.274858
0 1 0.215381 1 0 0 1 1 1 1 1 1 0 0 1 0 0 0 1 1
1 1 0.371471 0 0.791637 0.488564 0.564595 0.442204 0.168249 0.536298 0.0224571 0.122541 0.685467 0.468045 0.881419 0.434105 0.522505 0.658782 0.569792 0.251656
0.999997 0 0.969736 0.645967 0.633567 0.580776 0.0113576 0.0280143 0.731469 0 0.192268 0 1 0.384672 0.70983 0.364383 0.181336 0.702821 0.610597 0.538701
0.879678 0.96894 0 0.17183 0.434965 0.608054 0.509765 0.482057 0.345695 0.468264 0.434485 0.436757 0.351706 0.480164 0.570766 0.554076 0.378166 0.516827 0.560632 0.5205
0.999986 1 0 0.474271 0.376442 0.574075 0.496288 0.409979 0.32288 0.485809 0.380224 0.386235 0.568416 0.527172 0.47285 0.580496 0.444921 0.468174 0.637506 0.527398
0.998879 0.174469 0 0.309713 0.389946 0.580239 0.886683 0.403841 0.0444539 0.352735 0.785933 0.744455 0.288902 0.286423 0.629194 0.456671 0.69094 0.827035 0.740345 0.274073
0.0254911 1 1 1 0.217844 0.302831 0.508985 0.976619 0.491532 0.816173 0.361539 0.493662 0.664385 0.153254 0.373527 0.940439 0.124498 0.152505 0.350189 0.118565
0.999957 0 0.667598 0.138068 0.186552 0.603586 0.568357 0.485788 0.355201 0.524821 0.324981 0.64585 0 0.635211 0.254532 0.569859 0.314165 0.555394 0.603534 0.352558
0 1 0.0732128 0 1 1 1 0 1 0 0 1 0 1 0 1 1 1 0 0
1 0.829561 0 0.899071 0.646114 0.648003 0.025619 0.464999 0.605189 0.502841 0.524298 0.561211 0.216249 0.896089 0.226474 1 0.808797 0.443213 0.790346 0.726376
0.999707 1 0 0.2705 0.387819 0.70055 0.541356 0.363465 0.345546 0.420799 0.312594 0.513023 0.488127 0.499201 0.563738 0.634353 0.449983 0.6031 0.589201 0.595635
1 1 0.000596395 0.792044 0.581303 0.382335 0 0.729699 0.344957 0.723692 0.129015 0.796876 0.340603 0.0916696 0.599543 1 0.338902 1 0.618737 0.825106
0.964522 0.956361 0.991994 0.993229 0.529365 0.655896 0.486125 0.618865 0.516528 0.434593 0.532807 0.449246 0.330457 0.306221 0.460894 0.370746 0.15333 0.527914 0.546478 0.355357
0.997296 0.227385 0.806356 0.99375 0.440414 0.740606 0.59574 0.593548 0.728 0.5549 0.424897 0.651334 0.362865 0.240365 0.514788 0.707246 0.261071 0.436923 0.381853 0.629315
0 0.994176 0.996334 0.00641899 0.677882 0.699044 0.231552 0.607781 0.516636 0.367431 0.423888 0.620179 0.448013 0.81235 0.418287 0.434031 0.44686 0.162075 0.126417 0.356213
1 0.49434 1 0 1 0.827096 0.257735 0.999033 0 0.331758 0.470133 0.515547 1 0.364635 0.393998 0.144598 0.254603 0.443903 1 0.158982
0.999972 0 0.874202 0.786036 0.614515 0.603833 0.361983 0.465254 0.378414 0.50328 0.424272 0.516897 0.598609 0.682853 0.437006 0.539337 0.603676 0.51581 0.507484 0.413898
0 0.99971 0 0 0.921155 0.910059 0.99191 0 0.733826 0 0.0695704 0.695001 0.00248057 0.997213 0.0156023 0.760366 0.995462 0.991268 0.00182991 0.243696
0.992291 0.893488 1 1 0.468638 0.57032 0.441803 0.581245 0.557859 0.367886 0.411795 0.281886 0.310797 0.505181 0.578113 0.460822 0.0803781 0.708034 0.768843 0.205117
1 0.0468559 0 0.161535 0.0509789 1 1 0.260389 0 0.283347 1 0.301204 0 1 0 0.369724 1 0 1 0
0.999986 0 0.0129264 1 0.546348 0.442192 0.319949 0.429114 0.284212 0.405787 0.7365 0.554814 0.323753 0.22975 0.472115 0.458899 0.74408 0.72256 0.405657 0.546293
1 0 0.988328 0.978552 0.462832 0.495956 0.300063 0.399334 0.377389 0.470079 0.399376 0.602821 0.468597 0.574564 0.357135 0.634652 0.565473 0.584899 0.278723 0.448318
0.999999 0 1 0 0.400765 0.882622 0.500984 0.249388 0.441462 0.154897 0.370549 0.34389 0.389724 0.534321 0.645705 0.386266 0.394648 0.781035 0.667662 0
0.996838 1 0.951969 1 0.537796 0.642416 0.496911 0.890896 0.715644 0.583743 0.578765 0.422752 0.270703 0.338878 0.296021 0.591594 0.0751399 0.491197 0.535692 0.329091
0.0166511 1 0 0.890677 0.601252 0.8213 0.909546 0.750581 0.98959 0.678297 0.741103 0.892526 0.0912174 0.173711 0.625938 0.533409 0.635395 0.30085 0.561737 0.555948
0.999581 1 0 0.156246 0.28851 0.73508 0.446616 0.316234 0.366366 0.398135 0.382219 0.303247 0.381889 0.511702 0.569329 0.532831 0.389352 0.480567 0.7182 0.628581
1 0.685621 1 0.00518448 0.566956 0.751908 0.555433 0.569609 0.258432 0.510945 0.26854 0.557614 0.34554 0.808205 0.3576 0.585162 0.452677 0.615887 0.502978 0.192331
1 0 0.971135 0.956323 0.633159 0.585693 0.280499 0.395072 0.490847 0.580291 0.374329 0.686046 0.378271 0.863721 0.426065 0.64544 0.785614 0.394831 0.428422 0.0820017
1 0.388897 0.99954 0.0312319 0.462017 0.586462 0.329481 0.443001 0.375754 0.426825 0.26682 0.374633 0.395901 0.62729 0.461858 0.519564 0.307759 0.726911 0.569142 0.281536
1 0 1 0.449015 0.631483 0.576571 0.181553 0.367997 0.603303 0.355703 0.424341 0.331768 0.668112 0.594784 0.822761 0.515673 0.396428 0.722057 0.842048 0.54752
0.999958 0 0.593056 0.725974 0.605667 0.559151 0.44326 0.445653 0.311645 0.474814 0.569582 0.516142 0.564011 0.515326 0.573104 0.439618 0.6021 0.652511 0.556811 0.372627
0.984181 1.20519e-05 0.76039 0.787916 0.591083 0.571972 0.470249 0.456675 0.381693 0.466947 0.471803 0.500041 0.48264 0.510579 0.505092 0.59427 0.55501 0.571529 0.483732 0.556395
0 1 0 0 1 1 1 0 1 0 0 1 0 1 0 1 1 1 0 0
1 0.0336721 0.997053 0.293844 0.433236 0.96093 0.237399 0 0.327606 0 0.411069 0 0.92769 0.438074 0.265855 0.317192 0.504519 0.319692 0.527225 0.200938
0.999925 6.02594e-06 1 0.307453 0 0.180556 0 0.117399 0.0279034 0.0631479 0 0 1 0.108201 0 0 0 0 0 0
0.20135 1 0.994257 0.0032095 0.642127 0.724418 0.215545 0.619693 0.462616 0.450708 0.425063 0.649599 0.473897 0.686429 0.515334 0.522584 0.542646 0.320309 0.28687 0.302348
1 1 0 0.450427 0.368211 0.650324 0.54726 0.349791 0.315859 0.41281 0.291323 0.383331 0.560382 0.536066 0.455139 0.62891 0.433474 0.537686 0.589994 0.609983
1 0.408799 0 0.465571 0.798009 0.833982 0.912616 0.234328 0.0726687 0.245759 0.745859 1 0.182278 0.199031 0.764176 0.890933 0.339984 0.980704 0.782299 0.780561
0 1 1 0 0.925636 0.736947 0 0.843614 0.324894 0.633509 0.397811 0.709352 0.942964 0.916516 1 0.333806 0.380699 0.0953591 0.418663 0.361492
1 0.273118 0.252445 1 1 1 1 0 0 0 1 1 0 0 1 1 0 1 1 1
0.999574 0.0855914 1 0.675887 0 1 0 0 0 0 0 0 1 0 1 0 0 0 1 1
1 1 0 0 0.43058 0.90904 0.450988 0.292272 0.395339 0.223331 0.0496188 0.533508 0.391407 0.705565 0.681543 0.672768 0.469462 0.662816 0.699828 0.532514
1 1 0.695454 0.687533 0.569417 0.355496 0.487366 0.55116 0.290462 0.473842 0.765966 0.744265 0.535911 0.267528 0.282989 0.626406 0.408521 0.69864 0.438411 0.317382
0 1 0.265761 0 1 1 1 0 1 0 0 1 0 1 0 1 1 1 0 0
0.999986 0 0.965331 0.139337 0.46345 0.694481 0.350322 0.398761 0.414102 0.39315 0.363134 0.420628 0.456616 0.565783 0.655692 0.469746 0.343273 0.665497 0.647675 0.271356
1 0 1 1 0.642594 0.523723 0.189551 0.498348 0.487844 0.577876 0.327999 0.512082 0.636654 0.68864 0.46256 0.72503 0.742163 0.3735 0.268663 0.429538
0.999682 0.0490401 0 0.901791 0.327691 0.522095 0.423703 0.406117 0.314021 0.370403 0.694077 0.597168 0.288804 0.0073728 0.597567 0.626312 0.739981 0.754995 0.516106 0.673003
0.998481 1 1 1 0.563655 0.581376 0.605273 0.527993 0.596338 0.30966 0.41959 0.229128 0.310965 0.444761 0.289289 0.212184 0.196907 0.633775 0.553818 0.198229
0.930747 0.889286 1 0.974324 0.531851 0.544131 0.52155 0.566588 0.419682 0.437285 0.441352 0.472139 0.4002 0.447742 0.549293 0.506408 0.226564 0.516772 0.50868 0.236951
1 1 0 0 0.377682 0.763783 0.465955 0.371153 0.444513 0.399762 0.225595 0.599816 0.338575 0.551638 0.681703 0.650304 0.422232 0.661161 0.69785 0.573998
1 1 0.829837 0.416323 0.251769 0.07475 0 1 0.237007 0.925088 0.97986 1 1 0 0.00825639 0.5 0.5 0.36259 0.256653 0.34728
0.999923 0 0.863656 0.824609 0.695791 0.512927 0.331925 0.33787 0.372601 0.441188 0.479333 0.405282 0.631816 0.522896 0.573856 0.569414 0.712244 0.64757 0.450108 0.426199
1 0 1 1 0.92466 0 0 0.185755 0.804253 0.258667 0 0 1 0.155123 1 0 0.117638 0.806953 0 0.187877
0.999477 0.567497 0 0.324739 0.369384 0.760639 0.485788 0.347982 0.251779 0.301088 0.442258 0.421764 0.445274 0.562201 0.647679 0.580537 0.466236 0.440451 0.649749 0.552353
0.983915 1 1 1 0.407354 0.189712 0.514344 1 1 0.838506 0.351708 0.245966 0.310966 0.51759 0 0.471577 0.108587 0.547471 0.284654 0
1 0 0.965433 0.185648 0.579696 0.602548 0.519184 0.48369 0.342269 0.467566 0.369699 0.439112 0.399549 0.49613 0.563993 0.532473 0.367726 0.627917 0.520953 0.31023
0.997699 0.779922 0.00115261 0.778879 0.55855 0.691827 0.498115 0.226424 0.447334 0.430902 0.519038 0.704446 0.150979 0.401519 0.51163 0.730148 0.569249 0.641574 0.7181 0.737741
1 0.453234 0 1 1 1 1 0 0 0 1 1 0 0.159502 0.798931 1 0.0704961 1 1 1
1 0.333686 0.59137 0.00944341 0.659621 0.943846 0.553698 0.399612 0.54979 0.274605 0.370782 0 0 1 0.736167 0.195104 0.669042 0.510622 0.899139 0
1 0.198019 1 0.650408 0 1 0 0 0.0330135 0.000534855 0.0261574 0 1 0 1 0 0 0 1 1
0.0172372 1 0 1 0.381942 0.403557 1 0.507133 1 0.755462 1 1 0 0.612295 1 0 0.921006 0 1 1
0.999709 0.379955 0 0.916877 0.209919 0.30556 0.272257 0.313109 0.426129 0.555979 0.717613 0.588192 0.185254 0 0.845171 0.68178 0.599954 0.794256 0.617129 0.729508
0.227317 1 1 1 0.381204 0.483424 0.607058 0.774261 0.443905 0.618831 0.398286 0.474929 0.491268 0.281257 0.429954 0.931071 0.158026 0.375443 0.456862 0.209339
1 0.341776 1 1 0.649102 0.504701 0.42465 0.681037 0.825859 0.573434 0.481729 0.515879 0.3403 0.42419 0.38344 0.697338 0 0.823496 0.584238 0.556604
0 1 0 0.98326 0.494005 0.710032 1 0.445431 1 0.714297 0.796226 0.678433 0.0313521 0.120505 0.909929 0.0709387 0.448235 0 0.469931 0.706104
0.996962 1 0.233042 1 0.797343 0.740316 0.880428 0.2599 1 0.189604 0.596609 0.721125 0.143045 1 0.427204 0.0489166 0.852604 0 0.616784 0.696781
0.899628 1 1 0 0.497924 0.637282 0.366957 0.533889 0.315072 0.455716 0.331314 0.486604 0.400277 0.509444 0.337349 0.443734 0.396295 0.513178 0.40951 0.354131
1 1 0.21629 0 0.625804 0.505525 0.608114 0.544825 0.428086 0.474821 0.301616 0.10333 0.683188 0.414296 1 0.227249 0.610247 0.389917 0.537091 0.326046
1 0.77536 0.997998 0.968718 0.60569 0.625489 0.478824 0.488703 0.487947 0.362969 0.462181 0.486814 0.356301 0.468116 0.591657 0.296046 0.213646 0.588131 0.540466 0.342708
1 0.204294 0.317935 0.959636 0.828689 0.949137 0.942109 0.0352891 0 0.0536539 1 0.967131 0.116351 0 1 0.950061 0.118065 0.946735 0.943117 0.948176
1 0 0.489168 0.608711 0.481664 0.657026 0.616705 0.463699 0.316093 0.449137 0.649928 0.447979 0.240543 0.783726 0.0330436 0.603351 0.782092 0.65223 0.576237 0.763002
0.999957 0 0.682031 0.140845 0.294719 0.647313 0.691658 0.548641 0.286632 0.528621 0.416966 0.604031 0.0828296 0.605181 0.167348 0.616863 0.328275 0.585777 0.547364 0.504894
0.999682 0.232736 0 0.970374 0.279311 0.555064 0.551672 0.331105 0.230819 0.298745 0.81843 0.564981 0.175462 0 0.57998 0.708479 0.679935 0.822834 0.777496 0.895684
0.999246 1 0 0.270443 0.43526 0.834903 0.674121 0.361788 0.349726 0.265297 0.277837 0.643129 0.192985 0.490511 0.527254 0.661177 0.335166 0.763126 0.633292 0.46595
1 0.373472 0 0 0 1 1 0 0 0 1 0 0 1 0 0 1 0 1 0
0 1 0.215988 0 1 1 0.442313 0.0932594 0.978386 0 0 0.779357 0.412776 1 0.765871 0.764092 0.614252 0.561637 0 0
0.0631394 1 0 0 0.561273 0.25905 0.493451 0.0188388 0.747556 0.203055 0.482926 0.273511 0.118619 0.95074 0.514233 0.340568 0.881419 0.697658 0.0387034 0.451993
1 1 0 0.480807 0 0.709586 0.244455 0.278005 0.538558 0.418598 0.444639 0.125319 0.0528158 0.45206 0.400211 0.604263 0.213546 0.429777 0.735552 0.749962
0.999925 0.0108456 0.530855 1 0.56139 0.359818 0.48412 0.384463 0.507538 0.597788 0.331135 0.591161 0.410034 0.212761 0.558215 0.913302 0.838951 0.67671 0.175316 0.672889
0.999885 0 1 0.782253 0.510789 0.740717 0.32931 0.240966 0.376683 0.275887 0.466368 0.432 0.52333 0.766178 0.517884 0.640908 0.635528 0.407062 0.561864 0.142507
0 1 0.109261 1 0 0 1 1 1 1 1 1 0 0 1 0 0 0 1 1
1 0 0.70731 0.709703 1 0.476601 0.577373 0.390245 0.519623 0.703661 0.488639 1 0.44553 0.444167 0.901962 0.834943 0.538053 1 0 0.768628
0.999938 0.136756 0 0 0 1 1 0 0 0 1 0 0 1 0 0 1 0 1 0
0.999965 1 0 0.166083 0.520503 0.783312 0.844424 0.468418 0.605555 0.307598 0.238808 0.477735 0.39594 0.542337 0.547844 0.608682 0.128214 0.609318 0.436236 0.355036
1 0 0.979866 0.975151 0.666483 0.607611 0.437479 0.46147 0.409024 0.465428 0.546159 0.512852 0.436839 0.558205 0.514425 0.496634 0.57112 0.601417 0.518666 0.43925
0.999682 0.0490401 0.664365 0.749085 0.164951 0 0.0397049 0.727005 0.795366 1 0.684269 0.0811581 0.610903 0.87139 0 0.575191 1 0.459026 0.212672 0.111773
0.999986 0 0.00276711 0.89038 0.498494 0.499481 0.444749 0.405684 0.210974 0.37104 0.692491 0.549264 0.318286 0.200856 0.505778 0.475154 0.696493 0.724442 0.417661 0.520518
0.990243 0.380005 1 0.995174 0.432303 0.580767 0.411046 0.744541 0.734245 0.517032 0.351799 0.407694 0.429713 0.328697 0.548116 0.371583 0 0.382766 0.632009 0.40222
0 1 1 0.701232 0 0 0 1 0 1 1 1 1 0 0 1 1 0 0 0
1 1 0 0.192073 0.329323 0.688802 0.529727 0.401655 0.406351 0.380207 0.160022 0.420462 0.487695 0.567853 0.556754 0.615567 0.340461 0.654594 0.611116 0.555116
1 0.0668529 0 1 1 1 1 0 0 0 1 1 0 0 1 1 0 1 1 1
0 1 1 0.248158 1 0 0 0.936413 1 1 0 1 1 1 1 1 0 1 0 1
0.999365 0.142448 0.681365 0 0.381004 0.787968 0.486644 0.50366 0.428314 0.5652 0.318558 0.425825 0.244979 0.50234 0.752484 0.702717 0.160646 0.343701 0.755668 0.379526
0.997468 0.34935 0 0.358503 0.236699 0.696084 0.591321 0.201165 0.14474 0.259443 0.582419 0.256426 0.335135 0.561053 0.447786 0.359119 0.679485 0.542315 0.58803 0.500765
0.68069 1 0.999029 0 0.538617 0.663397 0.199841 0.652204 0.305572 0.521607 0.27636 0.484309 0.441328 0.645809 0.375855 0.527374 0.463307 0.468233 0.375685 0.338647
0.999029 0.157968 0.23281 0 0.477849 0.558725 0.52801 0.472618 0.0510599 0.188656 0.573093 0.667415 0.734319 0.661695 0.512921 0.00713691 0.358568 0.728114 0.574598 0.0317854
1 0.435209 1 0.254236 0.837158 0.635768 0.540394 0.561326 0 0.0510074 0.911185 0.747169 0.960798 0 0.231674 0.630597 0.813155 0.510464 0.850144 0.0921786
1 0.905035 0.00265328 0.664945 0.417598 0.545004 0.569408 0.404815 0.310265 0.458232 0.441947 0.40368 0.480837 0.434658 0.463517 0.59058 0.429864 0.560201 0.613175 0.582817
0.998726 1 0 0.322326 0.390307 0.636112 0.430204 0.426833 0.517231 0.442692 0.457737 0.566415 0.283803 0.401228 0.619514 0.603366 0.358801 0.594008 0.569375 0.731366
1 0.0972244 1 0.0169873 0.440361 0.628249 0.525202 0.5895 0.359426 0.498941 0.377544 0.715708 0.239456 0.72884 0.575296 0.543222 0.409743 0.840358 0.711044 0.13766
0 1 1 0.559942 0 0 0 1 0 1 1 1 1 0 0 1 1 0 0 0
0.999852 1.20519e-05 0.878998 0 0 0.43124 0.136923 0.234797 0 0.126296 0.119239 0.209536 0.896855 0.304901 0 0 0.124273 0.0911982 0.0851086 0
1 0 1 0.124708 0 0.429981 0 0 0 0 0.00050436 0 1 0 0 0 0 0 0 0
0.999961 0 0.281782 0.467524 0.931791 0.589866 0.80814 0.621762 0.155648 0.636644 0.616634 0.822761 0.311072 0.483329 0.3781 0.747126 0.862087 1 0 1
0.99967 0.0670569 0.0308633 1 0.875153 0.244672 0.55032 0.311142 0.236426 0.606558 0.745864 1 0.180725 0 1 1 0.305007 1 0.312946 1
1 0 0.478039 0.833535 0.410288 0.430141 0.304926 0.373405 0.221671 0.462125 0.51663 0.702611 0.358225 0.450829 0.397931 0.281604 0.49787 0.627006 0.340044 0.422185
1 0.00038566 0.0203186 0.66707 0.50822 0.482586 0.575588 0.523348 0.258837 0.534141 0.654405 0.534251 0.281885 0.259154 0.531355 0.524235 0.493655 0.646247 0.607314 0.546519
1 0.500018 0.984811 0.38258 0.536216 0.59678 0.433678 0.590853 0.327243 0.53277 0.404468 0.462339 0.507086 0.534009 0.45388 0.571607 0.434842 0.459271 0.4719 0.522036
0.0169987 1 0.116517 1 0.590617 0.584943 0.944424 0.409782 0.934028 0.556106 1 0.86887 0 0.729262 0.933527 0 0.88135 0 0.990087 0.917629
0 1 0 1 0 0 1 1 1 1 1 1 0 0 1 0 0 0 1 1
1 0 1 0.946219 0.342622 0.484922 0 0.450954 0.617954 0.633734 0.0997799 0.0657371 1 0 1 0.299666 0 0.10653 0.918729 0.988936
1 1 0 0.703026 0.269418 0.680742 0.237949 0.273585 0.613166 0.355965 0.542173 0.315604 0.032736 0.540913 0.343182 0.661716 0.364704 0.538745 0.652532 0.81903
0.964564 0.571492 0.994153 0 0.539835 0.632802 0.354194 0.539668 0.333787 0.540039 0.254994 0.416573 0.343956 0.536934 0.515147 0.593362 0.434347 0.647851 0.493557 0.30154
1 0 0.40692 0.87229 0.667071 0.504438 0.229531 0.462987 0.365291 0.348701 0.555881 0.304084 0.523201 0.535639 0.279794 0.271161 0.778037 0.633554 0.297913 0.316013
0.402699 1 0.991554 0 0.573851 0.821435 0.208773 0.72721 0.37867 0.551801 0.321941 0.673414 0.470167 0.573552 0.6318 0.645423 0.55929 0.390429 0.421148 0.235252
0.999972 0 0.675245 0.304355 0.399287 0.663469 0.582631 0.529413 0.326954 0.507759 0.459085 0.561532 0.204493 0.693024 0.260456 0.608108 0.480773 0.60946 0.582835 0.511334
1 1 1 0 0.337508 0.662354 0.468647 0.529936 0.35865 0.412822 0.320572 0.447785 0.151505 0.319172 0.143229 0.642117 0.441288 0.616552 0.41785 0.310466
1 1 0.0489085 0 0.447811 0.14602 0 0.896192 0.243166 0.960519 0.530158 0.324836 0.933296 0.183267 0.820755 0 0.476043 0.434321 0.510926 0.439736
1 0 1 1 0.409725 0.593685 0.113107 0.458286 0.374621 0.447567 0.149774 0.694576 0.653834 0.700758 0.123866 0.745664 0.438902 0.540997 0.469006 0.511403
1 1 0 0.540391 0.358407 0.625211 0.550212 0.342954 0.301015 0.408816 0.280688 0.318484 0.59651 0.554498 0.40084 0.626188 0.42522 0.504979 0.590391 0.617157
1 0.101393 0 0.13929 0.0337178 0.834426 0.650719 0.294382 0 0.575873 0.965326 0.749809 0.0826884 0.479189 0.379876 0.822824 0.971055 0.322705 0.962253 0.33372
1 0.228556 0 0.39023 0.388981 0.553927 0.773957 0.466126 0.170945 0.45885 0.553211 0.536338 0.197668 0.170833 0.614301 0.641242 0.361696 0.716165 0.656778 0.530069
1 0.912685 0.979229 0.94909 0.542399 0.597923 0.483931 0.59914 0.438949 0.40009 0.388241 0.41562 0.355692 0.477188 0.541145 0.509953 0.201862 0.533416 0.591429 0.264755
0.997789 0.0318302 0 0.115511 0.238146 0.759396 0.874988 0.170266 0 0.0846694 0.583513 0.305058 0.341471 0.467392 0.443017 0.271112 0.685262 0.646223 0.46696 0.407236
1 0 0.999454 0.87935 0.620408 0.817062 0.33796 0.496339 0.418301 0.432504 0.261425 0.567667 0.465208 0.913192 0.109467 0.798666 0.709728 0.302358 0.453381 0.573432
0.999936 0 0.874501 0.765559 0.504295 0.558374 0.369953 0.406032 0.340092 0.451287 0.451495 0.474666 0.602689 0.647168 0.456032 0.645386 0.73245 0.593891 0.386718 0.398959
0.972333 0.988353 0.00397991 0.481022 0.415158 0.583471 0.531585 0.425015 0.339796 0.466282 0.443702 0.398452 0.453306 0.465882 0.526939 0.556724 0.419428 0.51602 0.624027 0.535657
0.799256 1 1 0 0.538843 0.64526 0.258498 0.556457 0.362023 0.455479 0.381258 0.477944 0.439253 0.55551 0.40431 0.417199 0.366479 0.430142 0.426291 0.357735
0.999923 0 0.811602 0.658577 0.458715 0.619456 0.375669 0.432108 0.324052 0.471615 0.437421 0.471085 0.531217 0.728137 0.452184 0.536849 0.669323 0.541936 0.488209 0.336935
0 1 0 1 0.546759 1 1 1 1 0.89892 0.92241 1 0 0 0.685983 0.553687 0.46691 0.0105455 0.920003 0.632635
1 0.502184 0.207883 0 0.0468118 1 0.971598 0.139002 0.0412818 0 0.977823 0.0163519 0 0.43806 0 0.0343241 0.987796 0.0645546 1 0.00921216
0.996875 1 0.991699 1 0.482685 0.668822 0.468561 0.697499 0.596313 0.424698 0.508013 0.362224 0.310859 0.253636 0.407969 0.303693 0.0400474 0.504787 0.614589 0.418269
1 0 1 1 0.461146 0.508603 0.319024 0.433066 0.423974 0.462835 0.312988 0.650903 0.558731 0.627955 0.299337 0.75758 0.524741 0.58478 0.203304 0.508705
0.999787 0 1 0.868408 0.663813 0.665089 0.203681 0.380555 0.755117 0.383076 0.42991 0.458035 0.664352 0.504674 0.820065 0.553244 0.38127 0.694436 0.741909 0.593401
1 1 0 0.509119 0.0731095 0.70348 0.174762 0.342547 0.523464 0.477996 0.422425 0.175474 0.117334 0.555643 0.370813 0.707449 0.336384 0.379772 0.795327 0.707566
0.999581 1 0 0.156246 0.28851 0.73508 0.446616 0.316234 0.366366 0.398135 0.382219 0.303247 0.381889 0.511702 0.569329 0.532831 0.389352 0.480567 0.7182 0.628581
1 0 1 0.0822508 0.356901 0.597398 0.217829 0.400765 0.468588 0.479224 0.249311 0.418279 0.484881 0.662118 0.589576 0.463039 0.265555 0.588417 0.621621 0.309468
1 1 1 0 0.337508 0.662354 0.468647 0.529936 0.35865 0.412822 0.320572 0.447785 0.151505 0.319172 0.143229 0.642117 0.441288 0.616552 0.41785 0.310466
1 0 1 0.861195 0.310388 0.375274 0.0671846 0.872855 0.594409 0.891821 0.123833 0.307981 0.588156 1 0 0.528102 1 0.225156 0.111491 0.457279
0.0289184 1 1 0 1 0.871043 0.100628 0.672182 0.0878928 0.369143 0.64394 0.509667 0.929922 1 0.859661 0 0.26848 0 0.518452 0.159672
0.998831 1 0.0375474 0.930549 0.369091 0.343427 0.623197 0.602848 0.305219 0.420607 0.572782 0.542509 0.257792 0.14582 0.619695 0.79228 0.525441 0.821928 0.722745 0.300473
1 1 0.925467 1 0.664983 0.708414 0.66506 0.398043 0.538982 0.214859 0.554412 0.365731 0.239443 0.444761 0.426154 0.286725 0.152625 0.693542 0.650958 0.349839
0.999623 1 0 0.292827 0.15603 0.78056 0.392848 0.386648 0.391744 0.432662 0.290257 0.339237 0.197458 0.530442 0.462849 0.707179 0.321615 0.491962 0.785707 0.531027
1 0 0.625854 1 0.509785 0.433595 0.282237 0.492706 0.427794 0.611281 0.579562 0.618037 0.404259 0.441295 0.509566 0.548573 0.693085 0.633276 0.569539 0.392835
0.932168 0.901004 0.992288 0.985217 0.576044 0.64297 0.50369 0.540231 0.436742 0.444488 0.557601 0.536269 0.350056 0.358806 0.51382 0.437799 0.266612 0.551041 0.478368 0.292446
0.0228343 1 0 0.820073 0.108632 0.272729 0.994096 0.756093 1 1 0.864253 0.902034 0.242904 0 1 0.00544383 0.0165092 0.0654142 0.970005 0.966435
1 0.6302 0 0.035656 0 0.799754 0.532662 0.0983379 0 0.476181 1 0 0.0391182 1 0.0673483 0.470478 1 0 1 0.0418909
0.999986 1 0 0.869022 0.419836 0.576606 0.455435 0.398868 0.356258 0.48474 0.468454 0.423105 0.587061 0.55821 0.448066 0.562576 0.546617 0.454924 0.636362 0.591909
0.999439 0.166101 0 0.237835 0 0.961605 0.77204 0.115815 0.0250279 0 1 0.0348025 0 1 0.100248 0 1 0.0736786 1 0
0.799256 1 1 0 0.538843 0.64526 0.258498 0.556457 0.362023 0.455479 0.381258 0.477944 0.439253 0.55551 0.40431 0.417199 0.366479 0.430142 0.426291 0.357735
0.999923 0.00019283 0.373815 0.82351 0.617474 0.493946 0.364877 0.345055 0.313382 0.4507 0.618616 0.414987 0.427256 0.387408 0.570832 0.510351 0.71557 0.680792 0.509227 0.405894
1 0.614843 0 1 1 0.994393 1 0 0.885288 0 0.866252 0.994331 0 1 0.700934 0.197997 0.764041 0.119534 0.811063 1
0.999229 0 0.385285 0 0.929808 0.906957 0.827646 0.673737 0.12125 0.331998 1 0.830308 0 1 0.568741 0.0165347 1 0.725283 0.447517 0.205037
0.0642459 1 0 0.134602 0.351306 0.682024 0.927937 0.236133 0.973399 0.637169 0.486486 0.555715 0.22276 0.329114 1 0.0569853 0.105359 0.0814002 0.606453 0.722511
0.992369 1 0.742304 1 0.59764 0.269435 0.904784 0.883817 0.464814 0.432089 0.708058 0.547997 0.176805 0.355271 0.103009 0.600879 0.128611 0.714439 0.486567 0
0.995457 0.828817 0.578139 0.985578 0.628849 0.557587 0.732067 0.648422 0.283478 0.31981 0.579006 0.369406 0.258452 0.433548 0.374901 0.392621 0.286254 0.568472 0.717612 0.18423
1 0 0.826029 0.997109 0.645048 0.634317 0.357665 0.552634 0.240458 0.534471 0.301597 0.780505 0.530004 0.628445 0.163247 0.740437 0.607575 0.748607 0.367354 0.757051
0.114867 1 0.00525993 0.0441229 0.764766 0.99994 1 0.33705 0.431877 0.166981 0.103953 1 0.524017 0.250965 0.759609 0.516782 0.0693198 0.966315 0.217989 0.674625
1 1 1 0 0.451517 0.639512 0.475415 0.512084 0.268758 0.46364 0.27175 0.492973 0.358614 0.468163 0.270389 0.475038 0.443719 0.595042 0.395347 0.341685
1 0.110706 0.372559 1 0.980579 1 1 0 0 0 1 1 0 0 1 1 0 1 1 1
1 0.988703 0.698903 0.0437279 0.528511 0.568873 0.48373 0.5806 0.236498 0.541002 0.249021 0.452706 0.371022 0.595778 0.395899 0.594012 0.468442 0.574738 0.460631 0.382107
0.999335 0.658928 0.000177325 0.651317 0.384511 0.672408 0.450965 0.482443 0.22239 0.570761 0.48164 0.698868 0.254336 0.281043 0.515369 0.924749 0.53801 0.652049 0.749953 0.532406
0.999952 0 0.865346 0.765662 0.610842 0.458036 0.282968 0.513008 0.413312 0.655495 0.390109 0.702298 0.642722 0.643675 0.563784 0.711177 0.66535 0.839683 0.338147 0.496821
1 0 0.0196093 0.621373 0.359003 0.382147 0.667655 0.456838 0.175584 0.499906 0.771188 0.549182 0.129674 0.0765255 0.585693 0.54898 0.48442 0.841826 0.614867 0.5806
0.999971 0 0.930661 0 0.358838 0.776267 0.52477 0.422258 0.389638 0.360639 0.319395 0.509488 0.279083 0.568321 0.566787 0.499566 0.287051 0.673863 0.628548 0.129833
1 0 1 0.784927 0.508685 0.497931 0.167912 0.513484 0.494736 0.648869 0.368497 0.566846 0.528555 0.598623 0.537459 0.677299 0.660475 0.564279 0.471802 0.265011
1 0 1 0.583926 0.662223 0.553704 0 0.481834 0.64925 0.572605 0.528715 0.534849 0.470059 0.563991 0.878111 0.783927 0.573859 0.506909 0.831822 0.376133
1 1 0 0.294137 0.354674 0.707475 0.527358 0.326028 0.357531 0.379475 0.255227 0.357773 0.425703 0.536262 0.357127 0.638408 0.463253 0.495095 0.518219 0.626753
0 1 0.323071 1 0 0 1 1 1 1 1 1 0 0 1 0 0 0 1 1
1 1 0.000149099 0.460687 0.202612 0.557676 0.147223 0.423062 0.770056 0.465093 0.194375 0.274342 0.196304 0.579331 0.411015 0.55417 0.375976 0.584138 0.523545 0.763183
0.999997 0 0.750692 0.938215 0.67771 0.500216 0.349972 0.449062 0.38392 0.486134 0.468779 0.515677 0.636367 0.489361 0.528347 0.624873 0.688649 0.595909 0.384017 0.504213
0.998848 0.66883 0.0014186 0.560649 0.453333 0.696814 0.432666 0.386845 0.354834 0.484308 0.56479 0.625749 0.268736 0.410281 0.646142 0.615134 0.580958 0.435386 0.743638 0.641092
1 0.199903 0 0 0 1 0.997331 0 0 0 1 0 0 1 0 0 1 0 1 0
0.0819453 1 0 0.104304 0.616176 0.652194 0.892281 0.0447442 0.670957 0.1634 0.514759 0.452812 0 0.745334 0.427907 0.563008 0.687411 0.595753 0.173014 0.550576
0 1 0.790708 0 1 0.527861 0.0401059 0.806368 0.988272 0.89531 0.0312256 1 1 1 1 0.909767 0.346335 0.784871 0 0.736282
0.983922 1 1 0 0.43642 0.638856 0.407528 0.574541 0.276086 0.470718 0.293562 0.415081 0.244617 0.443051 0.21866 0.590849 0.465696 0.597359 0.411355 0.292041
0.972333 0.988353 0.00397991 0.481022 0.415158 0.583471 0.531585 0.425015 0.339796 0.466282 0.443702 0.398452 0.453306 0.465882 0.526939 0.556724 0.419428 0.51602 0.624027 0.535657
1 0.294926 0.0438328 0 0.347386 0.417023 0.473051 0.707937 0.343408 0.630608 0.884732 0.857524 1 0.618551 0.604841 0.0729782 0.52028 0.478938 0.568678 0.167234
1 1 0.739998 0.151065 0.337515 0.289743 0.429198 0.699482 0.272199 0.666963 0.3159 0.296806 0.170015 0.305763 0.248973 0.339703 0.352133 0.853061 0.488038 0.508758
0.999946 0 0.0110685 0.587991 0.602699 0.969585 0.744649 0.542472 0.100318 0.153356 0.509866 0.587494 0.426853 0.632897 0.0891085 0.665388 0.794662 0.594297 0.511305 0.547123
0.999521 0.334318 0 0.811139 0.465173 0.582805 0.348845 0.397561 0.316191 0.404399 0.633109 0.685916 0.259261 0.29708 0.512067 0.551554 0.680676 0.641221 0.532973 0.670807
1 0.532717 0.619843 0 0 0.688802 0.716689 0.468835 0.252387 0 0.740913 0.03713 0 0 0 0.357497 0.928207 0.505639 1 0.103892
