1 1 1 1 0.999747 1 0 0 1 0 0 0 0.5 0.000262607 1 0 0 0.204817 0 0
0.256599 0 0.0455798 0 0.827855 0.0860652 0.635733 0.243505 0.371354 0.21206 1 0 0.739735 0.581308 0.35994 0 1 0.356992 0.129849 0.674101
0 0.576382 0 0.266797 0.914275 0.0566487 0.268281 1 0.0595018 0 0.665775 0.355012 0.843585 0 0.262366 0.897634 0 0.459737 1 0.458489
0.923707 0 0.370972 0.37602 1 0.44471 0.930834 0 0.57709 0.25255 0.0558883 0.725787 0.309684 0 0.223441 0.961187 0.542764 0.288679 0.208526 0
0 0.357608 0.600131 0.531427 0.154336 0.0616681 0.9472 0.454139 0.833686 0.27137 0 0.385568 0.937293 0.0956265 1 0.659855 0.889816 0.55538 0.597505 1
0.39277 0.483442 1 0.786851 0.00101665 0.5 0.5 0.5 1 1 0.5 0.5 0.5 0.499906 0.5 0.5 1 0.5 0.5 0.5
0.99376 0.475242 1 0.786851 0.000297185 0.5 0.5 0.5 1 1 0.5 0.5 0.5 0.499975 0.5 0.5 1 0.5 0.5 0.5
0.00549417 0.990947 1 0.786851 0.000253108 0.5 0.5 0.5 1 1 0.5 0.5 0.5 0.500116 0.5 0.5 1 0.5 0.5 0.5
6.07701e-05 0.916912 1 0.786851 0.000205422 0.5 0.5 0.5 1 1 0.5 0.5 0.5 0.500165 0.5 0.5 1 0.5 0.5 0.5
0.416071 1 1 0.786851 8.29328e-05 0.5 0.5 0.5 1 1 0.5 0.5 0.5 0.500018 0.5 0.5 1 0.5 0.5 0.5
0.958649 1 1 0.786851 0.00023124 0.5 0.5 0.5 1 1 0.5 0.5 0.5 0.500241 0.5 0.5 1 0.5 0.5 0.5
0 0.00181652 0 0 0.5 0.5 0.801816 0.5 0 0.5 1 0.5 0.5 0.200174 0 1 0 0.295183 1 0.398387
0 0.2122 0 0 0.499991 0.5 0.801816 0.5 0 0.5 1 0.5 0.5 0.200549 0 1 0 0.295183 1 0.398387
0.000859023 0 1 0.786851 0.000251467 0.5 0.5 0.5 1 1 0.5 0.5 0.5 0.499994 0.5 0.5 1 0.5 0.5 0.5
0.0255513 0.85968 1 0.786851 0.000177682 0.5 0.5 0.5 1 1 0.5 0.5 0.5 0.499887 0.5 0.5 1 0.5 0.5 0.5
0.259166 0 0 0 0.500045 0.5 0.801816 0.5 0 0.5 1 0.5 0.5 0.199587 0 1 0 0.295183 1 0.398387
0.858507 0.0936947 1 0.786851 0.000237376 0.5 0.5 0.5 1 1 0.5 0.5 0.5 0.500051 0.5 0.5 1 0.5 0.5 0.5
0.0305539 0 1 0.786851 0.000228769 0.5 0.5 0.5 1 1 0.5 0.5 0.5 0.500053 0.5 0.5 1 0.5 0.5 0.5
6.11962e-05 0.0329262 0 0 0.500029 0.5 0.801816 0.5 0 0.5 1 0.5 0.5 0.20018 0 1 0 0.295183 1 0.398387
0.111408 0.988163 1 0.786851 0.000106694 0.5 0.5 0.5 1 1 0.5 0.5 0.5 0.500346 0.5 0.5 1 0.5 0.5 0.5
0.0155236 0.864522 1 0.786851 0.000105078 0.5 0.5 0.5 1 1 0.5 0.5 0.5 0.500261 0.5 0.5 1 0.5 0.5 0.5
7.54009e-06 0.998255 1 0.786851 0.00025429 0.5 0.5 0.5 1 1 0.5 0.5 0.5 0.499994 0.5 0.5 1 0.5 0.5 0.5
6.63135e-05 0.000640658 0 0 0.499996 0.5 0.801816 0.5 0 0.5 1 0.5 0.5 0.200155 0 1 0 0.295183 1 0.398387
0.991779 0.484103 1 0.786851 0.000274424 0.5 0.5 0.5 1 1 0.5 0.5 0.5 0.499978 0.5 0.5 1 0.5 0.5 0.5
0.000741007 0.0130147 0 1 0.000289925 0.5 1 0.106993 1 1 0 0 0 0.100245 1 0 1 1 1 1
0.922306 1 1 0.786851 0.00030976 0.5 0.5 0.5 1 1 0.5 0.5 0.5 0.500243 0.5 0.5 1 0.5 0.5 0.5
0.990477 0.581023 1 0.786851 0.000280106 0.5 0.5 0.5 1 1 0.5 0.5 0.5 0.499983 0.5 0.5 1 0.5 0.5 0.5
0.000253979 0.787273 1 0.786851 0.000209751 0.5 0.5 0.5 1 1 0.5 0.5 0.5 0.500301 0.5 0.5 1 0.5 0.5 0.5
0.0260929 0.0463065 1 0.786851 0.000172957 0.5 0.5 0.5 1 1 0.5 0.5 0.5 0.499793 0.5 0.5 1 0.5 0.5 0.5
0.010391 0 1 0.786851 0.000414408 0.5 0.5 0.5 1 1 0.5 0.5 0.5 0.50004 0.5 0.5 1 0.5 0.5 0.5
0.0060489 0.0065935 0 0 0.500037 0.5 0.801816 0.5 0 0.5 1 0.5 0.5 0.200199 0 1 0 0.295183 1 0.398387
0.282806 1 1 0.786851 0.000371636 0.5 0.5 0.5 1 1 0.5 0.5 0.5 0.500034 0.5 0.5 1 0.5 0.5 0.5
0.360007 1 1 0.786851 0.000175234 0.5 0.5 0.5 1 1 0.5 0.5 0.5 0.500092 0.5 0.5 1 0.5 0.5 0.5
0.96449 0.809515 1 0.786851 0.000151811 0.5 0.5 0.5 1 1 0.5 0.5 0.5 0.499681 0.5 0.5 1 0.5 0.5 0.5
0.0308712 0.260936 1 0.786851 0.000485185 0.5 0.5 0.5 1 1 0.5 0.5 0.5 0.500368 0.5 0.5 1 0.5 0.5 0.5
0.000214756 0 1 0.786851 0.000252075 0.5 0.5 0.5 1 1 0.5 0.5 0.5 0.5 0.5 0.5 1 0.5 0.5 0.5
0.0289361 0.041286 1 0.786851 0.000143808 0.5 0.5 0.5 1 1 0.5 0.5 0.5 0.49983 0.5 0.5 1 0.5 0.5 0.5
0.104589 0.137829 0 0 0.500263 0.5 0.801816 0.5 0 0.5 1 0.5 0.5 0.200174 0 1 0 0.295183 1 0.398387
0.00217469 0.98755 1 0.786851 0.000231869 0.5 0.5 0.5 1 1 0.5 0.5 0.5 0.500044 0.5 0.5 1 0.5 0.5 0.5
0.0115494 0.000233157 1 0.786851 0.00029299 0.5 0.5 0.5 1 1 0.5 0.5 0.5 0.499934 0.5 0.5 1 0.5 0.5 0.5
0 0.00250597 0 0 0.499995 0.5 0.801816 0.5 0 0.5 1 0.5 0.5 0.200166 0 1 0 0.295183 1 0.398387
0.929814 1 1 0.786851 0.000269691 0.5 0.5 0.5 1 1 0.5 0.5 0.5 0.500309 0.5 0.5 1 0.5 0.5 0.5
0.0848989 0.0231563 0 0 0.500005 0.5 0.801816 0.5 0 0.5 1 0.5 0.5 0.200096 0 1 0 0.295183 1 0.398387
0.524541 0.168391 1 0.786851 0.000474907 0.5 0.5 0.5 1 1 0.5 0.5 0.5 0.499634 0.5 0.5 1 0.5 0.5 0.5
0.475931 0.280902 1 0.786851 0.000702833 0.5 0.5 0.5 1 1 0.5 0.5 0.5 0.499228 0.5 0.5 1 0.5 0.5 0.5
0.0907531 0 0 1 0.000257586 0.5 1 0.106993 1 1 0 0 0 0.100227 1 0 1 1 1 1
0.128066 0.903912 1 0.786851 0.000971911 0.5 0.5 0.5 1 1 0.5 0.5 0.5 0.500103 0.5 0.5 1 0.5 0.5 0.5
0.890685 0.455143 1 0.786851 0.000373312 0.5 0.5 0.5 1 1 0.5 0.5 0.5 0.4998 0.5 0.5 1 0.5 0.5 0.5
5.40452e-05 0.0585774 0 0 0.500003 0.5 0.801816 0.5 0 0.5 1 0.5 0.5 0.200075 0 1 0 0.295183 1 0.398387
0.71385 0.161772 1 0.786851 0.000690021 0.5 0.5 0.5 1 1 0.5 0.5 0.5 0.499623 0.5 0.5 1 0.5 0.5 0.5
0.0836133 1 1 0.786851 0.000390596 0.5 0.5 0.5 1 1 0.5 0.5 0.5 0.500084 0.5 0.5 1 0.5 0.5 0.5
0.0566913 0.991171 1 0.786851 2.6426e-05 0.5 0.5 0.5 1 1 0.5 0.5 0.5 0.500068 0.5 0.5 1 0.5 0.5 0.5
0.00331022 0.00484803 0 0 0.500025 0.5 0.801816 0.5 0 0.5 1 0.5 0.5 0.200207 0 1 0 0.295183 1 0.398387
0.0022194 0 1 0.786851 0.000288162 0.5 0.5 0.5 1 1 0.5 0.5 0.5 0.499971 0.5 0.5 1 0.5 0.5 0.5
0.94174 0.960572 1 0.786851 0.000392136 0.5 0.5 0.5 1 1 0.5 0.5 0.5 0.500059 0.5 0.5 1 0.5 0.5 0.5
0.127489 0.617762 1 0.786851 6.03005e-05 0.5 0.5 0.5 1 1 0.5 0.5 0.5 0.499765 0.5 0.5 1 0.5 0.5 0.5
0.804795 0 1 0.786851 0.000183583 0.5 0.5 0.5 1 1 0.5 0.5 0.5 0.500042 0.5 0.5 1 0.5 0.5 0.5
0 0.305813 0 0 0.499911 0.5 0.801816 0.5 0 0.5 1 0.5 0.5 0.199345 0 1 0 0.295183 1 0.398387
0.0292195 0.977368 1 0.786851 0.000385901 0.5 0.5 0.5 1 1 0.5 0.5 0.5 0.500306 0.5 0.5 1 0.5 0.5 0.5
0.0699798 0.0650699 0 0.92242 0.000297082 0 1 0.5 0.5 1 0 0.5 0.100421 0.499404 0.5 0.5 1 1 1 1
0.00237855 0.00508354 1 0.786851 0.00026513 0.5 0.5 0.5 1 1 0.5 0.5 0.5 0.499988 0.5 0.5 1 0.5 0.5 0.5
0.0278536 0.0051987 1 0.786851 0.0003423 0.5 0.5 0.5 1 1 0.5 0.5 0.5 0.499876 0.5 0.5 1 0.5 0.5 0.5
0.821759 0.863229 1 0.786851 0.000467629 0.5 0.5 0.5 1 1 0.5 0.5 0.5 0.499957 0.5 0.5 1 0.5 0.5 0.5
0.00285074 0.00195656 0 1 0.000226042 0.5 1 0.106993 1 1 0 0 0 0.10021 1 0 1 1 1 1
0.0151666 0.89169 1 0.786851 0.000104033 0.5 0.5 0.5 1 1 0.5 0.5 0.5 0.500107 0.5 0.5 1 0.5 0.5 0.5
0.0160894 0.0070991 0 1 0.000292335 0.5 1 0.106993 1 1 0 0 0 0.100212 1 0 1 1 1 1
0.00113843 0.0119765 0 0.92242 0 0 1 0.5 0.5 1 0 0.5 0.100421 0.5 0.5 0.5 1 1 1 1
0.968038 0.372443 1 0.786851 0.000200501 0.5 0.5 0.5 1 1 0.5 0.5 0.5 0.499936 0.5 0.5 1 0.5 0.5 0.5
1 0.304137 1 0.786851 0.000247416 0.5 0.5 0.5 1 1 0.5 0.5 0.5 0.500006 0.5 0.5 1 0.5 0.5 0.5
0.0262877 0.037232 1 0.786851 0.000195929 0.5 0.5 0.5 1 1 0.5 0.5 0.5 0.499777 0.5 0.5 1 0.5 0.5 0.5
0.953554 0.146063 1 0.786851 5.41351e-05 0.5 0.5 0.5 1 1 0.5 0.5 0.5 0.500004 0.5 0.5 1 0.5 0.5 0.5
0.206851 0.929166 1 0.786851 0.000621203 0.5 0.5 0.5 1 1 0.5 0.5 0.5 0.499989 0.5 0.5 1 0.5 0.5 0.5
0.0118386 0.0123781 0 0 0.500019 0.5 0.801816 0.5 0 0.5 1 0.5 0.5 0.200097 0 1 0 0.295183 1 0.398387
0.000780697 0.00783046 0 1 0.000285611 0.5 1 0.106993 1 1 0 0 0 0.100262 1 0 1 1 1 1
0.0209707 1 1 0.786851 0.000366089 0.5 0.5 0.5 1 1 0.5 0.5 0.5 0.500029 0.5 0.5 1 0.5 0.5 0.5
6.45108e-06 0.921847 1 0.786851 0.000222963 0.5 0.5 0.5 1 1 0.5 0.5 0.5 0.500034 0.5 0.5 1 0.5 0.5 0.5
0.00259594 0.00158018 0 1 0.000231566 0.5 1 0.106993 1 1 0 0 0 0.100215 1 0 1 1 1 1
0.0365237 0.0239626 1 0.786851 0.000338403 0.5 0.5 0.5 1 1 0.5 0.5 0.5 0.499892 0.5 0.5 1 0.5 0.5 0.5
2.32038e-05 0.517737 1 0.786851 1.17687e-05 0.5 0.5 0.5 1 1 0.5 0.5 0.5 0.50045 0.5 0.5 1 0.5 0.5 0.5
0.91348 0.816472 1 0.786851 0.00019884 0.5 0.5 0.5 1 1 0.5 0.5 0.5 0.499876 0.5 0.5 1 0.5 0.5 0.5
0.0170342 0.906284 1 0.786851 0.000200955 0.5 0.5 0.5 1 1 0.5 0.5 0.5 0.499922 0.5 0.5 1 0.5 0.5 0.5
0.033615 0.971687 1 0.786851 0.000412 0.5 0.5 0.5 1 1 0.5 0.5 0.5 0.500004 0.5 0.5 1 0.5 0.5 0.5
0.982049 0.536639 1 0.786851 0.000344339 0.5 0.5 0.5 1 1 0.5 0.5 0.5 0.500141 0.5 0.5 1 0.5 0.5 0.5
0.0896928 0.740479 1 0.786851 0.000791207 0.5 0.5 0.5 1 1 0.5 0.5 0.5 0.49948 0.5 0.5 1 0.5 0.5 0.5
0.378109 0.976326 1 0.786851 9.49748e-05 0.5 0.5 0.5 1 1 0.5 0.5 0.5 0.500667 0.5 0.5 1 0.5 0.5 0.5
0.000859023 0 1 0.786851 0.000251467 0.5 0.5 0.5 1 1 0.5 0.5 0.5 0.499994 0.5 0.5 1 0.5 0.5 0.5
0.0561041 0.102968 0 0 0.500231 0.5 0.801816 0.5 0 0.5 1 0.5 0.5 0.199998 0 1 0 0.295183 1 0.398387
0.00386755 0.00234251 0 1 0.000238293 0.5 1 0.106993 1 1 0 0 0 0.100202 1 0 1 1 1 1
0.014399 0.00887944 1 0.786851 0.000302316 0.5 0.5 0.5 1 1 0.5 0.5 0.5 0.49986 0.5 0.5 1 0.5 0.5 0.5
0.884382 0.115055 1 0.786851 0.000375675 0.5 0.5 0.5 1 1 0.5 0.5 0.5 0.50033 0.5 0.5 1 0.5 0.5 0.5
0 0.0920268 0 0 0.499985 0.5 0.801816 0.5 0 0.5 1 0.5 0.5 0.200151 0 1 0 0.295183 1 0.398387
0 0.135904 0 1 0.000106872 0.5 1 0.106993 1 1 0 0 0 0.100411 1 0 1 1 1 1
0.000324239 0.419863 1 0.786851 0.00046379 0.5 0.5 0.5 1 1 0.5 0.5 0.5 0.499571 0.5 0.5 1 0.5 0.5 0.5
0.190626 1 1 0.786851 0.000128303 0.5 0.5 0.5 1 1 0.5 0.5 0.5 0.50029 0.5 0.5 1 0.5 0.5 0.5
0.0652615 0.0197468 0 0 0.500003 0.5 0.801816 0.5 0 0.5 1 0.5 0.5 0.200153 0 1 0 0.295183 1 0.398387
0.00627555 0.00611129 1 0.786851 0.00025709 0.5 0.5 0.5 1 1 0.5 0.5 0.5 0.49998 0.5 0.5 1 0.5 0.5 0.5
0.0667195 0.887949 1 0.786851 0.000507225 0.5 0.5 0.5 1 1 0.5 0.5 0.5 0.500138 0.5 0.5 1 0.5 0.5 0.5
0.879949 0.00257344 1 0.786851 0.000188864 0.5 0.5 0.5 1 1 0.5 0.5 0.5 0.499836 0.5 0.5 1 0.5 0.5 0.5
0.0453799 0.0127151 0 0 0.500012 0.5 0.801816 0.5 0 0.5 1 0.5 0.5 0.200144 0 1 0 0.295183 1 0.398387
0.0161576 0.0901382 1 0.786851 0 0.5 0.5 0.5 1 1 0.5 0.5 0.5 0.499609 0.5 0.5 1 0.5 0.5 0.5
0.981281 0.510432 1 0.786851 0.000253109 0.5 0.5 0.5 1 1 0.5 0.5 0.5 0.500047 0.5 0.5 1 0.5 0.5 0.5
0.967362 0.894287 1 0.786851 0.000433574 0.5 0.5 0.5 1 1 0.5 0.5 0.5 0.499807 0.5 0.5 1 0.5 0.5 0.5
0.000130365 0.85276 1 0.786851 0.000380115 0.5 0.5 0.5 1 1 0.5 0.5 0.5 0.499841 0.5 0.5 1 0.5 0.5 0.5
0.570291 0.182062 1 0.786851 0.000356054 0.5 0.5 0.5 1 1 0.5 0.5 0.5 0.500175 0.5 0.5 1 0.5 0.5 0.5
0.241733 0.0635531 1 0.786851 0.000229323 0.5 0.5 0.5 1 1 0.5 0.5 0.5 0.500237 0.5 0.5 1 0.5 0.5 0.5
0.941801 0.250896 1 0.786851 0.000230828 0.5 0.5 0.5 1 1 0.5 0.5 0.5 0.500095 0.5 0.5 1 0.5 0.5 0.5
0.000630501 0.0106385 0 1 0.00030198 0.5 1 0.106993 1 1 0 0 0 0.100284 1 0 1 1 1 1
0.122133 0.0263701 0 0 0.499999 0.5 0.801816 0.5 0 0.5 1 0.5 0.5 0.199619 0 1 0 0.295183 1 0.398387
0.000456834 0.00373159 1 0.786851 0.00022144 0.5 0.5 0.5 1 1 0.5 0.5 0.5 0.500028 0.5 0.5 1 0.5 0.5 0.5
0.243945 0.252234 1 0.786851 0.000641926 0.5 0.5 0.5 1 1 0.5 0.5 0.5 0.500526 0.5 0.5 1 0.5 0.5 0.5
0.17921 0.744796 1 0.786851 0.000783652 0.5 0.5 0.5 1 1 0.5 0.5 0.5 0.50011 0.5 0.5 1 0.5 0.5 0.5
0.00779401 0.00387202 0 0 0.499984 0.5 0.801816 0.5 0 0.5 1 0.5 0.5 0.200158 0 1 0 0.295183 1 0.398387
0.0160868 0 0 1 0.000245833 0.5 1 0.106993 1 1 0 0 0 0.100224 1 0 1 1 1 1
0.151871 0.172123 0 0.92242 0.000566502 0 1 0.5 0.5 1 0 0.5 0.100421 0.500662 0.5 0.5 1 1 1 1
0.000214756 0 1 0.786851 0.000252075 0.5 0.5 0.5 1 1 0.5 0.5 0.5 0.5 0.5 0.5 1 0.5 0.5 0.5
0.31656 0 0 0 0.499998 0.5 0.801816 0.5 0 0.5 1 0.5 0.5 0.200299 0 1 0 0.295183 1 0.398387
0.028088 0.870803 1 0.786851 0.000131085 0.5 0.5 0.5 1 1 0.5 0.5 0.5 0.499936 0.5 0.5 1 0.5 0.5 0.5
0.00055496 0.000689452 1 0.786851 0.00024992 0.5 0.5 0.5 1 1 0.5 0.5 0.5 0.499986 0.5 0.5 1 0.5 0.5 0.5
0 0.99423 1 0.786851 0.000277171 0.5 0.5 0.5 1 1 0.5 0.5 0.5 0.499963 0.5 0.5 1 0.5 0.5 0.5
0.0195956 0.997293 1 0.786851 0.00029118 0.5 0.5 0.5 1 1 0.5 0.5 0.5 0.499969 0.5 0.5 1 0.5 0.5 0.5
0.202444 0 1 0.786851 0.000390585 0.5 0.5 0.5 1 1 0.5 0.5 0.5 0.49978 0.5 0.5 1 0.5 0.5 0.5
0.951805 0.584683 1 0.786851 0 0.5 0.5 0.5 1 1 0.5 0.5 0.5 0.499964 0.5 0.5 1 0.5 0.5 0.5
2.2343e-05 0.0489215 0 0 0.5 0.5 0.801816 0.5 0 0.5 1 0.5 0.5 0.199993 0 1 0 0.295183 1 0.398387
0.779995 0.56605 1 0.786851 0.000625719 0.5 0.5 0.5 1 1 0.5 0.5 0.5 0.49953 0.5 0.5 1 0.5 0.5 0.5
0.00139353 0.338108 1 0.786851 0.000129927 0.5 0.5 0.5 1 1 0.5 0.5 0.5 0.49973 0.5 0.5 1 0.5 0.5 0.5
0.0836164 0.000207275 1 0.786851 0.000353218 0.5 0.5 0.5 1 1 0.5 0.5 0.5 0.499846 0.5 0.5 1 0.5 0.5 0.5
0.00265119 0.999901 1 0.786851 0.000260123 0.5 0.5 0.5 1 1 0.5 0.5 0.5 0.499983 0.5 0.5 1 0.5 0.5 0.5
0.730794 0.936898 1 0.786851 0.000326565 0.5 0.5 0.5 1 1 0.5 0.5 0.5 0.500495 0.5 0.5 1 0.5 0.5 0.5
0.22498 0.713186 1 0.786851 0.000800354 0.5 0.5 0.5 1 1 0.5 0.5 0.5 0.499936 0.5 0.5 1 0.5 0.5 0.5
0.321947 1 1 0.786851 0.000306911 0.5 0.5 0.5 1 1 0.5 0.5 0.5 0.500231 0.5 0.5 1 0.5 0.5 0.5
0.000851231 0.014683 0 1 0.000248267 0.5 1 0.106993 1 1 0 0 0 0.100161 1 0 1 1 1 1
0.501638 0.415315 1 0.786851 0.00126101 0.5 0.5 0.5 1 1 0.5 0.5 0.5 0.499567 0.5 0.5 1 0.5 0.5 0.5
0.00026481 0.461189 1 0.786851 0.000374242 0.5 0.5 0.5 1 1 0.5 0.5 0.5 0.499675 0.5 0.5 1 0.5 0.5 0.5
0.282163 0.0199321 1 0.786851 4.76862e-05 0.5 0.5 0.5 1 1 0.5 0.5 0.5 0.500382 0.5 0.5 1 0.5 0.5 0.5
0.122677 0.316553 1 0.786851 0.000563485 0.5 0.5 0.5 1 1 0.5 0.5 0.5 0.499814 0.5 0.5 1 0.5 0.5 0.5
1.66927e-05 0.970637 1 0.786851 0.000325777 0.5 0.5 0.5 1 1 0.5 0.5 0.5 0.499996 0.5 0.5 1 0.5 0.5 0.5
0.464095 0.56834 1 0.786851 0.000592791 0.5 0.5 0.5 1 1 0.5 0.5 0.5 0.500068 0.5 0.5 1 0.5 0.5 0.5
0.984743 0.317973 1 0.786851 0.00025503 0.5 0.5 0.5 1 1 0.5 0.5 0.5 0.500004 0.5 0.5 1 0.5 0.5 0.5
0.502721 0.429816 1 0.786851 0.000545183 0.5 0.5 0.5 1 1 0.5 0.5 0.5 0.500114 0.5 0.5 1 0.5 0.5 0.5
0.14005 0.247455 1 0.786851 0.0013119 0.5 0.5 0.5 1 1 0.5 0.5 0.5 0.499902 0.5 0.5 1 0.5 0.5 0.5
0.106666 0 1 0.786851 0.000409577 0.5 0.5 0.5 1 1 0.5 0.5 0.5 0.499808 0.5 0.5 1 0.5 0.5 0.5
0 0.999491 1 0.786851 0.000247499 0.5 0.5 0.5 1 1 0.5 0.5 0.5 0.499994 0.5 0.5 1 0.5 0.5 0.5
0.0474196 0.918511 1 0.786851 0.000174167 0.5 0.5 0.5 1 1 0.5 0.5 0.5 0.499799 0.5 0.5 1 0.5 0.5 0.5
0.00622854 0.00980034 0 0 0.499993 0.5 0.801816 0.5 0 0.5 1 0.5 0.5 0.20009 0 1 0 0.295183 1 0.398387
0.0858352 0.0645116 1 0.786851 0.00032658 0.5 0.5 0.5 1 1 0.5 0.5 0.5 0.500101 0.5 0.5 1 0.5 0.5 0.5
0.0429586 0.0129138 0 0 0.50002 0.5 0.801816 0.5 0 0.5 1 0.5 0.5 0.200195 0 1 0 0.295183 1 0.398387
0.426708 0.455419 1 0.786851 0.00106035 0.5 0.5 0.5 1 1 0.5 0.5 0.5 0.499812 0.5 0.5 1 0.5 0.5 0.5
0.39717 0.171864 1 0.786851 0.000425297 0.5 0.5 0.5 1 1 0.5 0.5 0.5 0.499836 0.5 0.5 1 0.5 0.5 0.5
0 0 1 0.786851 0.000252277 0.5 0.5 0.5 1 1 0.5 0.5 0.5 0.500002 0.5 0.5 1 0.5 0.5 0.5
3.59832e-05 0.0392671 0 0.5 0.499837 0.693041 0.801816 0.5 0.5 0.5 0.5 0 0.773961 3.05636e-05 0.5 0.5 0.5 0.5 1 0.898387
0.00312181 1 1 0.786851 0.000257535 0.5 0.5 0.5 1 1 0.5 0.5 0.5 0.499964 0.5 0.5 1 0.5 0.5 0.5
0.0305021 0 1 0.786851 0.000221876 0.5 0.5 0.5 1 1 0.5 0.5 0.5 0.500059 0.5 0.5 1 0.5 0.5 0.5
0.0993232 0 1 0.786851 0.000678604 0.5 0.5 0.5 1 1 0.5 0.5 0.5 0.500053 0.5 0.5 1 0.5 0.5 0.5
0.0616332 0.615742 1 0.786851 0.000491516 0.5 0.5 0.5 1 1 0.5 0.5 0.5 0.499585 0.5 0.5 1 0.5 0.5 0.5
0.0367773 0.0965756 0 0.92242 0.000152097 0 1 0.5 0.5 1 0 0.5 0.100421 0.499651 0.5 0.5 1 1 1 1
0.8798 0.771386 1 0.786851 0.000653616 0.5 0.5 0.5 1 1 0.5 0.5 0.5 0.499696 0.5 0.5 1 0.5 0.5 0.5
0.00027371 0.474937 1 0.786851 0.000244896 0.5 0.5 0.5 1 1 0.5 0.5 0.5 0.500063 0.5 0.5 1 0.5 0.5 0.5
0.954866 0.465847 1 0.786851 0 0.5 0.5 0.5 1 1 0.5 0.5 0.5 0.50005 0.5 0.5 1 0.5 0.5 0.5
0.346007 0 1 0.786851 0.000511747 0.5 0.5 0.5 1 1 0.5 0.5 0.5 0.500316 0.5 0.5 1 0.5 0.5 0.5
0.168768 1 1 0.786851 0.00047229 0.5 0.5 0.5 1 1 0.5 0.5 0.5 0.499968 0.5 0.5 1 0.5 0.5 0.5
0.162777 0.902274 1 0.786851 0.000161461 0.5 0.5 0.5 1 1 0.5 0.5 0.5 0.500065 0.5 0.5 1 0.5 0.5 0.5
7.54009e-06 0.998255 1 0.786851 0.00025429 0.5 0.5 0.5 1 1 0.5 0.5 0.5 0.499994 0.5 0.5 1 0.5 0.5 0.5
0.179076 0.181606 1 0.786851 0.000301911 0.5 0.5 0.5 1 1 0.5 0.5 0.5 0.499699 0.5 0.5 1 0.5 0.5 0.5
0.0253002 0.0155023 1 0.786851 0.000363922 0.5 0.5 0.5 1 1 0.5 0.5 0.5 0.49991 0.5 0.5 1 0.5 0.5 0.5
0.085693 0.01042 0 1 0 0.5 1 0.106993 1 1 0 0 0 0.100844 1 0 1 1 1 1
0 0.999491 1 0.786851 0.000247499 0.5 0.5 0.5 1 1 0.5 0.5 0.5 0.499994 0.5 0.5 1 0.5 0.5 0.5
0.000395224 0.00116237 0 1 0.000267357 0.5 1 0.106993 1 1 0 0 0 0.100196 1 0 1 1 1 1
0.234041 0.886519 1 0.786851 0.000687512 0.5 0.5 0.5 1 1 0.5 0.5 0.5 0.49884 0.5 0.5 1 0.5 0.5 0.5
0.410799 1 1 0.786851 0.000316771 0.5 0.5 0.5 1 1 0.5 0.5 0.5 0.500009 0.5 0.5 1 0.5 0.5 0.5
0.0209441 0.0249639 0 0 0.500095 0.5 0.801816 0.5 0 0.5 1 0.5 0.5 0.2002 0 1 0 0.295183 1 0.398387
0.811346 0 1 0.786851 0.000157786 0.5 0.5 0.5 1 1 0.5 0.5 0.5 0.499348 0.5 0.5 1 0.5 0.5 0.5
0.179848 0.247956 0 0 0.500339 0.5 0.801816 0.5 0 0.5 1 0.5 0.5 0.199366 0 1 0 0.295183 1 0.398387
0.205053 0.922878 1 0.786851 0.000613038 0.5 0.5 0.5 1 1 0.5 0.5 0.5 0.499825 0.5 0.5 1 0.5 0.5 0.5
0.0153274 0.0420297 0 0 0.499953 0.5 0.801816 0.5 0 0.5 1 0.5 0.5 0.200157 0 1 0 0.295183 1 0.398387
0.532172 0.751767 1 0.786851 0.000130863 0.5 0.5 0.5 1 1 0.5 0.5 0.5 0.500989 0.5 0.5 1 0.5 0.5 0.5
0.932692 0.827205 1 0.786851 0.000438452 0.5 0.5 0.5 1 1 0.5 0.5 0.5 0.500133 0.5 0.5 1 0.5 0.5 0.5
0.941858 0.348875 1 0.786851 0.00050703 0.5 0.5 0.5 1 1 0.5 0.5 0.5 0.499721 0.5 0.5 1 0.5 0.5 0.5
0.940816 0.0946846 1 0.786851 0 0.5 0.5 0.5 1 1 0.5 0.5 0.5 0.499901 0.5 0.5 1 0.5 0.5 0.5
0.00524562 1 1 0.786851 0.00025575 0.5 0.5 0.5 1 1 0.5 0.5 0.5 0.499988 0.5 0.5 1 0.5 0.5 0.5
0.161488 0.055106 0 0.92242 0.000874984 0 1 0.5 0.5 1 0 0.5 0.100421 0.500989 0.5 0.5 1 1 1 1
0.0637748 0.767337 1 0.786851 0.000132861 0.5 0.5 0.5 1 1 0.5 0.5 0.5 0.499965 0.5 0.5 1 0.5 0.5 0.5
0.140997 0.0684839 1 0.786851 0.00059232 0.5 0.5 0.5 1 1 0.5 0.5 0.5 0.499315 0.5 0.5 1 0.5 0.5 0.5
1.65609e-05 0.948974 1 0.786851 0.000179076 0.5 0.5 0.5 1 1 0.5 0.5 0.5 0.500065 0.5 0.5 1 0.5 0.5 0.5
0.0683985 1 1 0.786851 0.000398403 0.5 0.5 0.5 1 1 0.5 0.5 0.5 0.499744 0.5 0.5 1 0.5 0.5 0.5
0.140599 0.41165 1 0.786851 0.000240994 0.5 0.5 0.5 1 1 0.5 0.5 0.5 0.499474 0.5 0.5 1 0.5 0.5 0.5
0.0477366 1 1 0.786851 0.000140761 0.5 0.5 0.5 1 1 0.5 0.5 0.5 0.500082 0.5 0.5 1 0.5 0.5 0.5
0.00242575 0.0048152 0 1 0.000227987 0.5 1 0.106993 1 1 0 0 0 0.100209 1 0 1 1 1 1
1 0.304137 1 0.786851 0.000247416 0.5 0.5 0.5 1 1 0.5 0.5 0.5 0.500006 0.5 0.5 1 0.5 0.5 0.5
0.0278536 0.0051987 1 0.786851 0.0003423 0.5 0.5 0.5 1 1 0.5 0.5 0.5 0.499876 0.5 0.5 1 0.5 0.5 0.5
0.504921 0.274027 1 0.786851 0.000249507 0.5 0.5 0.5 1 1 0.5 0.5 0.5 0.500079 0.5 0.5 1 0.5 0.5 0.5
0.994544 0.629956 1 0.786851 0.000241732 0.5 0.5 0.5 1 1 0.5 0.5 0.5 0.499969 0.5 0.5 1 0.5 0.5 0.5
0.462861 0.888361 1 0.786851 0.000452623 0.5 0.5 0.5 1 1 0.5 0.5 0.5 0.499683 0.5 0.5 1 0.5 0.5 0.5
0.23488 0 0 0 0.500203 0.5 0.801816 0.5 0 0.5 1 0.5 0.5 0.199805 0 1 0 0.295183 1 0.398387
1.1506e-05 0.93541 1 0.786851 0.000201019 0.5 0.5 0.5 1 1 0.5 0.5 0.5 0.50005 0.5 0.5 1 0.5 0.5 0.5
0.0160104 0.292423 0 0 0.499717 0.5 0.801816 0.5 0 0.5 1 0.5 0.5 0.199555 0 1 0 0.295183 1 0.398387
0.777439 0.913587 1 0.786851 0.000509172 0.5 0.5 0.5 1 1 0.5 0.5 0.5 0.500134 0.5 0.5 1 0.5 0.5 0.5
0.0785329 0.00414787 0 1 0 0.5 1 0.106993 1 1 0 0 0 0.100564 1 0 1 1 1 1
0.0460073 0.00147447 0 0.92242 3.40389e-05 0 1 0.5 0.5 1 0 0.5 0.100421 0.500003 0.5 0.5 1 1 1 1
0.00217469 0.98755 1 0.786851 0.000231869 0.5 0.5 0.5 1 1 0.5 0.5 0.5 0.500044 0.5 0.5 1 0.5 0.5 0.5
0.201228 0.00129967 0 0.92242 0.000993744 0 1 0.5 0.5 1 0 0.5 0.100421 0.501297 0.5 0.5 1 1 1 1
0.955818 0.22296 1 0.786851 0.00034084 0.5 0.5 0.5 1 1 0.5 0.5 0.5 0.499855 0.5 0.5 1 0.5 0.5 0.5
0.491641 0.845025 1 0.786851 0.000109417 0.5 0.5 0.5 1 1 0.5 0.5 0.5 0.500942 0.5 0.5 1 0.5 0.5 0.5
0 0.204577 0 0 0.500037 0.5 0.801816 0.5 0 0.5 1 0.5 0.5 0.200126 0 1 0 0.295183 1 0.398387
0.940207 0.109228 1 0.786851 2.51283e-07 0.5 0.5 0.5 1 1 0.5 0.5 0.5 0.499977 0.5 0.5 1 0.5 0.5 0.5
0.00586079 0.0022738 0 0 0.500018 0.5 0.801816 0.5 0 0.5 1 0.5 0.5 0.200192 0 1 0 0.295183 1 0.398387
0.35559 0.273134 1 0.786851 0.000582206 0.5 0.5 0.5 1 1 0.5 0.5 0.5 0.500174 0.5 0.5 1 0.5 0.5 0.5
0.000106234 0.946928 1 0.786851 0.000159319 0.5 0.5 0.5 1 1 0.5 0.5 0.5 0.500011 0.5 0.5 1 0.5 0.5 0.5
0.390355 0.75291 1 0.786851 0.00088264 0.5 0.5 0.5 1 1 0.5 0.5 0.5 0.499138 0.5 0.5 1 0.5 0.5 0.5
0.990115 0.322752 1 0.786851 0.000197391 0.5 0.5 0.5 1 1 0.5 0.5 0.5 0.50005 0.5 0.5 1 0.5 0.5 0.5
0.0313417 0.326916 1 0.786851 0.000137854 0.5 0.5 0.5 1 1 0.5 0.5 0.5 0.500212 0.5 0.5 1 0.5 0.5 0.5
0.0897414 0.0227587 0 0 0.499988 0.5 0.801816 0.5 0 0.5 1 0.5 0.5 0.199993 0 1 0 0.295183 1 0.398387
0.0169397 0.00722962 0 0 0.500005 0.5 0.801816 0.5 0 0.5 1 0.5 0.5 0.200068 0 1 0 0.295183 1 0.398387
0.000214756 0 1 0.786851 0.000252075 0.5 0.5 0.5 1 1 0.5 0.5 0.5 0.5 0.5 0.5 1 0.5 0.5 0.5
0.96573 0.429952 1 0.786851 0.000122378 0.5 0.5 0.5 1 1 0.5 0.5 0.5 0.499918 0.5 0.5 1 0.5 0.5 0.5
0.96573 0.429952 1 0.786851 0.000122378 0.5 0.5 0.5 1 1 0.5 0.5 0.5 0.499918 0.5 0.5 1 0.5 0.5 0.5
0.151006 0.616503 1 0.786851 0.000191535 0.5 0.5 0.5 1 1 0.5 0.5 0.5 0.49977 0.5 0.5 1 0.5 0.5 0.5
0 0.999491 1 0.786851 0.000247499 0.5 0.5 0.5 1 1 0.5 0.5 0.5 0.499994 0.5 0.5 1 0.5 0.5 0.5
0.0350561 0.01638 1 0.786851 0.0003763 0.5 0.5 0.5 1 1 0.5 0.5 0.5 0.499882 0.5 0.5 1 0.5 0.5 0.5
0.00420881 0.228492 1 0.786851 0.000121943 0.5 0.5 0.5 1 1 0.5 0.5 0.5 0.500522 0.5 0.5 1 0.5 0.5 0.5
0.201612 0 1 0.786851 0.000330118 0.5 0.5 0.5 1 1 0.5 0.5 0.5 0.499699 0.5 0.5 1 0.5 0.5 0.5
0.919036 0 1 0.786851 0.000486662 0.5 0.5 0.5 1 1 0.5 0.5 0.5 0.499865 0.5 0.5 1 0.5 0.5 0.5
0.966485 0.182899 1 0.786851 7.77853e-05 0.5 0.5 0.5 1 1 0.5 0.5 0.5 0.49999 0.5 0.5 1 0.5 0.5 0.5
0.930985 0.306248 1 0.786851 9.26392e-05 0.5 0.5 0.5 1 1 0.5 0.5 0.5 0.50033 0.5 0.5 1 0.5 0.5 0.5
0.0203017 0.0164806 1 0.786851 0.000316565 0.5 0.5 0.5 1 1 0.5 0.5 0.5 0.499917 0.5 0.5 1 0.5 0.5 0.5
0.00137833 0.00210589 0 1 0.000253119 0.5 1 0.106993 1 1 0 0 0 0.10023 1 0 1 1 1 1
0 0.0327625 1 0.786851 0.000324426 0.5 0.5 0.5 1 1 0.5 0.5 0.5 0.499856 0.5 0.5 1 0.5 0.5 0.5
0.0364035 0.947549 1 0.786851 0.000375721 0.5 0.5 0.5 1 1 0.5 0.5 0.5 0.500119 0.5 0.5 1 0.5 0.5 0.5
0.00524562 1 1 0.786851 0.00025575 0.5 0.5 0.5 1 1 0.5 0.5 0.5 0.499988 0.5 0.5 1 0.5 0.5 0.5
0.542254 0.00453797 1 0.786851 0.000220545 0.5 0.5 0.5 1 1 0.5 0.5 0.5 0.500035 0.5 0.5 1 0.5 0.5 0.5
0.0630377 0.145941 0 0.92242 0.000452359 0 1 0.5 0.5 1 0 0.5 0.100421 0.499136 0.5 0.5 1 1 1 1
0.00331022 0.00484803 0 0 0.500025 0.5 0.801816 0.5 0 0.5 1 0.5 0.5 0.200207 0 1 0 0.295183 1 0.398387
0.343327 0.181269 0.5 0.752884 0.0963311 0.5 0.5 0.5 0 1 0.5 1 0.5 0.998953 0.5 0.5 0.5 0.5 0.5 0.5
0.154901 0.607067 1 0.786851 0.00143309 0.5 0.5 0.5 1 1 0.5 0.5 0.5 0.500197 0.5 0.5 1 0.5 0.5 0.5
0.000845909 0.000689452 1 0.786851 0.000246251 0.5 0.5 0.5 1 1 0.5 0.5 0.5 0.499986 0.5 0.5 1 0.5 0.5 0.5
0.276017 0.794125 1 0.786851 0.000854802 0.5 0.5 0.5 1 1 0.5 0.5 0.5 0.498632 0.5 0.5 1 0.5 0.5 0.5
0.547033 1 1 0.786851 0.000360406 0.5 0.5 0.5 1 1 0.5 0.5 0.5 0.500239 0.5 0.5 1 0.5 0.5 0.5
0.0278536 0.0051987 1 0.786851 0.0003423 0.5 0.5 0.5 1 1 0.5 0.5 0.5 0.499876 0.5 0.5 1 0.5 0.5 0.5
0.131186 0.895653 1 0.786851 0.000930104 0.5 0.5 0.5 1 1 0.5 0.5 0.5 0.500069 0.5 0.5 1 0.5 0.5 0.5
0.0508958 0 0 0 0.499963 0.5 0.801816 0.5 0 0.5 1 0.5 0.5 0.200306 0 1 0 0.295183 1 0.398387
0.038394 0 0 0.92242 4.7535e-05 0 1 0.5 0.5 1 0 0.5 0.100421 0.500012 0.5 0.5 1 1 1 1
0.257173 0.544705 1 0.786851 0.0012005 0.5 0.5 0.5 1 1 0.5 0.5 0.5 0.499984 0.5 0.5 1 0.5 0.5 0.5
0.214427 0.0340304 0 0 0.499958 0.5 0.801816 0.5 0 0.5 1 0.5 0.5 0.200222 0 1 0 0.295183 1 0.398387
0.0128477 0 0 1 0.000320756 0.5 1 0.106993 1 1 0 0 0 0.100197 1 0 1 1 1 1
0.002206 0.00307816 0 1 0.000261004 0.5 1 0.106993 1 1 0 0 0 0.10023 1 0 1 1 1 1
1.65609e-05 0.0602703 0 0.92242 0 0 1 0.5 0.5 1 0 0.5 0.100421 0.499705 0.5 0.5 1 1 1 1
0.00232486 0.00961491 1 0.786851 0.000249381 0.5 0.5 0.5 1 1 0.5 0.5 0.5 0.499996 0.5 0.5 1 0.5 0.5 0.5
0.019322 0.0292645 1 0.786851 0.00021743 0.5 0.5 0.5 1 1 0.5 0.5 0.5 0.499875 0.5 0.5 1 0.5 0.5 0.5
0.0109948 0.971419 1 0.786851 0.000393088 0.5 0.5 0.5 1 1 0.5 0.5 0.5 0.500196 0.5 0.5 1 0.5 0.5 0.5
1 0.304137 1 0.786851 0.000247416 0.5 0.5 0.5 1 1 0.5 0.5 0.5 0.500006 0.5 0.5 1 0.5 0.5 0.5
0.104633 0.127085 1 0.786851 0.000484579 0.5 0.5 0.5 1 1 0.5 0.5 0.5 0.500119 0.5 0.5 1 0.5 0.5 0.5
0.158042 0.130438 0.5 0.752884 0.0964686 0.5 0.5 0.5 0 1 0.5 1 0.5 0.998646 0.5 0.5 0.5 0.5 0.5 0.5
0.968458 0.267042 1 0.786851 0.00012522 0.5 0.5 0.5 1 1 0.5 0.5 0.5 0.499936 0.5 0.5 1 0.5 0.5 0.5
0.264733 0.261631 0 0 0.500086 0.5 0.801816 0.5 0 0.5 1 0.5 0.5 0.199014 0 1 0 0.295183 1 0.398387
0.16625 0.89747 1 0.786851 0.000692231 0.5 0.5 0.5 1 1 0.5 0.5 0.5 0.499183 0.5 0.5 1 0.5 0.5 0.5
0.000214756 0 1 0.786851 0.000252075 0.5 0.5 0.5 1 1 0.5 0.5 0.5 0.5 0.5 0.5 1 0.5 0.5 0.5
0.033615 0.971687 1 0.786851 0.000412 0.5 0.5 0.5 1 1 0.5 0.5 0.5 0.500004 0.5 0.5 1 0.5 0.5 0.5
0.0103484 0.000489139 0 1 0.000297078 0.5 1 0.106993 1 1 0 0 0 0.100201 1 0 1 1 1 1
3.77005e-06 0.98072 1 0.786851 0.000150606 0.5 0.5 0.5 1 1 0.5 0.5 0.5 0.499986 0.5 0.5 1 0.5 0.5 0.5
0.089644 1 1 0.786851 0.000340909 0.5 0.5 0.5 1 1 0.5 0.5 0.5 0.499791 0.5 0.5 1 0.5 0.5 0.5
0 0.0189475 0 1 0.000208781 0.5 1 0.106993 1 1 0 0 0 0.100319 1 0 1 1 1 1
0.0758044 0.0728973 0 0 0.499931 0.5 0.801816 0.5 0 0.5 1 0.5 0.5 0.200268 0 1 0 0.295183 1 0.398387
0.0305323 0.0509695 1 0.786851 0.000172603 0.5 0.5 0.5 1 1 0.5 0.5 0.5 0.499808 0.5 0.5 1 0.5 0.5 0.5
0.0265646 0.0705979 1 0.786851 6.10455e-05 0.5 0.5 0.5 1 1 0.5 0.5 0.5 0.499453 0.5 0.5 1 0.5 0.5 0.5
0.00752366 0.151273 0 1 5.72721e-06 0.5 1 0.106993 1 1 0 0 0 0.100255 1 0 1 1 1 1
0.895997 0.921144 1 0.786851 0.000591483 0.5 0.5 0.5 1 1 0.5 0.5 0.5 0.499945 0.5 0.5 1 0.5 0.5 0.5
0 0.142314 0 0 0.499539 0.5 0.801816 0.5 0 0.5 1 0.5 0.5 0.200158 0 1 0 0.295183 1 0.398387
0.987827 0.641048 1 0.786851 0.000252428 0.5 0.5 0.5 1 1 0.5 0.5 0.5 0.500005 0.5 0.5 1 0.5 0.5 0.5
0 0.988933 1 0.786851 0.000263474 0.5 0.5 0.5 1 1 0.5 0.5 0.5 0.500023 0.5 0.5 1 0.5 0.5 0.5
0.246569 0.337801 0.5 0.752884 0.0984896 0.5 0.5 0.5 0 1 0.5 1 0.5 0.99935 0.5 0.5 0.5 0.5 0.5 0.5
0.90154 0.993246 1 0.786851 0.000359013 0.5 0.5 0.5 1 1 0.5 0.5 0.5 0.499754 0.5 0.5 1 0.5 0.5 0.5
0.877374 0.129023 1 0.786851 0.000320669 0.5 0.5 0.5 1 1 0.5 0.5 0.5 0.50045 0.5 0.5 1 0.5 0.5 0.5
0.00285199 0.14981 0 0.92242 0.000199877 0 1 0.5 0.5 1 0 0.5 0.100421 0.499567 0.5 0.5 1 1 1 1
0.0313086 1 1 0.786851 0.00048297 0.5 0.5 0.5 1 1 0.5 0.5 0.5 0.500044 0.5 0.5 1 0.5 0.5 0.5
0.489935 0.648248 1 0.786851 0.000901721 0.5 0.5 0.5 1 1 0.5 0.5 0.5 0.500444 0.5 0.5 1 0.5 0.5 0.5
0.224949 0.00552465 0.5 0.752884 0.0975778 0.5 0.5 0.5 0 1 0.5 1 0.5 0.999862 0.5 0.5 0.5 0.5 0.5 0.5
0.0805233 0.966743 1 0.786851 0.000281851 0.5 0.5 0.5 1 1 0.5 0.5 0.5 0.499571 0.5 0.5 1 0.5 0.5 0.5
0.184979 0.413534 1 0.786851 0.000443836 0.5 0.5 0.5 1 1 0.5 0.5 0.5 0.499579 0.5 0.5 1 0.5 0.5 0.5
0.930331 0.219095 1 0.786851 0 0.5 0.5 0.5 1 1 0.5 0.5 0.5 0.500008 0.5 0.5 1 0.5 0.5 0.5
0.0429716 0.255081 0 0 0.500247 0.5 0.801816 0.5 0 0.5 1 0.5 0.5 0.199391 0 1 0 0.295183 1 0.398387
0.581469 0.742819 1 0.786851 0.000743081 0.5 0.5 0.5 1 1 0.5 0.5 0.5 0.499558 0.5 0.5 1 0.5 0.5 0.5
0.00907173 0.00546858 0 1 0.000307889 0.5 1 0.106993 1 1 0 0 0 0.100218 1 0 1 1 1 1
0.0256831 0.0015848 0 1 0 0.5 1 0.106993 1 1 0 0 0 0.100017 1 0 1 1 1 1
0.0823858 0.000276001 1 0.786851 0.000421118 0.5 0.5 0.5 1 1 0.5 0.5 0.5 0.499827 0.5 0.5 1 0.5 0.5 0.5
0.00318179 0.00265902 0 0 0.499992 0.5 0.801816 0.5 0 0.5 1 0.5 0.5 0.200166 0 1 0 0.295183 1 0.398387
0.259888 0.0755343 1 0.786851 0.000272488 0.5 0.5 0.5 1 1 0.5 0.5 0.5 0.500183 0.5 0.5 1 0.5 0.5 0.5
0.0987789 0.925124 1 0.786851 0.000708522 0.5 0.5 0.5 1 1 0.5 0.5 0.5 0.499783 0.5 0.5 1 0.5 0.5 0.5
7.53363e-06 0.97452 1 0.786851 0.000192626 0.5 0.5 0.5 1 1 0.5 0.5 0.5 0.500044 0.5 0.5 1 0.5 0.5 0.5
0.0241609 0.0114468 0 0 0.499986 0.5 0.801816 0.5 0 0.5 1 0.5 0.5 0.200192 0 1 0 0.295183 1 0.398387
0.00203743 0.034597 0 1 0.000319519 0.5 1 0.106993 1 1 0 0 0 0.0999923 1 0 1 1 1 1
0.0119538 0.0138811 0 0 0.500049 0.5 0.801816 0.5 0 0.5 1 0.5 0.5 0.200182 0 1 0 0.295183 1 0.398387
0.997149 0.436116 1 0.786851 0.000230366 0.5 0.5 0.5 1 1 0.5 0.5 0.5 0.49996 0.5 0.5 1 0.5 0.5 0.5
0.0129121 0.98441 1 0.786851 0.000277935 0.5 0.5 0.5 1 1 0.5 0.5 0.5 0.499946 0.5 0.5 1 0.5 0.5 0.5
0 0.973719 1 0.786851 0.000247081 0.5 0.5 0.5 1 1 0.5 0.5 0.5 0.500067 0.5 0.5 1 0.5 0.5 0.5
0.185204 0.840325 1 0.786851 0.000844237 0.5 0.5 0.5 1 1 0.5 0.5 0.5 0.499166 0.5 0.5 1 0.5 0.5 0.5
0.0934261 0.61263 1 0.786851 0.000247268 0.5 0.5 0.5 1 1 0.5 0.5 0.5 0.499737 0.5 0.5 1 0.5 0.5 0.5
0.311488 0.0733529 0 0 0.500059 0.5 0.801816 0.5 0 0.5 1 0.5 0.5 0.199943 0 1 0 0.295183 1 0.398387
0.551874 0.743934 1 0.786851 0.000751107 0.5 0.5 0.5 1 1 0.5 0.5 0.5 0.499878 0.5 0.5 1 0.5 0.5 0.5
0.790388 0.359982 1 0.786851 9.73391e-05 0.5 0.5 0.5 1 1 0.5 0.5 0.5 0.500138 0.5 0.5 1 0.5 0.5 0.5
0.450761 0.570752 1 0.786851 0.00015867 0.5 0.5 0.5 1 1 0.5 0.5 0.5 0.499943 0.5 0.5 1 0.5 0.5 0.5
0.980445 0.515846 1 0.786851 0.000156747 0.5 0.5 0.5 1 1 0.5 0.5 0.5 0.500019 0.5 0.5 1 0.5 0.5 0.5
