1 0 0 0 0 0 0 0 0 0 0 0 0 0 1 1 0 0 0 0
0 0 0 0 0 0 0 0 0 0 0 0 0 0 1 1 0 0 0 0
0.500005 0 0 0 0 0 0 0 0 0 0 0 0 0 1 1 0 0 0 0
0.214274 0 0 0 0 0 0 0 0 0 0 0 0 0 1 1 0 0 0 0
0.785728 0 0 0 0 0 0 0 0 0 0 0 0 0 1 1 0 0 0 0
0.350953 0 0 0 0 0 0 0 0 0 0 0 0 0 1 1 0 0 0 0
0.903069 0 0 0 0 0 0 0 0 0 0 0 0 0 1 1 0 0 0 0
0.649049 0 0 0 0 0 0 0 0 0 0 0 0 0 1 1 0 0 0 0
0.0969555 0 0 0 0 0 0 0 0 0 0 0 0 0 1 1 0 0 0 0
0.0460307 0 0 0 0 0 0 0 0 0 0 0 0 0 1 1 0 0 0 0
0.953975 0 0 0 0 0 0 0 0 0 0 0 0 0 1 1 0 0 0 0
0.424623 0 0 0 0 0 0 0 0 0 0 0 0 0 1 1 0 0 0 0
0.280458 0 0 0 0 0 0 0 0 0 0 0 0 0 1 1 0 0 0 0
0.719544 0 0 0 0 0 0 0 0 0 0 0 0 0 1 1 0 0 0 0
0.575383 0 0 0 0 0 0 0 0 0 0 0 0 0 1 1 0 0 0 0
0.15303 0 0 0 0 0 0 0 0 0 0 0 0 0 1 1 0 0 0 0
0.846951 0 0 0 0 0 0 0 0 0 0 0 0 0 1 1 0 0 0 0
0.875664 0 0 0 0 0 0 0 0 0 0 0 0 0 1 1 0 0 0 0
0.31523 0 0 0 0 0 0 0 0 0 0 0 0 0 1 1 0 0 0 0
0.124335 0 0 0 0 0 0 0 0 0 0 0 0 0 1 1 0 0 0 0
0.684766 0 0 0 0 0 0 0 0 0 0 0 0 0 1 1 0 0 0 0
0.462205 0 0 0 0 0 0 0 0 0 0 0 0 0 1 1 0 0 0 0
0.537804 0 0 0 0 0 0 0 0 0 0 0 0 0 1 1 0 0 0 0
0.0708484 0 0 0 0 0 0 0 0 0 0 0 0 0 1 1 0 0 0 0
0.387471 0 0 0 0 0 0 0 0 0 0 0 0 0 1 1 0 0 0 0
0.0224134 0 0 0 0 0 0 0 0 0 0 0 0 0 1 1 0 0 0 0
0.753232 0 0 0 0 0 0 0 0 0 0 0 0 0 1 1 0 0 0 0
0.977599 0 0 0 0 0 0 0 0 0 0 0 0 0 1 1 0 0 0 0
0.612524 0 0 0 0 0 0 0 0 0 0 0 0 0 1 1 0 0 0 0
0.929154 0 0 0 0 0 0 0 0 0 0 0 0 0 1 1 0 0 0 0
0.246793 0 0 0 0 0 0 0 0 0 0 0 0 0 1 1 0 0 0 0
0.183032 0 0 0 0 0 0 0 0 0 0 0 0 0 1 1 0 0 0 0
0.817015 0 0 0 0 0 0 0 0 0 0 0 0 0 1 1 0 0 0 0
0.167844 0 0 0 0 0 0 0 0 0 0 0 0 0 1 1 0 0 0 0
0.0340728 0 0 0 0 0 0 0 0 0 0 0 0 0 1 1 0 0 0 0
0.965941 0 0 0 0 0 0 0 0 0 0 0 0 0 1 1 0 0 0 0
0.702284 0 0 0 0 0 0 0 0 0 0 0 0 0 1 1 0 0 0 0
0.889563 0 0 0 0 0 0 0 0 0 0 0 0 0 1 1 0 0 0 0
0.916259 0 0 0 0 0 0 0 0 0 0 0 0 0 1 1 0 0 0 0
0.33298 0 0 0 0 0 0 0 0 0 0 0 0 0 1 1 0 0 0 0
0.556639 0 0 0 0 0 0 0 0 0 0 0 0 0 1 1 0 0 0 0
0.369115 0 0 0 0 0 0 0 0 0 0 0 0 0 1 1 0 0 0 0
0.630875 0 0 0 0 0 0 0 0 0 0 0 0 0 1 1 0 0 0 0
0.736518 0 0 0 0 0 0 0 0 0 0 0 0 0 1 1 0 0 0 0
0.861469 0 0 0 0 0 0 0 0 0 0 0 0 0 1 1 0 0 0 0
0.230378 0 0 0 0 0 0 0 0 0 0 0 0 0 1 1 0 0 0 0
0.405981 0 0 0 0 0 0 0 0 0 0 0 0 0 1 1 0 0 0 0
0.0582826 0 0 0 0 0 0 0 0 0 0 0 0 0 1 1 0 0 0 0
0.443377 0 0 0 0 0 0 0 0 0 0 0 0 0 1 1 0 0 0 0
0.769632 0 0 0 0 0 0 0 0 0 0 0 0 0 1 1 0 0 0 0
0.518924 0 0 0 0 0 0 0 0 0 0 0 0 0 1 1 0 0 0 0
0.667025 0 0 0 0 0 0 0 0 0 0 0 0 0 1 1 0 0 0 0
0.98894 0 0 0 0 0 0 0 0 0 0 0 0 0 1 1 0 0 0 0
0.297712 0 0 0 0 0 0 0 0 0 0 0 0 0 1 1 0 0 0 0
0.941731 0 0 0 0 0 0 0 0 0 0 0 0 0 1 1 0 0 0 0
0.481098 0 0 0 0 0 0 0 0 0 0 0 0 0 1 1 0 0 0 0
0.263491 0 0 0 0 0 0 0 0 0 0 0 0 0 1 1 0 0 0 0
0.011058 0 0 0 0 0 0 0 0 0 0 0 0 0 1 1 0 0 0 0
0.801533 0 0 0 0 0 0 0 0 0 0 0 0 0 1 1 0 0 0 0
0.0837492 0 0 0 0 0 0 0 0 0 0 0 0 0 1 1 0 0 0 0
0.110496 0 0 0 0 0 0 0 0 0 0 0 0 0 1 1 0 0 0 0
0.59404 0 0 0 0 0 0 0 0 0 0 0 0 0 1 1 0 0 0 0
0.138473 0 0 0 0 0 0 0 0 0 0 0 0 0 1 1 0 0 0 0
0.198497 0 0 0 0 0 0 0 0 0 0 0 0 0 1 1 0 0 0 0
0.83214 0 0 0 0 0 0 0 0 0 0 0 0 0 1 1 0 0 0 0
0.145727 0 0 0 0 0 0 0 0 0 0 0 0 0 1 1 0 0 0 0
0.922758 0 0 0 0 0 0 0 0 0 0 0 0 0 1 1 0 0 0 0
0.238539 0 0 0 0 0 0 0 0 0 0 0 0 0 1 1 0 0 0 0
0.471648 0 0 0 0 0 0 0 0 0 0 0 0 0 1 1 0 0 0 0
0.433988 0 0 0 0 0 0 0 0 0 0 0 0 0 1 1 0 0 0 0
0.175408 0 0 0 0 0 0 0 0 0 0 0 0 0 1 1 0 0 0 0
0.793675 0 0 0 0 0 0 0 0 0 0 0 0 0 1 1 0 0 0 0
0.306443 0 0 0 0 0 0 0 0 0 0 0 0 0 1 1 0 0 0 0
0.658055 0 0 0 0 0 0 0 0 0 0 0 0 0 1 1 0 0 0 0
0.509467 0 0 0 0 0 0 0 0 0 0 0 0 0 1 1 0 0 0 0
0.86859 0 0 0 0 0 0 0 0 0 0 0 0 0 1 1 0 0 0 0
0.896339 0 0 0 0 0 0 0 0 0 0 0 0 0 1 1 0 0 0 0
0.160412 0 0 0 0 0 0 0 0 0 0 0 0 0 1 1 0 0 0 0
0.341943 0 0 0 0 0 0 0 0 0 0 0 0 0 1 1 0 0 0 0
0.0400097 0 0 0 0 0 0 0 0 0 0 0 0 0 1 1 0 0 0 0
0.32407 0 0 0 0 0 0 0 0 0 0 0 0 0 1 1 0 0 0 0
0.693552 0 0 0 0 0 0 0 0 0 0 0 0 0 1 1 0 0 0 0
0.547233 0 0 0 0 0 0 0 0 0 0 0 0 0 1 1 0 0 0 0
0.378272 0 0 0 0 0 0 0 0 0 0 0 0 0 1 1 0 0 0 0
0.566028 0 0 0 0 0 0 0 0 0 0 0 0 0 1 1 0 0 0 0
0.360008 0 0 0 0 0 0 0 0 0 0 0 0 0 1 1 0 0 0 0
0.854273 0 0 0 0 0 0 0 0 0 0 0 0 0 1 1 0 0 0 0
0.959997 0 0 0 0 0 0 0 0 0 0 0 0 0 1 1 0 0 0 0
0.621719 0 0 0 0 0 0 0 0 0 0 0 0 0 1 1 0 0 0 0
0.396712 0 0 0 0 0 0 0 0 0 0 0 0 0 1 1 0 0 0 0
0.761465 0 0 0 0 0 0 0 0 0 0 0 0 0 1 1 0 0 0 0
0.222278 0 0 0 0 0 0 0 0 0 0 0 0 0 1 1 0 0 0 0
0.0281861 0 0 0 0 0 0 0 0 0 0 0 0 0 1 1 0 0 0 0
0.971809 0 0 0 0 0 0 0 0 0 0 0 0 0 1 1 0 0 0 0
0.10368 0 0 0 0 0 0 0 0 0 0 0 0 0 1 1 0 0 0 0
0.72806 0 0 0 0 0 0 0 0 0 0 0 0 0 1 1 0 0 0 0
0.52837 0 0 0 0 0 0 0 0 0 0 0 0 0 1 1 0 0 0 0
0.289053 0 0 0 0 0 0 0 0 0 0 0 0 0 1 1 0 0 0 0
0.710941 0 0 0 0 0 0 0 0 0 0 0 0 0 1 1 0 0 0 0
0.452779 0 0 0 0 0 0 0 0 0 0 0 0 0 1 1 0 0 0 0
0.947892 0 0 0 0 0 0 0 0 0 0 0 0 0 1 1 0 0 0 0
0.882614 0 0 0 0 0 0 0 0 0 0 0 0 0 1 1 0 0 0 0
0.415289 0 0 0 0 0 0 0 0 0 0 0 0 0 1 1 0 0 0 0
0.909698 0 0 0 0 0 0 0 0 0 0 0 0 0 1 1 0 0 0 0
0.271943 0 0 0 0 0 0 0 0 0 0 0 0 0 1 1 0 0 0 0
0.117376 0 0 0 0 0 0 0 0 0 0 0 0 0 1 1 0 0 0 0
0.983306 0 0 0 0 0 0 0 0 0 0 0 0 0 1 1 0 0 0 0
0.490548 0 0 0 0 0 0 0 0 0 0 0 0 0 1 1 0 0 0 0
0.25509 0 0 0 0 0 0 0 0 0 0 0 0 0 1 1 0 0 0 0
0.190725 0 0 0 0 0 0 0 0 0 0 0 0 0 1 1 0 0 0 0
0.584743 0 0 0 0 0 0 0 0 0 0 0 0 0 1 1 0 0 0 0
0.809318 0 0 0 0 0 0 0 0 0 0 0 0 0 1 1 0 0 0 0
0.67594 0 0 0 0 0 0 0 0 0 0 0 0 0 1 1 0 0 0 0
0.6033 0 0 0 0 0 0 0 0 0 0 0 0 0 1 1 0 0 0 0
0.744918 0 0 0 0 0 0 0 0 0 0 0 0 0 1 1 0 0 0 0
0.07726 0 0 0 0 0 0 0 0 0 0 0 0 0 1 1 0 0 0 0
0.839618 0 0 0 0 0 0 0 0 0 0 0 0 0 1 1 0 0 0 0
0.131376 0 0 0 0 0 0 0 0 0 0 0 0 0 1 1 0 0 0 0
0.935489 0 0 0 0 0 0 0 0 0 0 0 0 0 1 1 0 0 0 0
0.0903201 0 0 0 0 0 0 0 0 0 0 0 0 0 1 1 0 0 0 0
0.01671 0 0 0 0 0 0 0 0 0 0 0 0 0 1 1 0 0 0 0
0.777704 0 0 0 0 0 0 0 0 0 0 0 0 0 1 1 0 0 0 0
0.0521098 0 0 0 0 0 0 0 0 0 0 0 0 0 1 1 0 0 0 0
0.824614 0 0 0 0 0 0 0 0 0 0 0 0 0 1 1 0 0 0 0
0.206348 0 0 0 0 0 0 0 0 0 0 0 0 0 1 1 0 0 0 0
0.994526 0 0 0 0 0 0 0 0 0 0 0 0 0 1 1 0 0 0 0
0.0645186 0 0 0 0 0 0 0 0 0 0 0 0 0 1 1 0 0 0 0
0.639959 0 0 0 0 0 0 0 0 0 0 0 0 0 1 1 0 0 0 0
0.00545706 0 0 0 0 0 0 0 0 0 0 0 0 0 1 1 0 0 0 0
0.644503 0 0 0 0 0 0 0 0 0 0 0 0 0 1 1 0 0 0 0
0.0676741 0 0 0 0 0 0 0 0 0 0 0 0 0 1 1 0 0 0 0
0.886119 0 0 0 0 0 0 0 0 0 0 0 0 0 1 1 0 0 0 0
0.872133 0 0 0 0 0 0 0 0 0 0 0 0 0 1 1 0 0 0 0
0.919524 0 0 0 0 0 0 0 0 0 0 0 0 0 1 1 0 0 0 0
0.0138728 0 0 0 0 0 0 0 0 0 0 0 0 0 1 1 0 0 0 0
0.100299 0 0 0 0 0 0 0 0 0 0 0 0 0 1 1 0 0 0 0
0.00821864 0 0 0 0 0 0 0 0 0 0 0 0 0 1 1 0 0 0 0
0.740726 0 0 0 0 0 0 0 0 0 0 0 0 0 1 1 0 0 0 0
0.156708 0 0 0 0 0 0 0 0 0 0 0 0 0 1 1 0 0 0 0
0.781728 0 0 0 0 0 0 0 0 0 0 0 0 0 1 1 0 0 0 0
0.968883 0 0 0 0 0 0 0 0 0 0 0 0 0 1 1 0 0 0 0
0.302062 0 0 0 0 0 0 0 0 0 0 0 0 0 1 1 0 0 0 0
0.234442 0 0 0 0 0 0 0 0 0 0 0 0 0 1 1 0 0 0 0
0.662552 0 0 0 0 0 0 0 0 0 0 0 0 0 1 1 0 0 0 0
0.580058 0 0 0 0 0 0 0 0 0 0 0 0 0 1 1 0 0 0 0
0.504736 0 0 0 0 0 0 0 0 0 0 0 0 0 1 1 0 0 0 0
0.789723 0 0 0 0 0 0 0 0 0 0 0 0 0 1 1 0 0 0 0
0.39207 0 0 0 0 0 0 0 0 0 0 0 0 0 1 1 0 0 0 0
0.892973 0 0 0 0 0 0 0 0 0 0 0 0 0 1 1 0 0 0 0
0.732296 0 0 0 0 0 0 0 0 0 0 0 0 0 1 1 0 0 0 0
0.671495 0 0 0 0 0 0 0 0 0 0 0 0 0 1 1 0 0 0 0
0.164128 0 0 0 0 0 0 0 0 0 0 0 0 0 1 1 0 0 0 0
0.65357 0 0 0 0 0 0 0 0 0 0 0 0 0 1 1 0 0 0 0
0.457488 0 0 0 0 0 0 0 0 0 0 0 0 0 1 1 0 0 0 0
0.797623 0 0 0 0 0 0 0 0 0 0 0 0 0 1 1 0 0 0 0
0.310832 0 0 0 0 0 0 0 0 0 0 0 0 0 1 1 0 0 0 0
0.857864 0 0 0 0 0 0 0 0 0 0 0 0 0 1 1 0 0 0 0
0.757371 0 0 0 0 0 0 0 0 0 0 0 0 0 1 1 0 0 0 0
0.438681 0 0 0 0 0 0 0 0 0 0 0 0 0 1 1 0 0 0 0
0.328528 0 0 0 0 0 0 0 0 0 0 0 0 0 1 1 0 0 0 0
0.259282 0 0 0 0 0 0 0 0 0 0 0 0 0 1 1 0 0 0 0
0.697924 0 0 0 0 0 0 0 0 0 0 0 0 0 1 1 0 0 0 0
0.337454 0 0 0 0 0 0 0 0 0 0 0 0 0 1 1 0 0 0 0
0.850607 0 0 0 0 0 0 0 0 0 0 0 0 0 1 1 0 0 0 0
0.542525 0 0 0 0 0 0 0 0 0 0 0 0 0 1 1 0 0 0 0
0.626301 0 0 0 0 0 0 0 0 0 0 0 0 0 1 1 0 0 0 0
0.570709 0 0 0 0 0 0 0 0 0 0 0 0 0 1 1 0 0 0 0
0.382863 0 0 0 0 0 0 0 0 0 0 0 0 0 1 1 0 0 0 0
0.0311283 0 0 0 0 0 0 0 0 0 0 0 0 0 1 1 0 0 0 0
0.373673 0 0 0 0 0 0 0 0 0 0 0 0 0 1 1 0 0 0 0
0.495277 0 0 0 0 0 0 0 0 0 0 0 0 0 1 1 0 0 0 0
0.31965 0 0 0 0 0 0 0 0 0 0 0 0 0 1 1 0 0 0 0
0.991746 0 0 0 0 0 0 0 0 0 0 0 0 0 1 1 0 0 0 0
0.410635 0 0 0 0 0 0 0 0 0 0 0 0 0 1 1 0 0 0 0
0.962967 0 0 0 0 0 0 0 0 0 0 0 0 0 1 1 0 0 0 0
0.364565 0 0 0 0 0 0 0 0 0 0 0 0 0 1 1 0 0 0 0
0.899703 0 0 0 0 0 0 0 0 0 0 0 0 0 1 1 0 0 0 0
0.514192 0 0 0 0 0 0 0 0 0 0 0 0 0 1 1 0 0 0 0
0.90638 0 0 0 0 0 0 0 0 0 0 0 0 0 1 1 0 0 0 0
0.429304 0 0 0 0 0 0 0 0 0 0 0 0 0 1 1 0 0 0 0
0.242656 0 0 0 0 0 0 0 0 0 0 0 0 0 1 1 0 0 0 0
0.706613 0 0 0 0 0 0 0 0 0 0 0 0 0 1 1 0 0 0 0
0.533088 0 0 0 0 0 0 0 0 0 0 0 0 0 1 1 0 0 0 0
0.551934 0 0 0 0 0 0 0 0 0 0 0 0 0 1 1 0 0 0 0
0.12084 0 0 0 0 0 0 0 0 0 0 0 0 0 1 1 0 0 0 0
0.149363 0 0 0 0 0 0 0 0 0 0 0 0 0 1 1 0 0 0 0
0.765549 0 0 0 0 0 0 0 0 0 0 0 0 0 1 1 0 0 0 0
0.561331 0 0 0 0 0 0 0 0 0 0 0 0 0 1 1 0 0 0 0
0.401342 0 0 0 0 0 0 0 0 0 0 0 0 0 1 1 0 0 0 0
0.598672 0 0 0 0 0 0 0 0 0 0 0 0 0 1 1 0 0 0 0
0.448072 0 0 0 0 0 0 0 0 0 0 0 0 0 1 1 0 0 0 0
0.355474 0 0 0 0 0 0 0 0 0 0 0 0 0 1 1 0 0 0 0
0.485822 0 0 0 0 0 0 0 0 0 0 0 0 0 1 1 0 0 0 0
0.523645 0 0 0 0 0 0 0 0 0 0 0 0 0 1 1 0 0 0 0
0.0370371 0 0 0 0 0 0 0 0 0 0 0 0 0 1 1 0 0 0 0
0.186871 0 0 0 0 0 0 0 0 0 0 0 0 0 1 1 0 0 0 0
0.589391 0 0 0 0 0 0 0 0 0 0 0 0 0 1 1 0 0 0 0
0.250931 0 0 0 0 0 0 0 0 0 0 0 0 0 1 1 0 0 0 0
0.607916 0 0 0 0 0 0 0 0 0 0 0 0 0 1 1 0 0 0 0
0.879144 0 0 0 0 0 0 0 0 0 0 0 0 0 1 1 0 0 0 0
0.346448 0 0 0 0 0 0 0 0 0 0 0 0 0 1 1 0 0 0 0
0.723809 0 0 0 0 0 0 0 0 0 0 0 0 0 1 1 0 0 0 0
0.466916 0 0 0 0 0 0 0 0 0 0 0 0 0 1 1 0 0 0 0
0.0804813 0 0 0 0 0 0 0 0 0 0 0 0 0 1 1 0 0 0 0
0.680353 0 0 0 0 0 0 0 0 0 0 0 0 0 1 1 0 0 0 0
0.284756 0 0 0 0 0 0 0 0 0 0 0 0 0 1 1 0 0 0 0
0.419956 0 0 0 0 0 0 0 0 0 0 0 0 0 1 1 0 0 0 0
0.938611 0 0 0 0 0 0 0 0 0 0 0 0 0 1 1 0 0 0 0
0.14209 0 0 0 0 0 0 0 0 0 0 0 0 0 1 1 0 0 0 0
0.974701 0 0 0 0 0 0 0 0 0 0 0 0 0 1 1 0 0 0 0
0.0551996 0 0 0 0 0 0 0 0 0 0 0 0 0 1 1 0 0 0 0
0.267717 0 0 0 0 0 0 0 0 0 0 0 0 0 1 1 0 0 0 0
0.293355 0 0 0 0 0 0 0 0 0 0 0 0 0 1 1 0 0 0 0
0.813206 0 0 0 0 0 0 0 0 0 0 0 0 0 1 1 0 0 0 0
0.476359 0 0 0 0 0 0 0 0 0 0 0 0 0 1 1 0 0 0 0
0.0429641 0 0 0 0 0 0 0 0 0 0 0 0 0 1 1 0 0 0 0
0.179186 0 0 0 0 0 0 0 0 0 0 0 0 0 1 1 0 0 0 0
0.226297 0 0 0 0 0 0 0 0 0 0 0 0 0 1 1 0 0 0 0
0.202395 0 0 0 0 0 0 0 0 0 0 0 0 0 1 1 0 0 0 0
0.925982 0 0 0 0 0 0 0 0 0 0 0 0 0 1 1 0 0 0 0
0.77368 0 0 0 0 0 0 0 0 0 0 0 0 0 1 1 0 0 0 0
0.828406 0 0 0 0 0 0 0 0 0 0 0 0 0 1 1 0 0 0 0
0.865032 0 0 0 0 0 0 0 0 0 0 0 0 0 1 1 0 0 0 0
0.218249 0 0 0 0 0 0 0 0 0 0 0 0 0 1 1 0 0 0 0
0.0195493 0 0 0 0 0 0 0 0 0 0 0 0 0 1 1 0 0 0 0
0.805443 0 0 0 0 0 0 0 0 0 0 0 0 0 1 1 0 0 0 0
0.843291 0 0 0 0 0 0 0 0 0 0 0 0 0 1 1 0 0 0 0
0.835884 0 0 0 0 0 0 0 0 0 0 0 0 0 1 1 0 0 0 0
0.689154 0 0 0 0 0 0 0 0 0 0 0 0 0 1 1 0 0 0 0
0.932322 0 0 0 0 0 0 0 0 0 0 0 0 0 1 1 0 0 0 0
0.12784 0 0 0 0 0 0 0 0 0 0 0 0 0 1 1 0 0 0 0
0.0870226 0 0 0 0 0 0 0 0 0 0 0 0 0 1 1 0 0 0 0
0.997277 0 0 0 0 0 0 0 0 0 0 0 0 0 1 1 0 0 0 0
0.617137 0 0 0 0 0 0 0 0 0 0 0 0 0 1 1 0 0 0 0
0.2103 0 0 0 0 0 0 0 0 0 0 0 0 0 1 1 0 0 0 0
0.171636 0 0 0 0 0 0 0 0 0 0 0 0 0 1 1 0 0 0 0
0.635419 0 0 0 0 0 0 0 0 0 0 0 0 0 1 1 0 0 0 0
0.950933 0 0 0 0 0 0 0 0 0 0 0 0 0 1 1 0 0 0 0
0.913 0 0 0 0 0 0 0 0 0 0 0 0 0 1 1 0 0 0 0
0.276186 0 0 0 0 0 0 0 0 0 0 0 0 0 1 1 0 0 0 0
0.98614 0 0 0 0 0 0 0 0 0 0 0 0 0 1 1 0 0 0 0
0.944801 0 0 0 0 0 0 0 0 0 0 0 0 0 1 1 0 0 0 0
0.0740576 0 0 0 0 0 0 0 0 0 0 0 0 0 1 1 0 0 0 0
0.820831 0 0 0 0 0 0 0 0 0 0 0 0 0 1 1 0 0 0 0
0.1071 0 0 0 0 0 0 0 0 0 0 0 0 0 1 1 0 0 0 0
0.134922 0 0 0 0 0 0 0 0 0 0 0 0 0 1 1 0 0 0 0
0.749083 0 0 0 0 0 0 0 0 0 0 0 0 0 1 1 0 0 0 0
0.049051 0 0 0 0 0 0 0 0 0 0 0 0 0 1 1 0 0 0 0
0.715221 0 0 0 0 0 0 0 0 0 0 0 0 0 1 1 0 0 0 0
0.98045 0 0 0 0 0 0 0 0 0 0 0 0 0 1 1 0 0 0 0
0.113908 0 0 0 0 0 0 0 0 0 0 0 0 0 1 1 0 0 0 0
0.093619 0 0 0 0 0 0 0 0 0 0 0 0 0 1 1 0 0 0 0
0.956975 0 0 0 0 0 0 0 0 0 0 0 0 0 1 1 0 0 0 0
0.194615 0 0 0 0 0 0 0 0 0 0 0 0 0 1 1 0 0 0 0
0.0614084 0 0 0 0 0 0 0 0 0 0 0 0 0 1 1 0 0 0 0
0.00268318 0 0 0 0 0 0 0 0 0 0 0 0 0 1 1 0 0 0 0
0.0253343 0 0 0 0 0 0 0 0 0 0 0 0 0 1 1 0 0 0 0
0.00963832 0 0 0 0 0 0 0 0 0 0 0 0 0 1 1 0 0 0 0
0.717382 0 0 0 0 0 0 0 0 0 0 0 0 0 1 1 0 0 0 0
0.0238772 0 0 0 0 0 0 0 0 0 0 0 0 0 1 1 0 0 0 0
0.19267 0 0 0 0 0 0 0 0 0 0 0 0 0 1 1 0 0 0 0
0.181106 0 0 0 0 0 0 0 0 0 0 0 0 0 1 1 0 0 0 0
0.115643 0 0 0 0 0 0 0 0 0 0 0 0 0 1 1 0 0 0 0
0.984723 0 0 0 0 0 0 0 0 0 0 0 0 0 1 1 0 0 0 0
0.478731 0 0 0 0 0 0 0 0 0 0 0 0 0 1 1 0 0 0 0
0.0919695 0 0 0 0 0 0 0 0 0 0 0 0 0 1 1 0 0 0 0
0.136707 0 0 0 0 0 0 0 0 0 0 0 0 0 1 1 0 0 0 0
0.169757 0 0 0 0 0 0 0 0 0 0 0 0 0 1 1 0 0 0 0
0.958487 0 0 0 0 0 0 0 0 0 0 0 0 0 1 1 0 0 0 0
0.691368 0 0 0 0 0 0 0 0 0 0 0 0 0 1 1 0 0 0 0
0.946351 0 0 0 0 0 0 0 0 0 0 0 0 0 1 1 0 0 0 0
0.791712 0 0 0 0 0 0 0 0 0 0 0 0 0 1 1 0 0 0 0
0.469278 0 0 0 0 0 0 0 0 0 0 0 0 0 1 1 0 0 0 0
0.614832 0 0 0 0 0 0 0 0 0 0 0 0 0 1 1 0 0 0 0
0.646784 0 0 0 0 0 0 0 0 0 0 0 0 0 1 1 0 0 0 0
0.143901 0 0 0 0 0 0 0 0 0 0 0 0 0 1 1 0 0 0 0
0.911353 0 0 0 0 0 0 0 0 0 0 0 0 0 1 1 0 0 0 0
0.803506 0 0 0 0 0 0 0 0 0 0 0 0 0 1 1 0 0 0 0
0.244718 0 0 0 0 0 0 0 0 0 0 0 0 0 1 1 0 0 0 0
0.933907 0 0 0 0 0 0 0 0 0 0 0 0 0 1 1 0 0 0 0
0.924367 0 0 0 0 0 0 0 0 0 0 0 0 0 1 1 0 0 0 0
0.742838 0 0 0 0 0 0 0 0 0 0 0 0 0 1 1 0 0 0 0
0.278319 0 0 0 0 0 0 0 0 0 0 0 0 0 1 1 0 0 0 0
0.232407 0 0 0 0 0 0 0 0 0 0 0 0 0 1 1 0 0 0 0
0.779717 0 0 0 0 0 0 0 0 0 0 0 0 0 1 1 0 0 0 0
0.99034 0 0 0 0 0 0 0 0 0 0 0 0 0 1 1 0 0 0 0
0.0724651 0 0 0 0 0 0 0 0 0 0 0 0 0 1 1 0 0 0 0
0.873893 0 0 0 0 0 0 0 0 0 0 0 0 0 1 1 0 0 0 0
0.964452 0 0 0 0 0 0 0 0 0 0 0 0 0 1 1 0 0 0 0
0.870358 0 0 0 0 0 0 0 0 0 0 0 0 0 1 1 0 0 0 0
0.344184 0 0 0 0 0 0 0 0 0 0 0 0 0 1 1 0 0 0 0
0.436334 0 0 0 0 0 0 0 0 0 0 0 0 0 1 1 0 0 0 0
0.917891 0 0 0 0 0 0 0 0 0 0 0 0 0 1 1 0 0 0 0
0.282608 0 0 0 0 0 0 0 0 0 0 0 0 0 1 1 0 0 0 0
0.308636 0 0 0 0 0 0 0 0 0 0 0 0 0 1 1 0 0 0 0
0.554286 0 0 0 0 0 0 0 0 0 0 0 0 0 1 1 0 0 0 0
0.526008 0 0 0 0 0 0 0 0 0 0 0 0 0 1 1 0 0 0 0
0.734421 0 0 0 0 0 0 0 0 0 0 0 0 0 1 1 0 0 0 0
0.304252 0 0 0 0 0 0 0 0 0 0 0 0 0 1 1 0 0 0 0
0.502371 0 0 0 0 0 0 0 0 0 0 0 0 0 1 1 0 0 0 0
