1 1 1 1 0.994667 0.792131 0.942747 0.581419 0.782241 0.577908 0.32434 0.330078 0.531968 0.429815 0 0.473579 0.34624 0.877645 0.675269 0.295575
1 0.122967 0 0 0.572691 1 0.870674 0.220079 0.274844 0.341588 0.437275 1 0.477679 0.552402 0.783001 0.095692 1 0.709931 0.808682 0
0.998039 0.397014 0 0.122445 0.164776 1 1 0.702947 0.529396 0.526548 0.494702 0.189137 0.139839 1 0.755419 0.998126 0.572445 0.791139 0.22999 0.227581
0.923707 0 0.370972 0.37602 1 0.44471 0.930834 0 0.57709 0.25255 0.0558883 0.725787 0.309684 0 0.223441 0.961187 0.542764 0.288679 0.208526 0
0 0.714758 0.982159 1 0 0.813774 0.595124 0.808165 0.500278 1 0.365809 0.644473 0.344348 0.490314 1 0.70072 0.735774 0.883801 0.818599 0.572101
0.989672 0.0737523 0.989686 0.993351 0.520638 0.441192 0.561403 0.54612 0.497206 0.407086 0.49351 0.484714 0.580536 0.565963 0.505636 0.427605 0.442961 0.480639 0.527518 0.45094
0.995033 0.864634 0.598597 0.992158 0.491746 0.511368 0.538643 0.459871 0.488658 0.443301 0.463795 0.484761 0.465435 0.526441 0.415995 0.482552 0.546115 0.473086 0.499985 0.427966
0.625052 0.993092 0.54619 0.894287 0.463108 0.550512 0.498732 0.485792 0.49818 0.483252 0.490727 0.471916 0.486565 0.536202 0.473935 0.498963 0.489786 0.479867 0.535437 0.483679
0.649318 0.99998 0.539062 0.782322 0.492223 0.502592 0.48653 0.482758 0.486085 0.485414 0.494107 0.464833 0.490694 0.518396 0.475848 0.486496 0.492959 0.483961 0.541369 0.495264
0.99128 1 0.527462 0.976869 0.467109 0.538478 0.520807 0.4544 0.517287 0.44147 0.460317 0.472149 0.450869 0.539445 0.422628 0.505632 0.548242 0.455477 0.482647 0.409205
1 0.17893 0.66839 0.967848 0.482972 0.499851 0.478475 0.507419 0.499791 0.490002 0.501919 0.484225 0.497697 0.522499 0.476872 0.460721 0.50686 0.475438 0.524741 0.481258
0.712737 0.552053 0.591669 0.966931 0.479342 0.501521 0.488752 0.504097 0.478199 0.489067 0.49801 0.476061 0.501297 0.514712 0.479225 0.477781 0.504495 0.484501 0.533559 0.494989
0.792022 0.15146 0.987013 0.946727 0.51567 0.417895 0.537618 0.523816 0.463224 0.45328 0.503098 0.524174 0.564121 0.560267 0.509802 0.432805 0.4776 0.493847 0.57354 0.494263
0.917961 0 1 1 0.461922 0.461913 0.529849 0.556015 0.487854 0.470329 0.532155 0.535442 0.564719 0.573411 0.498575 0.443375 0.482653 0.491237 0.551501 0.460182
0.648295 0.999974 0.539136 0.782325 0.492127 0.502632 0.486701 0.482862 0.485926 0.485245 0.494165 0.464902 0.490564 0.518318 0.476198 0.486576 0.492963 0.483859 0.54163 0.495703
0.986547 0.745178 0.682297 0.909646 0.533954 0.466366 0.540524 0.440683 0.475525 0.454569 0.467134 0.513561 0.488384 0.533541 0.426619 0.464791 0.544229 0.490128 0.545014 0.448394
0.986004 0.454672 0.629804 1 0.478083 0.470441 0.506738 0.477979 0.461674 0.473641 0.523086 0.503112 0.461521 0.48977 0.449909 0.475356 0.529904 0.486968 0.544333 0.473588
0.917961 0 1 1 0.461922 0.461913 0.529849 0.556015 0.487854 0.470329 0.532155 0.535442 0.564719 0.573411 0.498575 0.443375 0.482653 0.491237 0.551501 0.460182
0.842398 0.197787 0.980944 0.896711 0.478502 0.451162 0.527911 0.53814 0.482955 0.466923 0.54274 0.533525 0.553313 0.569381 0.500829 0.440628 0.469875 0.50728 0.569793 0.466983
0.622562 0.992265 0.547655 0.787393 0.48737 0.513784 0.49767 0.491076 0.481084 0.477503 0.48931 0.462483 0.492327 0.523602 0.484644 0.487193 0.482258 0.47327 0.53486 0.504965
0.724225 0.989553 0.561678 1 0.470741 0.540636 0.491854 0.474241 0.491574 0.465993 0.470916 0.496002 0.49992 0.53682 0.456855 0.504221 0.494504 0.471131 0.529965 0.469345
0.616658 0.992224 0.557178 0.788428 0.49078 0.503334 0.501001 0.489824 0.480442 0.483035 0.492916 0.465093 0.4933 0.519498 0.486437 0.489726 0.491495 0.473789 0.549681 0.509567
0.720307 0.540268 0.589302 0.968575 0.481488 0.504652 0.490276 0.503992 0.477022 0.490707 0.499402 0.477528 0.502311 0.513612 0.474629 0.479575 0.505053 0.482416 0.53333 0.493292
0.990384 0.311843 0.608572 0.917163 0.485271 0.503599 0.499949 0.495451 0.4787 0.47982 0.497877 0.491182 0.481529 0.504333 0.455744 0.470218 0.536578 0.472858 0.524433 0.476215
0.731506 0.501667 0.594577 1 0.476762 0.505979 0.488352 0.503703 0.47909 0.488781 0.495235 0.478475 0.503102 0.517569 0.477697 0.479278 0.504573 0.480889 0.529264 0.490598
1 0.17893 0.66839 0.967848 0.482972 0.499851 0.478475 0.507419 0.499791 0.490002 0.501919 0.484225 0.497697 0.522499 0.476872 0.460721 0.50686 0.475438 0.524741 0.481258
0.998729 0.423985 0.668924 1 0.47942 0.50375 0.497482 0.494651 0.496021 0.486534 0.512681 0.469197 0.483722 0.532809 0.452236 0.452619 0.496051 0.503518 0.502933 0.449433
0.645612 0.999948 0.539856 0.783524 0.491888 0.503003 0.48734 0.48306 0.485537 0.4849 0.494237 0.465354 0.490494 0.518341 0.476917 0.486957 0.492926 0.483455 0.542439 0.496675
0.947072 0.0578025 0.990487 1 0.495169 0.451149 0.560898 0.54984 0.499254 0.436749 0.51494 0.500882 0.56759 0.568179 0.510582 0.432515 0.468658 0.493985 0.555983 0.455533
0.917961 0 1 1 0.461922 0.461913 0.529849 0.556015 0.487854 0.470329 0.532155 0.535442 0.564719 0.573411 0.498575 0.443375 0.482653 0.491237 0.551501 0.460182
0.852501 0.236292 0.984652 0.937286 0.47547 0.456946 0.536967 0.54233 0.484522 0.468536 0.534865 0.533646 0.562737 0.574086 0.493825 0.45184 0.470358 0.485642 0.564332 0.465755
0.987041 0.999212 0.648755 0.837978 0.422042 0.55914 0.572727 0.493376 0.584687 0.427606 0.461584 0.409577 0.46077 0.547199 0.437225 0.494434 0.568401 0.526805 0.482649 0.367391
0.989704 0.999995 0.561298 0.978081 0.52187 0.564922 0.529991 0.432426 0.506334 0.44969 0.444814 0.487867 0.470044 0.553828 0.429567 0.473147 0.531549 0.463419 0.48346 0.401432
0.999507 0.225672 0.679211 0.993177 0.478921 0.500009 0.492146 0.503942 0.488837 0.482456 0.50964 0.483394 0.48855 0.517937 0.475447 0.455692 0.504051 0.47833 0.52084 0.472286
0.889611 0.267878 0.98804 0.998975 0.507637 0.425074 0.548264 0.516459 0.506888 0.4281 0.498943 0.499599 0.551312 0.569355 0.538852 0.417958 0.485447 0.522977 0.582663 0.461459
0.917928 0.0216611 1 1 0.462474 0.46086 0.529494 0.554656 0.48807 0.469151 0.532123 0.534863 0.563964 0.573774 0.498938 0.443119 0.482917 0.49134 0.550142 0.457236
0.921602 0.0112199 0.999467 0.998247 0.47279 0.45542 0.532869 0.551621 0.492041 0.462037 0.531794 0.524884 0.561602 0.568734 0.509187 0.436393 0.47873 0.496092 0.557821 0.457934
0.618652 0.980443 0.553922 0.798616 0.488587 0.509024 0.490495 0.485782 0.487178 0.490229 0.494438 0.466667 0.495901 0.523582 0.479431 0.488513 0.488926 0.485395 0.547509 0.500573
0.644666 0.999882 0.537444 0.7769 0.491862 0.501788 0.486619 0.483637 0.485265 0.484241 0.494645 0.464137 0.489168 0.51716 0.478096 0.486225 0.49319 0.484032 0.542105 0.498016
0.916394 0 0.997903 0.999868 0.462793 0.462997 0.531418 0.558809 0.487909 0.471259 0.532992 0.534102 0.564719 0.572124 0.496729 0.444121 0.484311 0.491465 0.551911 0.462188
0.723406 0.541791 0.593832 0.965157 0.482772 0.497255 0.486571 0.496711 0.47284 0.487733 0.497106 0.482823 0.503067 0.514515 0.474206 0.477943 0.500003 0.481415 0.531926 0.491538
0.992948 0.330504 0.690656 0.947124 0.496145 0.456239 0.472688 0.498019 0.486552 0.500062 0.52463 0.479197 0.493744 0.515741 0.48117 0.441509 0.503254 0.507119 0.535299 0.475701
0.693744 0.606113 0.597412 0.976748 0.475449 0.500709 0.488029 0.496162 0.481319 0.490692 0.497687 0.474912 0.501324 0.520467 0.483444 0.477883 0.498772 0.486969 0.536466 0.491082
0.989149 0.427905 0.65384 0.999865 0.473662 0.513709 0.51471 0.512475 0.48942 0.476719 0.531076 0.459956 0.463176 0.508872 0.455277 0.454852 0.508262 0.502016 0.513324 0.453771
0.993036 0.0442208 0.998285 0.992155 0.503977 0.421611 0.567064 0.541622 0.490923 0.421521 0.507869 0.490052 0.557762 0.555133 0.494134 0.415994 0.473671 0.516156 0.54347 0.450209
0.720364 0.54978 0.591802 0.999758 0.477059 0.504029 0.488517 0.499505 0.478196 0.49059 0.496884 0.478897 0.501844 0.517142 0.47761 0.479781 0.503495 0.481461 0.532696 0.490314
0.659508 0.998367 0.497116 0.997906 0.472314 0.560917 0.476722 0.464432 0.480616 0.478753 0.479644 0.498767 0.490208 0.526262 0.469856 0.507506 0.489491 0.462698 0.533085 0.478067
0.993503 0.692038 0.617654 0.998974 0.487773 0.486224 0.513436 0.469741 0.49173 0.46712 0.483043 0.478528 0.46994 0.520203 0.447076 0.466871 0.54386 0.493498 0.519055 0.446994
0.699488 0.602828 0.583776 0.972205 0.481066 0.507211 0.488666 0.498125 0.480637 0.493832 0.50313 0.474277 0.500688 0.515964 0.476476 0.48064 0.500572 0.484833 0.536303 0.488599
0.996348 0.149108 0.99669 0.980806 0.517023 0.453852 0.539411 0.520993 0.48538 0.414818 0.518644 0.533027 0.565155 0.579918 0.516059 0.4337 0.434928 0.474615 0.551206 0.448846
0.649318 0.99998 0.539062 0.782322 0.492223 0.502592 0.48653 0.482758 0.486085 0.485414 0.494107 0.464833 0.490694 0.518396 0.475848 0.486496 0.492959 0.483961 0.541369 0.495264
0.641832 0.999509 0.550828 0.81475 0.490168 0.511682 0.493212 0.483639 0.484716 0.482964 0.49399 0.472015 0.493402 0.521136 0.477831 0.4916 0.492142 0.477365 0.547188 0.495779
0.713344 0.556412 0.591 0.947723 0.481213 0.499892 0.487262 0.503258 0.478152 0.488065 0.497478 0.476446 0.502203 0.51442 0.478889 0.477572 0.503647 0.484866 0.533553 0.494857
0.749024 0 0.996638 0.910444 0.474287 0.455492 0.514095 0.572986 0.469422 0.486463 0.545408 0.528642 0.587592 0.567104 0.522035 0.435054 0.441413 0.494695 0.565046 0.499907
1 0.17893 0.66839 0.967848 0.482972 0.499851 0.478475 0.507419 0.499791 0.490002 0.501919 0.484225 0.497697 0.522499 0.476872 0.460721 0.50686 0.475438 0.524741 0.481258
0.620542 0.984742 0.563683 0.999472 0.468367 0.569527 0.495783 0.492906 0.527788 0.503931 0.5215 0.46558 0.493735 0.54193 0.473596 0.499348 0.508965 0.503062 0.555735 0.439131
0.998187 0.112417 1 0.995738 0.497809 0.456752 0.544604 0.532704 0.495907 0.422685 0.531567 0.527688 0.547851 0.578573 0.472824 0.438278 0.454688 0.506471 0.540807 0.432547
0.617734 0.988245 0.554479 0.813815 0.490506 0.509106 0.503761 0.492503 0.481673 0.487277 0.498453 0.467157 0.494841 0.518527 0.478851 0.496197 0.493884 0.470144 0.552545 0.506126
0.649084 0.999721 0.5423 0.7911 0.491199 0.505774 0.489011 0.484265 0.485604 0.483557 0.494318 0.465937 0.49074 0.518473 0.477766 0.487633 0.492548 0.480717 0.542371 0.495475
0.704257 0.678862 0.588731 0.999066 0.483667 0.503939 0.491695 0.482778 0.47566 0.48524 0.496328 0.477402 0.494974 0.518489 0.479358 0.477483 0.493664 0.480768 0.53436 0.485172
0.917961 0 1 1 0.461922 0.461913 0.529849 0.556015 0.487854 0.470329 0.532155 0.535442 0.564719 0.573411 0.498575 0.443375 0.482653 0.491237 0.551501 0.460182
0.925451 0.00489799 0.999803 0.998898 0.467231 0.472157 0.531661 0.546258 0.485559 0.45805 0.532298 0.543891 0.558647 0.569398 0.504864 0.44085 0.478483 0.494684 0.560789 0.45362
0.998033 0.419321 0.658003 0.98056 0.491637 0.484184 0.48198 0.489782 0.490533 0.483185 0.512032 0.48356 0.488721 0.522391 0.473303 0.455945 0.50854 0.485462 0.518272 0.452723
0.731506 0.501667 0.594577 1 0.476762 0.505979 0.488352 0.503703 0.47909 0.488781 0.495235 0.478475 0.503102 0.517569 0.477697 0.479278 0.504573 0.480889 0.529264 0.490598
0.65309 0.999621 0.542957 0.794132 0.490982 0.506965 0.489401 0.484808 0.485932 0.48304 0.494336 0.465833 0.49084 0.518462 0.477761 0.487667 0.49238 0.479525 0.541675 0.494107
0.706886 0.595015 0.589207 0.999516 0.476898 0.503418 0.4891 0.497881 0.479344 0.4923 0.497674 0.476885 0.501261 0.517974 0.477123 0.48089 0.502598 0.482793 0.534658 0.49083
0.752026 0.549948 0.582078 0.997414 0.484401 0.509724 0.491407 0.482168 0.478387 0.485537 0.506329 0.471948 0.479368 0.515249 0.486736 0.468503 0.497641 0.478229 0.524028 0.479766
0.99963 0.230974 0.680478 0.995198 0.477072 0.500486 0.494297 0.503915 0.490919 0.483185 0.510555 0.481424 0.487123 0.518272 0.475307 0.455067 0.50609 0.482774 0.52249 0.471041
1 0.17893 0.66839 0.967848 0.482972 0.499851 0.478475 0.507419 0.499791 0.490002 0.501919 0.484225 0.497697 0.522499 0.476872 0.460721 0.50686 0.475438 0.524741 0.481258
0.898284 0.0364086 0.999718 0.977488 0.471971 0.450148 0.5277 0.548342 0.481813 0.468351 0.534092 0.537954 0.566058 0.570678 0.492832 0.442217 0.475259 0.493978 0.55445 0.462557
0.996726 0.406425 0.651181 0.999731 0.480146 0.481658 0.490604 0.494509 0.490774 0.487109 0.510454 0.472943 0.479389 0.514828 0.470946 0.452812 0.521876 0.498388 0.520475 0.461185
0.9844 1 0.549849 0.973399 0.468728 0.51976 0.520988 0.449482 0.524082 0.450574 0.468441 0.478501 0.445858 0.531427 0.431634 0.504384 0.574036 0.47407 0.516815 0.413935
0.714768 0.557306 0.589247 0.955671 0.480483 0.499525 0.486778 0.503222 0.477451 0.488151 0.496684 0.477099 0.502101 0.514264 0.47743 0.478247 0.503592 0.484046 0.532591 0.495556
0.731506 0.501667 0.594577 1 0.476762 0.505979 0.488352 0.503703 0.47909 0.488781 0.495235 0.478475 0.503102 0.517569 0.477697 0.479278 0.504573 0.480889 0.529264 0.490598
0.644114 0.999836 0.543078 0.791826 0.491221 0.505408 0.489346 0.483677 0.485159 0.484044 0.494203 0.466775 0.491081 0.518943 0.477821 0.488122 0.492572 0.481292 0.543642 0.496815
0.676862 0.991134 0.551159 0.914445 0.484846 0.526525 0.488116 0.478737 0.479797 0.472964 0.480487 0.490997 0.498456 0.524497 0.462906 0.498042 0.488678 0.474216 0.540433 0.489617
0.731506 0.501667 0.594577 1 0.476762 0.505979 0.488352 0.503703 0.47909 0.488781 0.495235 0.478475 0.503102 0.517569 0.477697 0.479278 0.504573 0.480889 0.529264 0.490598
0.918065 0.0077458 0.999524 0.998423 0.468635 0.456913 0.53144 0.553491 0.491297 0.465933 0.531406 0.527733 0.563524 0.571452 0.505205 0.439259 0.480417 0.494258 0.554792 0.459171
0.648295 0.999974 0.539136 0.782325 0.492127 0.502632 0.486701 0.482862 0.485926 0.485245 0.494165 0.464902 0.490564 0.518318 0.476198 0.486576 0.492963 0.483859 0.54163 0.495703
0.999261 0.246553 0.683194 1 0.478848 0.498031 0.49771 0.502239 0.485395 0.478541 0.51197 0.48062 0.484916 0.515944 0.476655 0.45264 0.502373 0.479595 0.519225 0.468924
0.640779 0.999852 0.544413 0.793066 0.49154 0.505323 0.489669 0.482952 0.485 0.484869 0.49386 0.467856 0.492054 0.519777 0.47698 0.488702 0.492544 0.481898 0.544664 0.497313
0.629952 0.998948 0.538299 0.672944 0.498329 0.476267 0.485383 0.49343 0.487849 0.492883 0.505292 0.446138 0.48862 0.510566 0.475869 0.480371 0.494751 0.493712 0.543913 0.505284
1 0.17893 0.66839 0.967848 0.482972 0.499851 0.478475 0.507419 0.499791 0.490002 0.501919 0.484225 0.497697 0.522499 0.476872 0.460721 0.50686 0.475438 0.524741 0.481258
0.640077 0.999844 0.544727 0.793663 0.491481 0.505483 0.489881 0.482986 0.484905 0.484801 0.493859 0.46804 0.492101 0.519836 0.47712 0.488842 0.492522 0.48176 0.544905 0.497525
0.619257 0.992194 0.55105 0.794549 0.48714 0.515511 0.499363 0.490962 0.480731 0.477532 0.489009 0.464338 0.493538 0.524703 0.484582 0.488476 0.48197 0.472134 0.536448 0.505307
0.919603 0.00463212 0.999924 0.999766 0.46868 0.459905 0.531774 0.552874 0.489499 0.464984 0.532999 0.53111 0.562478 0.569911 0.504332 0.439556 0.479992 0.494376 0.556591 0.458141
0.782988 0.142434 0.985677 0.954807 0.5132 0.421643 0.537112 0.527665 0.465197 0.458892 0.507774 0.522247 0.566656 0.560169 0.504997 0.436071 0.475201 0.493593 0.573818 0.493045
0.733166 0.503431 0.590202 0.999736 0.478489 0.504233 0.490553 0.506447 0.474363 0.490637 0.497473 0.479973 0.502012 0.512855 0.472132 0.479904 0.506979 0.479653 0.529872 0.495209
0.809374 0 0.997103 0.950105 0.455201 0.439641 0.525479 0.568715 0.479921 0.494087 0.548077 0.526529 0.561102 0.55834 0.489593 0.439807 0.492191 0.516678 0.564931 0.482763
0.994435 0.332809 0.658973 0.953588 0.48966 0.488237 0.502132 0.494644 0.480059 0.473046 0.506649 0.488076 0.48423 0.511895 0.466813 0.457044 0.521877 0.483188 0.523418 0.463935
0.71705 0.533569 0.592095 0.949832 0.480698 0.499768 0.487622 0.506183 0.477332 0.487337 0.497543 0.476353 0.501703 0.513251 0.479398 0.476576 0.504867 0.484906 0.532495 0.496706
0.714532 0.98021 0.485231 0.999998 0.4455 0.587678 0.466278 0.477692 0.495598 0.453018 0.4707 0.513911 0.471628 0.522288 0.449102 0.511217 0.50477 0.484336 0.529408 0.472146
0.921602 0.0112199 0.999467 0.998247 0.47279 0.45542 0.532869 0.551621 0.492041 0.462037 0.531794 0.524884 0.561602 0.568734 0.509187 0.436393 0.47873 0.496092 0.557821 0.457934
0.983576 1 0.544988 0.984838 0.47209 0.521075 0.526476 0.452583 0.517106 0.45092 0.46865 0.477725 0.45058 0.530293 0.427599 0.510406 0.567393 0.456934 0.512292 0.416635
0.738132 0.49164 0.596053 0.970288 0.479799 0.498849 0.489358 0.507464 0.473974 0.486738 0.493721 0.481033 0.503731 0.512977 0.474942 0.477876 0.508047 0.480532 0.529708 0.497673
0.914026 0.00575343 0.99964 0.989018 0.467001 0.4553 0.52831 0.547877 0.482191 0.46977 0.534738 0.54079 0.564032 0.570064 0.497761 0.441778 0.479554 0.491091 0.556122 0.459114
0.672597 0.998818 0.544871 0.995012 0.476259 0.556257 0.491466 0.467228 0.482412 0.46833 0.473372 0.500078 0.494197 0.533976 0.478528 0.500047 0.487426 0.464012 0.537549 0.480441
0.999364 0.356166 0.663352 0.998767 0.481785 0.495406 0.491458 0.498999 0.491236 0.487037 0.513095 0.474984 0.483634 0.520821 0.46274 0.451566 0.50817 0.497361 0.512298 0.458241
0.68056 0.705185 0.592712 0.987381 0.480951 0.504757 0.487447 0.484375 0.483728 0.492027 0.500313 0.474126 0.500011 0.522742 0.48424 0.478635 0.493117 0.487537 0.540649 0.482425
0.918065 0.0077458 0.999524 0.998423 0.468635 0.456913 0.53144 0.553491 0.491297 0.465933 0.531406 0.527733 0.563524 0.571452 0.505205 0.439259 0.480417 0.494258 0.554792 0.459171
0.998644 0.435964 0.722174 0.955639 0.515103 0.461121 0.491316 0.475234 0.490035 0.474357 0.50585 0.4956 0.501197 0.541548 0.460372 0.442213 0.496353 0.507818 0.522688 0.444784
0.994978 0.268958 0.644339 0.951001 0.483208 0.500714 0.494533 0.499705 0.484714 0.48166 0.503173 0.488589 0.486481 0.512098 0.465252 0.463419 0.521257 0.476137 0.52344 0.474218
0.644666 0.999882 0.537444 0.7769 0.491862 0.501788 0.486619 0.483637 0.485265 0.484241 0.494645 0.464137 0.489168 0.51716 0.478096 0.486225 0.49319 0.484032 0.542105 0.498016
0.989793 0.609221 0.745333 0.998115 0.481748 0.445368 0.556761 0.481293 0.483138 0.420181 0.472648 0.496088 0.485675 0.518886 0.475017 0.467334 0.554706 0.474745 0.549188 0.454288
0.984159 0.0126363 0.997782 1 0.501959 0.445734 0.572688 0.552663 0.483269 0.421059 0.513606 0.499551 0.570931 0.556567 0.491171 0.43222 0.457166 0.483945 0.536785 0.451783
0.999036 0.268806 0.690497 0.975135 0.487949 0.487205 0.491133 0.500975 0.489465 0.478581 0.509598 0.488138 0.492825 0.5214 0.475101 0.453223 0.508314 0.485343 0.52406 0.465713
0.731506 0.501667 0.594577 1 0.476762 0.505979 0.488352 0.503703 0.47909 0.488781 0.495235 0.478475 0.503102 0.517569 0.477697 0.479278 0.504573 0.480889 0.529264 0.490598
0.704338 0.644123 0.605559 0.987413 0.47513 0.493882 0.488601 0.486436 0.479165 0.482909 0.487943 0.477132 0.499687 0.524377 0.489361 0.474998 0.496165 0.482845 0.533656 0.490042
0.917961 0 1 1 0.461922 0.461913 0.529849 0.556015 0.487854 0.470329 0.532155 0.535442 0.564719 0.573411 0.498575 0.443375 0.482653 0.491237 0.551501 0.460182
0.931765 0 0.98926 0.987388 0.499656 0.419228 0.538679 0.540173 0.488385 0.425965 0.51028 0.507328 0.559233 0.554573 0.515825 0.420099 0.476396 0.520753 0.558118 0.468716
0.637802 0.993395 0.59124 0.982884 0.475191 0.563651 0.506383 0.484245 0.516771 0.492606 0.503526 0.480198 0.497653 0.54649 0.477882 0.497619 0.504734 0.492453 0.559938 0.452022
0.719054 0.522559 0.594461 0.958086 0.479796 0.500337 0.488116 0.506312 0.477455 0.487728 0.498036 0.476409 0.501469 0.513658 0.480425 0.47601 0.505213 0.484823 0.532377 0.495786
0.731506 0.501667 0.594577 1 0.476762 0.505979 0.488352 0.503703 0.47909 0.488781 0.495235 0.478475 0.503102 0.517569 0.477697 0.479278 0.504573 0.480889 0.529264 0.490598
0.665303 0.979316 0.449839 0.999501 0.459491 0.53013 0.458045 0.472237 0.479067 0.49355 0.471201 0.484142 0.48587 0.513285 0.428713 0.511637 0.500719 0.483435 0.515983 0.491034
0.919603 0.00463212 0.999924 0.999766 0.46868 0.459905 0.531774 0.552874 0.489499 0.464984 0.532999 0.53111 0.562478 0.569911 0.504332 0.439556 0.479992 0.494376 0.556591 0.458141
0.988422 0.327501 0.628216 0.937099 0.488049 0.48826 0.485296 0.493855 0.482334 0.485921 0.510492 0.484761 0.481554 0.508166 0.469122 0.457889 0.523299 0.487583 0.524715 0.470412
0.644114 0.999836 0.543078 0.791826 0.491221 0.505408 0.489346 0.483677 0.485159 0.484044 0.494203 0.466775 0.491081 0.518943 0.477821 0.488122 0.492572 0.481292 0.543642 0.496815
0.917928 0.0216611 1 1 0.462474 0.46086 0.529494 0.554656 0.48807 0.469151 0.532123 0.534863 0.563964 0.573774 0.498938 0.443119 0.482917 0.49134 0.550142 0.457236
0.733264 0.999006 0.591596 1 0.478133 0.55718 0.503154 0.469756 0.492028 0.455045 0.473849 0.506204 0.50278 0.544601 0.47683 0.502488 0.488487 0.458629 0.538141 0.461341
0.649758 0.999776 0.545311 0.798755 0.491269 0.507172 0.490055 0.483681 0.485804 0.48429 0.49384 0.467422 0.492335 0.519829 0.476412 0.488574 0.492246 0.47993 0.54291 0.494152
0.984164 0.0845646 1 1 0.503309 0.444495 0.558038 0.557534 0.500456 0.424154 0.522458 0.490014 0.561997 0.554082 0.52993 0.424585 0.464658 0.486295 0.558233 0.451036
0.999677 0.218101 0.67776 0.992928 0.476832 0.501811 0.492079 0.50498 0.491431 0.485338 0.5107 0.481933 0.487893 0.518254 0.474438 0.455902 0.505895 0.482307 0.52245 0.472757
0.69315 0.621402 0.583546 0.984274 0.478076 0.502987 0.48596 0.494411 0.479489 0.494267 0.49998 0.47677 0.501772 0.518341 0.474574 0.481982 0.498417 0.484931 0.535398 0.489798
0.995835 0.66012 0.642585 0.990724 0.493408 0.498013 0.517491 0.469136 0.491315 0.456817 0.482637 0.486195 0.475619 0.529732 0.444767 0.465683 0.527603 0.483843 0.510489 0.436109
0.921602 0.0112199 0.999467 0.998247 0.47279 0.45542 0.532869 0.551621 0.492041 0.462037 0.531794 0.524884 0.561602 0.568734 0.509187 0.436393 0.47873 0.496092 0.557821 0.457934
0.975067 0.0832382 0.999149 0.980593 0.508262 0.417471 0.547491 0.525275 0.493885 0.427991 0.503671 0.49888 0.567975 0.568021 0.526825 0.420365 0.462414 0.488901 0.551381 0.45354
0.641905 0.999917 0.540651 0.784726 0.491552 0.503415 0.48815 0.483363 0.484989 0.484386 0.494367 0.465875 0.490295 0.518286 0.477986 0.487419 0.492892 0.48295 0.543509 0.498086
0.987134 0.712346 0.589567 1 0.453611 0.507779 0.519382 0.47904 0.486641 0.444595 0.50224 0.488221 0.449952 0.508553 0.434029 0.500569 0.53446 0.464955 0.512765 0.441704
0.667393 0.989394 0.575703 0.998173 0.473752 0.566692 0.499355 0.483083 0.513183 0.484484 0.501491 0.482144 0.496001 0.543287 0.473952 0.498214 0.500809 0.487211 0.547996 0.448234
0.988645 1 0.58312 0.988743 0.502112 0.526751 0.526097 0.445213 0.503317 0.451413 0.46657 0.476113 0.467842 0.548821 0.431026 0.477086 0.529128 0.476146 0.486172 0.404432
0.731506 0.501667 0.594577 1 0.476762 0.505979 0.488352 0.503703 0.47909 0.488781 0.495235 0.478475 0.503102 0.517569 0.477697 0.479278 0.504573 0.480889 0.529264 0.490598
0.991377 0.216679 0.99204 0.998138 0.512928 0.43721 0.566689 0.524962 0.508359 0.412011 0.487991 0.493079 0.573527 0.575139 0.509585 0.430493 0.461521 0.490841 0.54871 0.441736
0.85012 0.0403786 0.997398 0.954931 0.488774 0.440991 0.531566 0.544711 0.483256 0.466353 0.539388 0.530605 0.567093 0.567141 0.490613 0.443084 0.467123 0.505398 0.570074 0.468625
0.986751 0 1 0.92866 0.476509 0.434856 0.578059 0.564247 0.521548 0.417853 0.517687 0.468901 0.558877 0.560533 0.49957 0.406952 0.479045 0.56238 0.542213 0.435061
0.860903 0.766476 0.990152 0.989931 0.533544 0.440108 0.597635 0.52544 0.526765 0.423529 0.445965 0.488352 0.571467 0.5851 0.504815 0.443171 0.517893 0.496242 0.59154 0.465455
0.643964 0.994337 0.542268 0.764896 0.489184 0.498842 0.487501 0.489803 0.487489 0.486572 0.497153 0.461219 0.490744 0.517173 0.468652 0.488128 0.492995 0.488401 0.54127 0.498276
0.992505 0.992077 0.526332 1 0.439747 0.465933 0.499198 0.422545 0.485757 0.419284 0.450179 0.532628 0.451731 0.515797 0.433074 0.543183 0.576602 0.426873 0.522797 0.435328
0.999275 0.269043 0.690757 0.978227 0.48767 0.487329 0.491153 0.500601 0.489516 0.478802 0.509616 0.488257 0.492816 0.521653 0.475113 0.453297 0.508233 0.485202 0.52404 0.465299
0.666824 0.618876 0.589324 0.995632 0.477459 0.505153 0.48512 0.495119 0.479544 0.492181 0.497637 0.477144 0.504868 0.520396 0.485847 0.481079 0.494181 0.48234 0.538423 0.492604
0.957282 0.161178 0.994787 0.996564 0.497904 0.435838 0.552207 0.530367 0.499329 0.435057 0.505694 0.51517 0.566415 0.571459 0.500886 0.43699 0.477179 0.497571 0.561851 0.453018
0.856561 0.00626988 0.995589 0.951764 0.478708 0.440188 0.531093 0.55426 0.480961 0.467117 0.540532 0.524404 0.560763 0.562643 0.500519 0.43542 0.471249 0.507224 0.56352 0.476215
0.650078 1 0.537955 0.779938 0.492268 0.50203 0.486023 0.48283 0.486149 0.485348 0.494226 0.464238 0.490247 0.518003 0.475986 0.486095 0.493056 0.484306 0.540927 0.495297
0.693883 0.983587 0.548815 0.999675 0.49607 0.527341 0.476057 0.475408 0.476529 0.483867 0.484449 0.507598 0.511243 0.519527 0.446016 0.503042 0.493489 0.480648 0.553069 0.477729
0.710902 0.554505 0.591641 0.926586 0.483134 0.499731 0.487661 0.50489 0.478637 0.487036 0.498195 0.475287 0.502345 0.513498 0.480295 0.476579 0.504045 0.486291 0.534598 0.495923
0.76641 0.310415 0.997983 0.961089 0.499234 0.459587 0.537932 0.53977 0.47975 0.471151 0.517676 0.544835 0.569047 0.572217 0.503034 0.455692 0.483654 0.477854 0.592937 0.485185
0.715157 0.557693 0.589672 0.960708 0.480027 0.499727 0.48681 0.502612 0.477534 0.488511 0.496713 0.477292 0.502086 0.514676 0.47745 0.478369 0.503461 0.483815 0.53256 0.494882
0.99148 0.12449 0.994198 0.973214 0.505186 0.404393 0.544742 0.53163 0.477133 0.424799 0.525968 0.504203 0.544757 0.532216 0.544589 0.409303 0.49173 0.505902 0.576203 0.460283
0.990764 0.0399349 0.997536 0.987994 0.510515 0.419903 0.574007 0.539627 0.484154 0.415396 0.503294 0.501926 0.564248 0.55434 0.482961 0.428701 0.472553 0.501619 0.548105 0.458076
0.909353 0 1 1 0.466084 0.457979 0.529146 0.553027 0.486276 0.469569 0.533018 0.535924 0.565379 0.572582 0.49696 0.44299 0.479914 0.492613 0.553185 0.460712
0.679666 0.77501 0.655307 0.994551 0.462025 0.49168 0.521982 0.475726 0.476439 0.476591 0.483069 0.502396 0.500204 0.54402 0.489957 0.489193 0.511586 0.49486 0.570598 0.50252
0.675411 0.995083 0.543628 0.788254 0.503441 0.499146 0.485863 0.481552 0.49042 0.490086 0.496315 0.463083 0.497806 0.518521 0.469029 0.485022 0.496242 0.485115 0.541286 0.48247
0.917961 0 1 1 0.461922 0.461913 0.529849 0.556015 0.487854 0.470329 0.532155 0.535442 0.564719 0.573411 0.498575 0.443375 0.482653 0.491237 0.551501 0.460182
0.977184 0 1 1 0.479452 0.462365 0.550045 0.569875 0.503455 0.452229 0.540285 0.504318 0.55639 0.55063 0.536332 0.430507 0.483678 0.484645 0.577258 0.453898
0.643358 0.996953 0.546303 0.786503 0.489204 0.505076 0.488868 0.486831 0.487595 0.485599 0.494696 0.46393 0.49299 0.520689 0.474107 0.48824 0.490572 0.483457 0.541054 0.494986
0.591832 0.977301 0.542038 0.998217 0.507769 0.523945 0.466925 0.490522 0.480618 0.508821 0.505658 0.493596 0.528084 0.515902 0.448574 0.499745 0.486421 0.497413 0.567478 0.480394
0.992402 0.598704 0.730659 0.982933 0.498191 0.480828 0.532152 0.486574 0.498068 0.446704 0.482622 0.48284 0.500983 0.541505 0.463844 0.457902 0.517877 0.480484 0.518761 0.434149
0.889983 0.0546128 0.999576 0.966233 0.476387 0.444275 0.526616 0.544829 0.478466 0.467438 0.534897 0.539476 0.566567 0.56925 0.489737 0.441637 0.471767 0.495002 0.555399 0.46394
0.995623 0.454194 0.641751 1 0.465874 0.509768 0.502316 0.496062 0.491234 0.474693 0.514671 0.476296 0.470426 0.520244 0.443202 0.468637 0.505411 0.492656 0.506302 0.452906
0.989243 0 1 0.975536 0.501042 0.410573 0.550352 0.541694 0.491695 0.425529 0.509585 0.499132 0.553953 0.553979 0.495213 0.410373 0.484228 0.532586 0.548329 0.454481
0.632327 0.998763 0.570365 0.869587 0.485435 0.528267 0.501723 0.484256 0.485202 0.480481 0.493684 0.483384 0.497421 0.526656 0.480018 0.498306 0.491356 0.470685 0.555972 0.493023
0.981927 0.999266 0.566857 0.994216 0.467409 0.513513 0.530384 0.459904 0.51916 0.445902 0.467548 0.472509 0.45236 0.530429 0.439553 0.50762 0.568267 0.452073 0.511927 0.417489
0.649084 0.999721 0.5423 0.7911 0.491199 0.505774 0.489011 0.484265 0.485604 0.483557 0.494318 0.465937 0.49074 0.518473 0.477766 0.487633 0.492548 0.480717 0.542371 0.495475
0.979602 0.0711707 0.994114 0.981863 0.503987 0.42822 0.549215 0.539593 0.492769 0.422596 0.516868 0.499682 0.555513 0.554242 0.528988 0.418039 0.471394 0.502191 0.56011 0.455278
0.93202 0.019592 0.999213 0.995592 0.476852 0.441998 0.537279 0.559614 0.493144 0.463371 0.53334 0.508439 0.564022 0.55999 0.513531 0.431547 0.479847 0.491906 0.55485 0.459714
0.707096 0.63902 0.591408 0.999614 0.476595 0.495893 0.483783 0.487429 0.477628 0.483476 0.490854 0.47886 0.497505 0.520372 0.483996 0.476534 0.49567 0.482625 0.531489 0.489574
0.650078 1 0.537955 0.779938 0.492268 0.50203 0.486023 0.48283 0.486149 0.485348 0.494226 0.464238 0.490247 0.518003 0.475986 0.486095 0.493056 0.484306 0.540927 0.495297
0.731506 0.501667 0.594577 1 0.476762 0.505979 0.488352 0.503703 0.47909 0.488781 0.495235 0.478475 0.503102 0.517569 0.477697 0.479278 0.504573 0.480889 0.529264 0.490598
0.604456 0.987871 0.573972 0.996433 0.498569 0.549377 0.476567 0.494848 0.499865 0.493049 0.510596 0.492453 0.530034 0.535186 0.470274 0.49997 0.48292 0.489961 0.562567 0.459498
0.991137 1 0.644667 0.989541 0.479873 0.522411 0.550016 0.451153 0.502021 0.42624 0.427327 0.484287 0.494602 0.564228 0.414477 0.494527 0.51644 0.448084 0.470103 0.417415
0.72336 0.53203 0.589639 0.978691 0.48166 0.507362 0.492048 0.503934 0.476867 0.492246 0.500781 0.477883 0.502405 0.513585 0.473242 0.480328 0.505688 0.481432 0.533676 0.49167
0.998644 0.435964 0.722174 0.955639 0.515103 0.461121 0.491316 0.475234 0.490035 0.474357 0.50585 0.4956 0.501197 0.541548 0.460372 0.442213 0.496353 0.507818 0.522688 0.444784
0.759766 0.985404 0.592021 0.987054 0.435772 0.574893 0.513813 0.460664 0.52001 0.424405 0.462528 0.475305 0.462745 0.546941 0.501383 0.479352 0.509844 0.501746 0.514233 0.434297
0.9844 1 0.549849 0.973399 0.468728 0.51976 0.520988 0.449482 0.524082 0.450574 0.468441 0.478501 0.445858 0.531427 0.431634 0.504384 0.574036 0.47407 0.516815 0.413935
0.715496 0.568878 0.59006 0.965318 0.479887 0.499385 0.486663 0.501375 0.477717 0.488252 0.496724 0.477179 0.501694 0.515235 0.47765 0.478352 0.503473 0.483655 0.531851 0.492792
0.993652 0.995439 0.560973 0.999558 0.480711 0.520485 0.523069 0.44374 0.502178 0.435305 0.455367 0.486126 0.457343 0.539568 0.429676 0.490886 0.546255 0.465959 0.490419 0.410428
0.998601 0.345754 0.69252 1 0.481991 0.487506 0.501673 0.49276 0.485083 0.485962 0.520571 0.471237 0.481505 0.520069 0.472365 0.443883 0.497447 0.501292 0.519577 0.458819
0.999568 0.1352 0.68187 0.968923 0.477586 0.498007 0.488038 0.516951 0.489613 0.483958 0.510659 0.484414 0.494239 0.514292 0.478188 0.456962 0.508497 0.474849 0.521115 0.479142
1 0.17893 0.66839 0.967848 0.482972 0.499851 0.478475 0.507419 0.499791 0.490002 0.501919 0.484225 0.497697 0.522499 0.476872 0.460721 0.50686 0.475438 0.524741 0.481258
0.648295 0.999974 0.539136 0.782325 0.492127 0.502632 0.486701 0.482862 0.485926 0.485245 0.494165 0.464902 0.490564 0.518318 0.476198 0.486576 0.492963 0.483859 0.54163 0.495703
0.981856 0.672117 0.605436 0.999028 0.485255 0.514782 0.50812 0.460889 0.467906 0.462347 0.50741 0.519354 0.4703 0.513138 0.417899 0.492186 0.504496 0.473836 0.524721 0.450613
0.66634 0.998076 0.479545 1 0.471461 0.564408 0.471118 0.462286 0.479626 0.480676 0.481388 0.500972 0.489156 0.523862 0.464381 0.511497 0.490101 0.460019 0.530141 0.474697
0.788028 0.597415 0.997382 1 0.491795 0.472677 0.56638 0.564247 0.524614 0.450388 0.506884 0.504962 0.583023 0.575476 0.540006 0.460078 0.478135 0.483719 0.617153 0.482436
0.689816 0.997226 0.508281 1 0.463189 0.597301 0.480796 0.466796 0.481688 0.453425 0.47258 0.511338 0.461561 0.526127 0.482261 0.493428 0.490734 0.471024 0.533858 0.477277
0.649318 0.99998 0.539062 0.782322 0.492223 0.502592 0.48653 0.482758 0.486085 0.485414 0.494107 0.464833 0.490694 0.518396 0.475848 0.486496 0.492959 0.483961 0.541369 0.495264
0.981811 0.0710901 0.996542 0.988963 0.503655 0.430213 0.550412 0.539907 0.492938 0.422254 0.516704 0.500582 0.556299 0.554898 0.528823 0.418743 0.471073 0.500534 0.560243 0.454007
0.644114 0.999836 0.543078 0.791826 0.491221 0.505408 0.489346 0.483677 0.485159 0.484044 0.494203 0.466775 0.491081 0.518943 0.477821 0.488122 0.492572 0.481292 0.543642 0.496815
0.731506 0.501667 0.594577 1 0.476762 0.505979 0.488352 0.503703 0.47909 0.488781 0.495235 0.478475 0.503102 0.517569 0.477697 0.479278 0.504573 0.480889 0.529264 0.490598
1 0.17893 0.66839 0.967848 0.482972 0.499851 0.478475 0.507419 0.499791 0.490002 0.501919 0.484225 0.497697 0.522499 0.476872 0.460721 0.50686 0.475438 0.524741 0.481258
0.840416 0.0523057 0.998452 0.95605 0.484248 0.426255 0.541896 0.537446 0.48617 0.457512 0.512301 0.531784 0.564788 0.569081 0.455794 0.439498 0.489274 0.540042 0.563194 0.471433
0.990768 0.243299 0.990995 0.988822 0.513745 0.431272 0.563809 0.524228 0.502355 0.413336 0.496301 0.496712 0.566705 0.563487 0.52839 0.42966 0.470898 0.483858 0.565181 0.447294
1 0.17893 0.66839 0.967848 0.482972 0.499851 0.478475 0.507419 0.499791 0.490002 0.501919 0.484225 0.497697 0.522499 0.476872 0.460721 0.50686 0.475438 0.524741 0.481258
0.989587 0.993205 0.52653 0.947794 0.530965 0.533734 0.505796 0.416186 0.515399 0.474523 0.43955 0.494929 0.479199 0.555598 0.430553 0.484155 0.553484 0.456333 0.497864 0.404672
0.985543 0.281045 0.57368 0.891133 0.479203 0.517538 0.516837 0.49635 0.469775 0.475187 0.488807 0.489735 0.471448 0.491645 0.444539 0.476957 0.552359 0.465059 0.523822 0.487638
0.65631 0.994223 0.563157 0.842472 0.490724 0.514634 0.488872 0.481674 0.489266 0.48859 0.49495 0.477079 0.497688 0.528024 0.471586 0.491089 0.491855 0.484115 0.546252 0.486914
0.671381 0.987732 0.554241 0.970407 0.470915 0.550225 0.493105 0.479577 0.486876 0.472976 0.478418 0.494092 0.497237 0.533903 0.459675 0.503754 0.48706 0.472837 0.535769 0.48097
0.997499 1 0.563861 0.976159 0.507995 0.507264 0.516244 0.433056 0.512609 0.472306 0.452579 0.491574 0.470049 0.543139 0.42923 0.490498 0.564661 0.467338 0.519454 0.42352
0.719301 0.570344 0.592992 0.999807 0.476679 0.500936 0.486068 0.495566 0.478359 0.486128 0.493044 0.478667 0.500303 0.518971 0.480847 0.477906 0.500122 0.481757 0.530377 0.490086
0.681728 0.610894 0.607685 0.996565 0.470388 0.502444 0.489558 0.492998 0.483941 0.493145 0.49984 0.47337 0.500869 0.52494 0.488871 0.476513 0.495514 0.489505 0.538776 0.487541
0.643952 0.99993 0.540502 0.78472 0.491745 0.503335 0.487808 0.483154 0.485306 0.484722 0.49425 0.465738 0.490555 0.518441 0.477286 0.487258 0.492883 0.483155 0.542987 0.497208
0.983064 0.599031 0.610334 0.997767 0.501143 0.466877 0.487355 0.462263 0.494615 0.482982 0.466521 0.492109 0.492534 0.531382 0.471694 0.462587 0.559155 0.482818 0.519161 0.448612
0.995284 0.496017 0.664816 0.960065 0.499497 0.480089 0.507385 0.476293 0.488757 0.46778 0.493491 0.487115 0.482759 0.525959 0.459125 0.453559 0.526476 0.495923 0.522328 0.449733
0.704957 0.988192 0.51638 0.998587 0.473663 0.576943 0.482261 0.473513 0.488007 0.466221 0.483406 0.501519 0.493595 0.533259 0.446429 0.510233 0.478537 0.469415 0.522796 0.4618
0.740578 0.540368 0.594267 0.991026 0.478865 0.505153 0.494847 0.503292 0.481127 0.483955 0.491349 0.474429 0.503305 0.516906 0.480236 0.477998 0.505326 0.478546 0.52992 0.488995
0.999643 0.139027 0.686384 0.996064 0.476714 0.504221 0.493565 0.50938 0.487977 0.487167 0.509768 0.485709 0.491572 0.516484 0.473995 0.456716 0.502995 0.477919 0.526274 0.484069
0.714513 0.557053 0.588969 0.952374 0.480781 0.499393 0.486756 0.503621 0.477397 0.487916 0.496665 0.476972 0.502111 0.513995 0.477417 0.478168 0.503678 0.484198 0.532612 0.495997
0.990239 0.00496858 0.998269 1 0.507146 0.442412 0.556257 0.551603 0.480332 0.426569 0.512032 0.495774 0.581553 0.566348 0.471219 0.42347 0.438754 0.495506 0.503884 0.444579
0.649698 0.99999 0.538509 0.78113 0.492246 0.502311 0.486276 0.482794 0.486117 0.485381 0.494167 0.464535 0.49047 0.518199 0.475917 0.486295 0.493007 0.484133 0.541148 0.49528
0.989088 0.993977 0.542674 0.967733 0.50848 0.501092 0.526081 0.43438 0.49699 0.45453 0.449718 0.48984 0.459384 0.518106 0.442753 0.486367 0.585816 0.461849 0.5251 0.424499
0.983297 0.474266 0.656862 1 0.488726 0.495662 0.489231 0.484775 0.492694 0.480118 0.511286 0.479797 0.482032 0.52249 0.471088 0.45619 0.503836 0.485788 0.518558 0.45044
0.917961 0 1 1 0.461922 0.461913 0.529849 0.556015 0.487854 0.470329 0.532155 0.535442 0.564719 0.573411 0.498575 0.443375 0.482653 0.491237 0.551501 0.460182
0.976231 0.269952 0.659428 0.957168 0.478254 0.486381 0.478883 0.509789 0.486909 0.488871 0.525425 0.469718 0.480735 0.509424 0.490075 0.446921 0.503699 0.485678 0.516282 0.46873
0.713853 0.556919 0.591556 0.954317 0.480617 0.500157 0.487304 0.50246 0.47826 0.488536 0.497515 0.476699 0.502183 0.51496 0.478915 0.477731 0.503475 0.484563 0.533512 0.493975
0.917961 0 1 1 0.461922 0.461913 0.529849 0.556015 0.487854 0.470329 0.532155 0.535442 0.564719 0.573411 0.498575 0.443375 0.482653 0.491237 0.551501 0.460182
0.999568 0.1352 0.68187 0.968923 0.477586 0.498007 0.488038 0.516951 0.489613 0.483958 0.510659 0.484414 0.494239 0.514292 0.478188 0.456962 0.508497 0.474849 0.521115 0.479142
1 0.17893 0.66839 0.967848 0.482972 0.499851 0.478475 0.507419 0.499791 0.490002 0.501919 0.484225 0.497697 0.522499 0.476872 0.460721 0.50686 0.475438 0.524741 0.481258
0.753009 0.993679 0.625525 0.993592 0.496667 0.539686 0.514782 0.472397 0.507932 0.473456 0.48728 0.494047 0.517606 0.547191 0.469105 0.504242 0.501371 0.462811 0.552925 0.443386
0.650078 1 0.537955 0.779938 0.492268 0.50203 0.486023 0.48283 0.486149 0.485348 0.494226 0.464238 0.490247 0.518003 0.475986 0.486095 0.493056 0.484306 0.540927 0.495297
0.898284 0.0364086 0.999718 0.977488 0.471971 0.450148 0.5277 0.548342 0.481813 0.468351 0.534092 0.537954 0.566058 0.570678 0.492832 0.442217 0.475259 0.493978 0.55445 0.462557
0.917961 0 1 1 0.461922 0.461913 0.529849 0.556015 0.487854 0.470329 0.532155 0.535442 0.564719 0.573411 0.498575 0.443375 0.482653 0.491237 0.551501 0.460182
0.984097 0.127887 1 1 0.504413 0.442389 0.557328 0.554815 0.500886 0.421799 0.522394 0.488856 0.560486 0.554809 0.530657 0.424074 0.465185 0.4865 0.555516 0.445145
1 0.17893 0.66839 0.967848 0.482972 0.499851 0.478475 0.507419 0.499791 0.490002 0.501919 0.484225 0.497697 0.522499 0.476872 0.460721 0.50686 0.475438 0.524741 0.481258
0.999507 0.225672 0.679211 0.993177 0.478921 0.500009 0.492146 0.503942 0.488837 0.482456 0.50964 0.483394 0.48855 0.517937 0.475447 0.455692 0.504051 0.47833 0.52084 0.472286
0.996726 0.406425 0.651181 0.999731 0.480146 0.481658 0.490604 0.494509 0.490774 0.487109 0.510454 0.472943 0.479389 0.514828 0.470946 0.452812 0.521876 0.498388 0.520475 0.461185
0.924618 0.149018 0.986926 1 0.506969 0.447382 0.551023 0.542253 0.502819 0.432018 0.509072 0.494829 0.568909 0.571219 0.51991 0.428073 0.456546 0.494608 0.554717 0.457455
0.731506 0.501667 0.594577 1 0.476762 0.505979 0.488352 0.503703 0.47909 0.488781 0.495235 0.478475 0.503102 0.517569 0.477697 0.479278 0.504573 0.480889 0.529264 0.490598
0.898284 0.0364086 0.999718 0.977488 0.471971 0.450148 0.5277 0.548342 0.481813 0.468351 0.534092 0.537954 0.566058 0.570678 0.492832 0.442217 0.475259 0.493978 0.55445 0.462557
0.66318 0.998223 0.488312 0.998952 0.471911 0.562652 0.473877 0.463333 0.480161 0.479757 0.480501 0.499852 0.489714 0.525081 0.467031 0.509481 0.489795 0.461384 0.531548 0.476272
0.62368 0.997821 0.55149 0.869337 0.468472 0.53545 0.4989 0.484002 0.491569 0.484044 0.491658 0.477211 0.484816 0.530248 0.476041 0.497552 0.495677 0.482113 0.546819 0.494936
0.993938 0.124266 1 0.976422 0.510254 0.405697 0.556185 0.532178 0.492056 0.417049 0.505929 0.516665 0.548267 0.550165 0.502003 0.42538 0.498484 0.517093 0.579884 0.463663
0.736086 0.979874 0.529911 0.999625 0.477434 0.536966 0.477589 0.470806 0.475668 0.466806 0.464594 0.507009 0.497967 0.525099 0.435871 0.504606 0.48945 0.474573 0.524622 0.482889
0.710902 0.554505 0.591641 0.926586 0.483134 0.499731 0.487661 0.50489 0.478637 0.487036 0.498195 0.475287 0.502345 0.513498 0.480295 0.476579 0.504045 0.486291 0.534598 0.495923
0.990016 0.276118 0.993465 0.99941 0.510783 0.436108 0.568558 0.514883 0.510211 0.416261 0.486424 0.502295 0.571781 0.579963 0.504736 0.435297 0.469024 0.492453 0.558304 0.439005
0.674584 0.994643 0.554934 0.817013 0.501725 0.507407 0.492264 0.483243 0.489791 0.487971 0.495834 0.46794 0.500746 0.521103 0.470294 0.488862 0.494983 0.47803 0.544449 0.481023
0.917928 0.0216611 1 1 0.462474 0.46086 0.529494 0.554656 0.48807 0.469151 0.532123 0.534863 0.563964 0.573774 0.498938 0.443119 0.482917 0.49134 0.550142 0.457236
0.667887 0.994831 0.552567 0.80876 0.502176 0.504635 0.491041 0.482363 0.489234 0.488815 0.495931 0.467512 0.500081 0.520687 0.470489 0.488386 0.4954 0.480571 0.5453 0.483648
0.993866 0.999999 0.559046 0.977647 0.505774 0.508977 0.514638 0.433483 0.510172 0.468593 0.447883 0.48875 0.470508 0.5441 0.43197 0.489148 0.557498 0.464478 0.512209 0.427147
0.86025 0.145869 0.991706 0.935716 0.49184 0.428195 0.542793 0.544051 0.500743 0.448554 0.506519 0.510119 0.566028 0.571586 0.485821 0.433306 0.48722 0.531121 0.561431 0.470027
0.667887 0.994831 0.552567 0.80876 0.502176 0.504635 0.491041 0.482363 0.489234 0.488815 0.495931 0.467512 0.500081 0.520687 0.470489 0.488386 0.4954 0.480571 0.5453 0.483648
0.737655 0.491165 0.595532 0.964106 0.480358 0.498602 0.489318 0.508212 0.473873 0.486296 0.493686 0.480795 0.50375 0.512472 0.474918 0.477727 0.508208 0.480816 0.529747 0.498501
0.721993 0.536771 0.587355 0.999022 0.478235 0.504835 0.489305 0.503528 0.47621 0.491815 0.498992 0.478259 0.501177 0.514038 0.473402 0.480249 0.504579 0.481108 0.531272 0.493268
0.987771 0.997024 0.545016 0.997036 0.466786 0.53691 0.525327 0.45498 0.515998 0.440758 0.458572 0.476032 0.453997 0.54059 0.427549 0.506169 0.549283 0.451337 0.488816 0.411999
0.984597 0.273762 0.6035 0.9054 0.484866 0.497968 0.49428 0.496689 0.476417 0.484239 0.503414 0.488573 0.477958 0.499137 0.460342 0.465026 0.537317 0.481281 0.527796 0.482159
0.731506 0.501667 0.594577 1 0.476762 0.505979 0.488352 0.503703 0.47909 0.488781 0.495235 0.478475 0.503102 0.517569 0.477697 0.479278 0.504573 0.480889 0.529264 0.490598
0.731506 0.501667 0.594577 1 0.476762 0.505979 0.488352 0.503703 0.47909 0.488781 0.495235 0.478475 0.503102 0.517569 0.477697 0.479278 0.504573 0.480889 0.529264 0.490598
0.622343 0.969617 0.495348 0.996835 0.471034 0.539421 0.526931 0.471796 0.481569 0.485796 0.466245 0.469603 0.489973 0.538878 0.469379 0.518148 0.508781 0.460013 0.538212 0.501793
0.917961 0 1 1 0.461922 0.461913 0.529849 0.556015 0.487854 0.470329 0.532155 0.535442 0.564719 0.573411 0.498575 0.443375 0.482653 0.491237 0.551501 0.460182
0.879028 0.458904 0.988795 0.994688 0.509274 0.441985 0.592972 0.548346 0.521659 0.429513 0.449186 0.480624 0.563387 0.577195 0.520498 0.431818 0.52792 0.497366 0.575922 0.479615
0.833693 0.995705 0.589754 1 0.488124 0.549494 0.495637 0.463122 0.49322 0.447329 0.47187 0.52133 0.501199 0.538917 0.456084 0.506599 0.504307 0.458489 0.53821 0.446121
1 0.17893 0.66839 0.967848 0.482972 0.499851 0.478475 0.507419 0.499791 0.490002 0.501919 0.484225 0.497697 0.522499 0.476872 0.460721 0.50686 0.475438 0.524741 0.481258
0.977423 0.0697906 0.999566 0.999105 0.48137 0.459638 0.550038 0.564797 0.503821 0.449644 0.539128 0.50252 0.553718 0.552622 0.533629 0.429322 0.484542 0.488604 0.573108 0.446345
0.980848 0.0541892 0.991315 0.998152 0.512235 0.444252 0.573443 0.547248 0.494571 0.413185 0.502981 0.489009 0.573153 0.563597 0.50243 0.429175 0.45299 0.487253 0.539772 0.45167
1 0.17893 0.66839 0.967848 0.482972 0.499851 0.478475 0.507419 0.499791 0.490002 0.501919 0.484225 0.497697 0.522499 0.476872 0.460721 0.50686 0.475438 0.524741 0.481258
0.987422 0.493437 0.652069 0.930686 0.493766 0.459759 0.488636 0.486023 0.484245 0.488626 0.50618 0.480056 0.481557 0.508918 0.472225 0.45312 0.526939 0.496291 0.537348 0.474951
0.667927 0.99443 0.638671 0.997511 0.480834 0.584993 0.520095 0.488558 0.530162 0.479866 0.516666 0.481179 0.501002 0.558249 0.496747 0.491543 0.500856 0.489048 0.564134 0.427053
0.917961 0 1 1 0.461922 0.461913 0.529849 0.556015 0.487854 0.470329 0.532155 0.535442 0.564719 0.573411 0.498575 0.443375 0.482653 0.491237 0.551501 0.460182
0.64328 0.99984 0.543412 0.792136 0.491301 0.505387 0.489427 0.483495 0.485119 0.48425 0.494117 0.467045 0.491324 0.519151 0.47761 0.488267 0.492565 0.481444 0.543898 0.49694
0.731506 0.501667 0.594577 1 0.476762 0.505979 0.488352 0.503703 0.47909 0.488781 0.495235 0.478475 0.503102 0.517569 0.477697 0.479278 0.504573 0.480889 0.529264 0.490598
0.636721 0.998496 0.556593 0.782458 0.493527 0.501527 0.491508 0.478085 0.483232 0.479005 0.485087 0.470522 0.490832 0.523777 0.489041 0.481982 0.493726 0.485904 0.546954 0.503008
0.647408 0.999797 0.545491 0.798048 0.491434 0.506797 0.490009 0.483297 0.485662 0.484684 0.493728 0.467796 0.492595 0.520085 0.476183 0.488737 0.492292 0.480516 0.543454 0.49475
0.731506 0.501667 0.594577 1 0.476762 0.505979 0.488352 0.503703 0.47909 0.488781 0.495235 0.478475 0.503102 0.517569 0.477697 0.479278 0.504573 0.480889 0.529264 0.490598
0.665765 0.489233 0.659346 0.99072 0.483732 0.494958 0.518121 0.501704 0.48133 0.493442 0.517371 0.462347 0.500253 0.52014 0.501316 0.458744 0.502679 0.506767 0.55592 0.486858
0.800256 0.00794003 0.992806 0.92953 0.489058 0.425678 0.533974 0.558825 0.479977 0.465538 0.546412 0.508593 0.557449 0.55645 0.503335 0.429424 0.462554 0.522668 0.570825 0.491306
0.925139 0.014694 0.99941 0.998071 0.476944 0.453928 0.534299 0.54975 0.492785 0.458141 0.532182 0.522035 0.55968 0.566016 0.513169 0.433528 0.477043 0.497927 0.56085 0.456697
0.70645 0.981218 0.549929 1 0.502546 0.524004 0.47646 0.47466 0.477296 0.485961 0.486295 0.508034 0.513666 0.517768 0.441479 0.503059 0.497114 0.481678 0.555299 0.473705
0.998327 0.293021 0.668958 0.972305 0.482964 0.495244 0.486503 0.503415 0.494861 0.489502 0.502594 0.486949 0.496623 0.523421 0.464261 0.463791 0.51203 0.479 0.522577 0.472709
0.60776 0.980489 0.534329 0.970407 0.478126 0.53748 0.483516 0.485345 0.478913 0.492292 0.48563 0.487444 0.503471 0.523329 0.452372 0.501984 0.483464 0.484431 0.544314 0.494762
0.999638 0.226476 0.681002 0.976502 0.483368 0.495647 0.486086 0.503975 0.492619 0.484544 0.507298 0.488599 0.494317 0.521788 0.474073 0.457547 0.50782 0.480501 0.524055 0.472154
0.644666 0.999882 0.537444 0.7769 0.491862 0.501788 0.486619 0.483637 0.485265 0.484241 0.494645 0.464137 0.489168 0.51716 0.478096 0.486225 0.49319 0.484032 0.542105 0.498016
0.932581 0.408383 0.986394 0.995626 0.51603 0.437381 0.546423 0.528022 0.517782 0.427543 0.510526 0.509157 0.556524 0.569583 0.52695 0.427217 0.490421 0.522686 0.596223 0.443209
0.993346 0.653015 0.640802 1 0.480656 0.494829 0.509151 0.476947 0.495995 0.46806 0.498777 0.472256 0.47513 0.532503 0.452317 0.467759 0.515844 0.487467 0.505024 0.435858
0.998327 0.293021 0.668958 0.972305 0.482964 0.495244 0.486503 0.503415 0.494861 0.489502 0.502594 0.486949 0.496623 0.523421 0.464261 0.463791 0.51203 0.479 0.522577 0.472709
0.70645 0.981218 0.549929 1 0.502546 0.524004 0.47646 0.47466 0.477296 0.485961 0.486295 0.508034 0.513666 0.517768 0.441479 0.503059 0.497114 0.481678 0.555299 0.473705
0.649187 0.999987 0.538546 0.781131 0.492198 0.502331 0.486362 0.482846 0.486038 0.485297 0.494196 0.46457 0.490405 0.518161 0.476092 0.486335 0.49301 0.484082 0.541279 0.4955
0.988009 0.988036 0.554917 1 0.428581 0.539573 0.530543 0.473397 0.51213 0.410547 0.478216 0.478107 0.436813 0.529234 0.425248 0.524315 0.542256 0.446133 0.486198 0.407573
0.922119 0.0809789 0.988031 0.997735 0.486506 0.454984 0.536313 0.551305 0.506571 0.454215 0.517428 0.50846 0.569409 0.575129 0.52194 0.434285 0.474296 0.494102 0.559941 0.458665
0.64131 0.998596 0.543726 0.765896 0.493044 0.498231 0.485444 0.477639 0.483452 0.476828 0.487489 0.467871 0.484734 0.519137 0.49169 0.479506 0.495793 0.489859 0.545422 0.504201
0.98251 0.0710748 0.997757 0.990701 0.503975 0.430338 0.551026 0.539847 0.492874 0.422651 0.516488 0.50099 0.557056 0.555282 0.527911 0.419098 0.471016 0.500139 0.560359 0.453675
0.987134 0.712346 0.589567 1 0.453611 0.507779 0.519382 0.47904 0.486641 0.444595 0.50224 0.488221 0.449952 0.508553 0.434029 0.500569 0.53446 0.464955 0.512765 0.441704
0.610889 0.986411 0.557954 0.795879 0.489941 0.505049 0.50592 0.494642 0.479285 0.483199 0.496078 0.463789 0.492644 0.517289 0.488013 0.492589 0.492804 0.468544 0.552362 0.512836
0.990612 0.332468 0.661824 0.992811 0.484565 0.488681 0.500578 0.488747 0.473851 0.476901 0.511946 0.49704 0.481791 0.510266 0.456538 0.466401 0.507577 0.475012 0.525565 0.471289
0.69765 0.658257 0.589041 0.999553 0.480601 0.501987 0.489785 0.488921 0.477862 0.488173 0.495816 0.476531 0.497991 0.519279 0.478519 0.478464 0.496211 0.48365 0.534893 0.489118
0.720364 0.54978 0.591802 0.999758 0.477059 0.504029 0.488517 0.499505 0.478196 0.49059 0.496884 0.478897 0.501844 0.517142 0.47761 0.479781 0.503495 0.481461 0.532696 0.490314
0.811113 0.157972 0.99638 0.951603 0.489407 0.449694 0.534482 0.547599 0.480276 0.46879 0.529076 0.534435 0.56492 0.567035 0.501758 0.44544 0.477578 0.492761 0.578259 0.481346
0.71705 0.533569 0.592095 0.949832 0.480698 0.499768 0.487622 0.506183 0.477332 0.487337 0.497543 0.476353 0.501703 0.513251 0.479398 0.476576 0.504867 0.484906 0.532495 0.496706
0.985799 0.0234957 0.996905 0.99708 0.507408 0.43776 0.573926 0.551403 0.487858 0.417763 0.510937 0.488998 0.57046 0.556027 0.498226 0.427806 0.455766 0.486155 0.537226 0.452194
0.64111 0.999117 0.54436 0.780892 0.491763 0.502695 0.488291 0.481218 0.483948 0.479712 0.490973 0.467723 0.487761 0.518947 0.485728 0.484231 0.494089 0.48461 0.545188 0.501232
0.579881 0.995152 0.326645 1 0.447876 0.53399 0.433814 0.457286 0.473891 0.526411 0.481776 0.464333 0.464065 0.495044 0.441512 0.520352 0.51481 0.475811 0.510585 0.497836
0.714768 0.557306 0.589247 0.955671 0.480483 0.499525 0.486778 0.503222 0.477451 0.488151 0.496684 0.477099 0.502101 0.514264 0.47743 0.478247 0.503592 0.484046 0.532591 0.495556
0.733166 0.503431 0.590202 0.999736 0.478489 0.504233 0.490553 0.506447 0.474363 0.490637 0.497473 0.479973 0.502012 0.512855 0.472132 0.479904 0.506979 0.479653 0.529872 0.495209
0.715786 0.558319 0.590359 0.96886 0.479291 0.500053 0.486863 0.501626 0.477667 0.489094 0.49676 0.477605 0.502061 0.515343 0.477482 0.478565 0.503249 0.483441 0.532509 0.493791
0.998577 0.451843 0.686395 0.949116 0.510969 0.475147 0.486309 0.476977 0.491343 0.475342 0.505957 0.492663 0.492381 0.531351 0.469405 0.445276 0.509963 0.500724 0.524863 0.442933
0.642752 0.999569 0.550338 0.808111 0.489224 0.51131 0.490234 0.48386 0.487701 0.484627 0.492239 0.466641 0.495236 0.524206 0.479562 0.488352 0.488149 0.478512 0.540838 0.491695
0.631041 0.999258 0.584689 0.853794 0.49395 0.512913 0.508406 0.486113 0.489656 0.492073 0.498176 0.474348 0.500252 0.528366 0.473149 0.492286 0.498633 0.483576 0.560132 0.489591
0.643363 0.997738 0.545482 0.794003 0.491375 0.504922 0.488993 0.482478 0.48532 0.484105 0.493683 0.468525 0.492106 0.51982 0.478594 0.488498 0.492777 0.481173 0.545062 0.496317
0.750052 0.988383 0.598811 0.996715 0.508672 0.521761 0.498559 0.470373 0.493019 0.482257 0.487307 0.502641 0.52429 0.532259 0.452621 0.507476 0.500746 0.466095 0.55897 0.454755
0.988422 0.327501 0.628216 0.937099 0.488049 0.48826 0.485296 0.493855 0.482334 0.485921 0.510492 0.484761 0.481554 0.508166 0.469122 0.457889 0.523299 0.487583 0.524715 0.470412
0.994521 0.998777 0.566547 1 0.459822 0.538243 0.531113 0.45187 0.517535 0.437725 0.45737 0.48865 0.453161 0.537375 0.440726 0.513275 0.565834 0.44382 0.508975 0.410335
0.995817 0.452974 0.709738 0.993958 0.489414 0.481944 0.50788 0.482359 0.493586 0.455983 0.491299 0.489201 0.491285 0.531219 0.484661 0.45452 0.512675 0.47751 0.526132 0.448936
0.541836 0.985406 0.542905 0.997743 0.477488 0.579923 0.471822 0.490045 0.488193 0.490707 0.50933 0.502764 0.513831 0.529519 0.475747 0.506928 0.463859 0.487696 0.564014 0.482717
1 0.17893 0.66839 0.967848 0.482972 0.499851 0.478475 0.507419 0.499791 0.490002 0.501919 0.484225 0.497697 0.522499 0.476872 0.460721 0.50686 0.475438 0.524741 0.481258
