1 0.394758 0.520855 0.503885 0.571388 0.477867 0.479392 0.457344 0.501767 0.426398 0.548216 0.50636 0.379723 0.547848 0.640704 0.523629 0.544184 0.580666 0.613307 0.541396
0 0.287729 0 0.871942 0.0858944 0.476229 0.419178 0 1 0.149529 0 0.819505 1 0.219033 0.727944 0.140843 0.436521 1 0.67204 0.755394
0.993092 0.411273 0.507151 0.480518 0.546918 0.468044 0.483304 0.45342 0.515772 0.422211 0.534911 0.536706 0.389966 0.533656 0.659147 0.521388 0.560544 0.578804 0.612189 0.53687
0.600764 0.508721 0.497026 0.48313 0.503247 0.493841 0.502604 0.505114 0.47848 0.509183 0.488162 0.492918 0.514093 0.491172 0.480742 0.505036 0.502406 0.495022 0.496725 0.517645
0.997711 0.389282 0.511899 0.502172 0.559466 0.479788 0.467777 0.447212 0.507916 0.430152 0.549761 0.510403 0.39248 0.541925 0.6475 0.510189 0.556611 0.5816 0.609721 0.541927
0.989387 0.418249 0.505738 0.479177 0.562311 0.447865 0.489811 0.458281 0.53926 0.422962 0.533684 0.537975 0.384782 0.541946 0.6554 0.524794 0.551141 0.581611 0.605146 0.547529
0.999054 0.394253 0.518701 0.503095 0.570658 0.478685 0.478429 0.455387 0.50064 0.427765 0.548397 0.508859 0.382397 0.545942 0.642219 0.519699 0.546606 0.581009 0.614097 0.54073
0.995792 0.401938 0.508436 0.49158 0.553441 0.474407 0.481499 0.446949 0.509887 0.429516 0.542566 0.517734 0.390266 0.543133 0.654069 0.513465 0.555008 0.584344 0.610802 0.544811
0.600764 0.508721 0.497026 0.48313 0.503247 0.493841 0.502604 0.505114 0.47848 0.509183 0.488162 0.492918 0.514093 0.491172 0.480742 0.505036 0.502406 0.495022 0.496725 0.517645
0.600764 0.508721 0.497026 0.48313 0.503247 0.493841 0.502604 0.505114 0.47848 0.509183 0.488162 0.492918 0.514093 0.491172 0.480742 0.505036 0.502406 0.495022 0.496725 0.517645
0.999567 0.395203 0.520482 0.502957 0.570321 0.478417 0.480195 0.456919 0.500418 0.42667 0.548651 0.50705 0.380914 0.547623 0.641203 0.522722 0.545467 0.581083 0.614447 0.541072
0.991382 0.414581 0.503266 0.484309 0.560445 0.465967 0.48273 0.45075 0.525564 0.423016 0.529486 0.541438 0.395085 0.539293 0.660164 0.52924 0.559539 0.583173 0.604378 0.541471
0.987049 0.42259 0.509185 0.470501 0.556314 0.431253 0.498456 0.468577 0.546429 0.420742 0.536175 0.537552 0.369446 0.54224 0.652064 0.519951 0.541158 0.57764 0.608227 0.550526
0.996836 0.396317 0.511315 0.497761 0.559872 0.477535 0.474068 0.447179 0.510788 0.429897 0.549372 0.514788 0.396381 0.541986 0.649805 0.512513 0.560612 0.583163 0.612149 0.543161
0.994553 0.406637 0.50704 0.483357 0.545333 0.470689 0.485811 0.45078 0.509971 0.426224 0.538469 0.526279 0.386466 0.537726 0.657411 0.515005 0.555263 0.581535 0.612962 0.539642
0.600764 0.508721 0.497026 0.48313 0.503247 0.493841 0.502604 0.505114 0.47848 0.509183 0.488162 0.492918 0.514093 0.491172 0.480742 0.505036 0.502406 0.495022 0.496725 0.517645
0.998441 0.388168 0.512935 0.503116 0.563742 0.480147 0.471832 0.449627 0.50289 0.430472 0.549094 0.508099 0.386581 0.543374 0.644904 0.51084 0.550026 0.581769 0.611244 0.54018
0.998761 0.39091 0.514438 0.503681 0.568106 0.479796 0.478625 0.451766 0.500384 0.431233 0.54956 0.507184 0.383621 0.544222 0.644252 0.513302 0.546481 0.582837 0.613187 0.53949
0.988266 0.421319 0.508275 0.476707 0.561215 0.440397 0.496639 0.463587 0.541714 0.423119 0.536885 0.536804 0.377801 0.54223 0.654038 0.522702 0.546139 0.580745 0.607339 0.549201
0.600764 0.508721 0.497026 0.48313 0.503247 0.493841 0.502604 0.505114 0.47848 0.509183 0.488162 0.492918 0.514093 0.491172 0.480742 0.505036 0.502406 0.495022 0.496725 0.517645
0.996337 0.3992 0.509538 0.494941 0.558502 0.475592 0.47906 0.446929 0.510544 0.430601 0.546608 0.515981 0.393398 0.542232 0.651748 0.512144 0.557442 0.584162 0.612034 0.543717
0.99227 0.414554 0.505923 0.483293 0.555333 0.467805 0.484992 0.452727 0.520091 0.423066 0.533689 0.540623 0.394217 0.534341 0.660526 0.526105 0.56187 0.58104 0.609671 0.537634
0.993852 0.408442 0.506821 0.480297 0.542341 0.470447 0.483603 0.452272 0.51085 0.423014 0.535241 0.532457 0.387205 0.535429 0.658782 0.518312 0.557929 0.579397 0.612721 0.53732
0.600764 0.508721 0.497026 0.48313 0.503247 0.493841 0.502604 0.505114 0.47848 0.509183 0.488162 0.492918 0.514093 0.491172 0.480742 0.505036 0.502406 0.495022 0.496725 0.517645
0.990423 0.415462 0.50349 0.482997 0.562959 0.457554 0.48535 0.452852 0.533064 0.423716 0.530755 0.538183 0.390685 0.543039 0.657545 0.52745 0.554465 0.583818 0.602912 0.546154
0.600764 0.508721 0.497026 0.48313 0.503247 0.493841 0.502604 0.505114 0.47848 0.509183 0.488162 0.492918 0.514093 0.491172 0.480742 0.505036 0.502406 0.495022 0.496725 0.517645
0.997293 0.392669 0.511655 0.499851 0.558762 0.478878 0.469653 0.446719 0.5102 0.429576 0.54962 0.512532 0.395714 0.542367 0.648684 0.511613 0.559891 0.582368 0.61056 0.543202
0.999793 0.395117 0.520802 0.503423 0.570963 0.478049 0.479821 0.457242 0.50112 0.426446 0.548308 0.506731 0.380138 0.547773 0.640917 0.523377 0.544681 0.580801 0.613843 0.541314
0.995199 0.404114 0.507598 0.487591 0.549492 0.471936 0.484088 0.448573 0.510057 0.428386 0.540375 0.520823 0.3873 0.541105 0.65558 0.513532 0.553794 0.583237 0.611517 0.543087
0.999322 0.395153 0.51989 0.502758 0.570266 0.478591 0.47988 0.456306 0.500435 0.427079 0.548951 0.507782 0.382129 0.547167 0.641606 0.521627 0.546548 0.581268 0.61471 0.541033
0.600764 0.508721 0.497026 0.48313 0.503247 0.493841 0.502604 0.505114 0.47848 0.509183 0.488162 0.492918 0.514093 0.491172 0.480742 0.505036 0.502406 0.495022 0.496725 0.517645
0.600764 0.508721 0.497026 0.48313 0.503247 0.493841 0.502604 0.505114 0.47848 0.509183 0.488162 0.492918 0.514093 0.491172 0.480742 0.505036 0.502406 0.495022 0.496725 0.517645
0.998095 0.387017 0.511747 0.502728 0.55867 0.480049 0.466368 0.446928 0.506687 0.430066 0.548728 0.508106 0.389986 0.542977 0.646514 0.509325 0.553821 0.581361 0.60871 0.542244
0.600764 0.508721 0.497026 0.48313 0.503247 0.493841 0.502604 0.505114 0.47848 0.509183 0.488162 0.492918 0.514093 0.491172 0.480742 0.505036 0.502406 0.495022 0.496725 0.517645
0.600764 0.508721 0.497026 0.48313 0.503247 0.493841 0.502604 0.505114 0.47848 0.509183 0.488162 0.492918 0.514093 0.491172 0.480742 0.505036 0.502406 0.495022 0.496725 0.517645
0.999682 0.395378 0.521142 0.503016 0.570667 0.47813 0.479591 0.457564 0.500561 0.425995 0.548035 0.507268 0.380064 0.547748 0.640815 0.523729 0.544922 0.580489 0.614183 0.541214
0.996592 0.397801 0.510225 0.496574 0.559158 0.477663 0.475995 0.446681 0.510283 0.42979 0.547232 0.515915 0.395675 0.543178 0.650968 0.513436 0.559371 0.584075 0.611437 0.543949
0.998912 0.393207 0.517178 0.503345 0.570171 0.479049 0.478716 0.45417 0.500434 0.42907 0.548732 0.508471 0.382718 0.545243 0.642955 0.517428 0.546404 0.581658 0.613849 0.54023
0.999192 0.394852 0.519748 0.502714 0.570363 0.47863 0.478727 0.45628 0.500304 0.426879 0.548404 0.508684 0.382051 0.546622 0.641663 0.521261 0.546669 0.580752 0.614536 0.540841
0.988837 0.419899 0.506669 0.477014 0.561068 0.443459 0.493547 0.461085 0.540948 0.422944 0.535171 0.537707 0.381009 0.541391 0.654827 0.523195 0.548719 0.58088 0.606615 0.54784
0.99421 0.407258 0.506682 0.481295 0.542562 0.471068 0.484133 0.451441 0.509812 0.424084 0.536026 0.529721 0.386553 0.536884 0.658249 0.516933 0.556487 0.58032 0.612562 0.538386
0.989914 0.416697 0.504238 0.481061 0.562676 0.452403 0.488166 0.455266 0.536366 0.423769 0.532284 0.537279 0.387429 0.543098 0.656416 0.525724 0.552137 0.583214 0.603809 0.547242
0.995502 0.403057 0.508211 0.489295 0.551548 0.472127 0.483158 0.448021 0.510618 0.429226 0.542114 0.518759 0.388368 0.541546 0.654534 0.512658 0.554277 0.583513 0.611666 0.543848
0.99707 0.394598 0.511865 0.49912 0.559658 0.478495 0.471829 0.447332 0.510389 0.42964 0.550117 0.514104 0.396561 0.541578 0.649225 0.512284 0.560973 0.582544 0.61177 0.54265
0.998606 0.38933 0.51372 0.503419 0.565972 0.480213 0.475053 0.450826 0.501232 0.430764 0.549367 0.507853 0.385113 0.543636 0.644476 0.512028 0.54834 0.582182 0.612396 0.539499
0.600764 0.508721 0.497026 0.48313 0.503247 0.493841 0.502604 0.505114 0.47848 0.509183 0.488162 0.492918 0.514093 0.491172 0.480742 0.505036 0.502406 0.495022 0.496725 0.517645
0.990911 0.415059 0.50429 0.484613 0.563113 0.461589 0.483417 0.452169 0.529789 0.423394 0.53103 0.539641 0.393371 0.540977 0.65833 0.528508 0.557534 0.583178 0.603848 0.544147
0.600764 0.508721 0.497026 0.48313 0.503247 0.493841 0.502604 0.505114 0.47848 0.509183 0.488162 0.492918 0.514093 0.491172 0.480742 0.505036 0.502406 0.495022 0.496725 0.517645
0.991835 0.414333 0.503607 0.483954 0.558018 0.468081 0.483344 0.450731 0.52235 0.42307 0.530258 0.541591 0.395351 0.537307 0.660926 0.528387 0.560771 0.582665 0.606143 0.539429
0.997507 0.391077 0.51204 0.501372 0.559445 0.479706 0.468819 0.447215 0.508907 0.42988 0.550283 0.511841 0.394642 0.541591 0.648171 0.511057 0.558907 0.581885 0.610495 0.542069
0.99348 0.409812 0.507131 0.480689 0.544772 0.469459 0.483361 0.452746 0.512989 0.422848 0.535335 0.534467 0.388685 0.534285 0.659031 0.519704 0.559414 0.579068 0.612599 0.53698
0.996071 0.400823 0.508949 0.493719 0.556719 0.475421 0.480844 0.446821 0.509933 0.43036 0.544765 0.51695 0.392186 0.542747 0.653094 0.513022 0.556271 0.584609 0.611452 0.544249
0.999899 0.395172 0.520888 0.503726 0.571506 0.477742 0.47965 0.457285 0.501751 0.426458 0.548177 0.506609 0.379915 0.547821 0.640847 0.523587 0.544365 0.580723 0.613464 0.541599
0.98767 0.422587 0.50916 0.474634 0.559871 0.436317 0.49916 0.466154 0.543309 0.422772 0.537688 0.536762 0.374034 0.541994 0.65337 0.52143 0.543735 0.579802 0.608303 0.549732
0.999447 0.395527 0.520151 0.50307 0.571009 0.47825 0.480371 0.456475 0.501057 0.427127 0.549035 0.507397 0.38193 0.547477 0.641474 0.522177 0.546172 0.581402 0.614507 0.541412
0.99269 0.412809 0.506644 0.481664 0.550799 0.467543 0.484259 0.453274 0.517998 0.42261 0.534471 0.538361 0.391642 0.534018 0.659637 0.523378 0.560926 0.579784 0.6111 0.537327
0.600764 0.508721 0.497026 0.48313 0.503247 0.493841 0.502604 0.505114 0.47848 0.509183 0.488162 0.492918 0.514093 0.491172 0.480742 0.505036 0.502406 0.495022 0.496725 0.517645
0.600764 0.508721 0.497026 0.48313 0.503247 0.493841 0.502604 0.505114 0.47848 0.509183 0.488162 0.492918 0.514093 0.491172 0.480742 0.505036 0.502406 0.495022 0.496725 0.517645
0.997906 0.388172 0.511552 0.502332 0.558978 0.479548 0.46731 0.446653 0.50786 0.430382 0.549273 0.508641 0.391325 0.542985 0.64701 0.509387 0.55502 0.581844 0.608979 0.542746
0.600764 0.508721 0.497026 0.48313 0.503247 0.493841 0.502604 0.505114 0.47848 0.509183 0.488162 0.492918 0.514093 0.491172 0.480742 0.505036 0.502406 0.495022 0.496725 0.517645
0.600764 0.508721 0.497026 0.48313 0.503247 0.493841 0.502604 0.505114 0.47848 0.509183 0.488162 0.492918 0.514093 0.491172 0.480742 0.505036 0.502406 0.495022 0.496725 0.517645
0.994883 0.405356 0.507198 0.485372 0.547097 0.471513 0.485221 0.449653 0.509632 0.427354 0.539365 0.523559 0.386745 0.539437 0.656628 0.514204 0.554392 0.582485 0.612295 0.541229
0.600764 0.508721 0.497026 0.48313 0.503247 0.493841 0.502604 0.505114 0.47848 0.509183 0.488162 0.492918 0.514093 0.491172 0.480742 0.505036 0.502406 0.495022 0.496725 0.517645
0.600764 0.508721 0.497026 0.48313 0.503247 0.493841 0.502604 0.505114 0.47848 0.509183 0.488162 0.492918 0.514093 0.491172 0.480742 0.505036 0.502406 0.495022 0.496725 0.517645
0.998272 0.38711 0.512102 0.502822 0.560732 0.479992 0.468574 0.448147 0.504715 0.430247 0.548502 0.50797 0.387722 0.543058 0.645703 0.509643 0.551433 0.581365 0.609681 0.541159
0.600764 0.508721 0.497026 0.48313 0.503247 0.493841 0.502604 0.505114 0.47848 0.509183 0.488162 0.492918 0.514093 0.491172 0.480742 0.505036 0.502406 0.495022 0.496725 0.517645
0.999257 0.394903 0.519844 0.502668 0.570111 0.478689 0.479199 0.456347 0.500194 0.42689 0.548636 0.508245 0.382007 0.546883 0.641597 0.521464 0.546601 0.580943 0.614663 0.540828
0.600764 0.508721 0.497026 0.48313 0.503247 0.493841 0.502604 0.505114 0.47848 0.509183 0.488162 0.492918 0.514093 0.491172 0.480742 0.505036 0.502406 0.495022 0.496725 0.517645
0.992482 0.414268 0.506793 0.483661 0.554971 0.467379 0.485986 0.453167 0.519496 0.423704 0.535489 0.538781 0.393413 0.534261 0.659983 0.524698 0.561373 0.581015 0.610667 0.537941
0.991611 0.415347 0.503814 0.484668 0.560624 0.466694 0.484914 0.451154 0.524022 0.423844 0.531251 0.541549 0.395613 0.537225 0.66078 0.52851 0.560503 0.583158 0.606222 0.539867
0.600764 0.508721 0.497026 0.48313 0.503247 0.493841 0.502604 0.505114 0.47848 0.509183 0.488162 0.492918 0.514093 0.491172 0.480742 0.505036 0.502406 0.495022 0.496725 0.517645
0.99781 0.388912 0.511568 0.502074 0.558937 0.47954 0.467655 0.446525 0.508389 0.430336 0.549533 0.509167 0.392381 0.54293 0.647349 0.509727 0.556078 0.582041 0.609194 0.542944
0.987971 0.42132 0.508365 0.475641 0.560716 0.438212 0.496181 0.464396 0.543602 0.422444 0.536387 0.536712 0.376285 0.5431 0.653284 0.522487 0.544961 0.580244 0.606801 0.550256
0.995933 0.401699 0.508888 0.492992 0.555611 0.474994 0.481561 0.446881 0.509964 0.430223 0.544241 0.517327 0.391764 0.54263 0.653694 0.513305 0.556129 0.584614 0.611412 0.54441
0.993288 0.410489 0.507344 0.480234 0.545372 0.468344 0.483126 0.453368 0.514572 0.422296 0.535239 0.535575 0.389048 0.533736 0.658899 0.52031 0.560042 0.578577 0.61263 0.536848
0.998684 0.390036 0.514295 0.503478 0.566777 0.480093 0.476077 0.451384 0.501 0.430611 0.549455 0.50776 0.384755 0.543977 0.644227 0.512957 0.547969 0.582268 0.61275 0.539568
0.998983 0.393407 0.517512 0.503317 0.570057 0.479066 0.478891 0.454367 0.500528 0.428852 0.548946 0.508209 0.382867 0.54557 0.642789 0.517972 0.546602 0.581712 0.613958 0.540363
0.600764 0.508721 0.497026 0.48313 0.503247 0.493841 0.502604 0.505114 0.47848 0.509183 0.488162 0.492918 0.514093 0.491172 0.480742 0.505036 0.502406 0.495022 0.496725 0.517645
0.989115 0.418039 0.506783 0.478678 0.56242 0.445664 0.487868 0.459585 0.54157 0.421674 0.533565 0.538083 0.383648 0.542799 0.654002 0.525023 0.550634 0.580432 0.604619 0.548941
0.600764 0.508721 0.497026 0.48313 0.503247 0.493841 0.502604 0.505114 0.47848 0.509183 0.488162 0.492918 0.514093 0.491172 0.480742 0.505036 0.502406 0.495022 0.496725 0.517645
0.988553 0.420276 0.506914 0.476352 0.56066 0.441933 0.494236 0.461955 0.541712 0.422699 0.535128 0.537592 0.379493 0.541979 0.654482 0.523039 0.547482 0.580707 0.606499 0.54851
0.996466 0.398453 0.510066 0.495437 0.559175 0.475337 0.477995 0.447098 0.511185 0.430707 0.547927 0.515388 0.394188 0.541602 0.651001 0.511547 0.558471 0.583722 0.612575 0.543346
0.994033 0.407735 0.506812 0.480554 0.542003 0.470578 0.483605 0.451927 0.510411 0.423378 0.535562 0.530993 0.386677 0.536203 0.658408 0.51752 0.557173 0.579689 0.612643 0.537926
0.990171 0.41525 0.504322 0.482103 0.562982 0.45449 0.484234 0.454167 0.535828 0.422919 0.531127 0.537626 0.389077 0.543636 0.656049 0.526739 0.553545 0.582739 0.602753 0.547505
0.994384 0.406706 0.506902 0.482119 0.543526 0.470787 0.484334 0.451131 0.510036 0.424837 0.536974 0.527978 0.386364 0.537533 0.65765 0.516013 0.555852 0.580719 0.612577 0.539205
0.989654 0.417978 0.505136 0.479841 0.562321 0.4499 0.490128 0.457147 0.537484 0.42365 0.533597 0.537874 0.385936 0.54149 0.656199 0.524814 0.551837 0.582267 0.605305 0.54665
0.998525 0.38886 0.513293 0.503142 0.564918 0.480099 0.47402 0.450338 0.501654 0.430724 0.549064 0.507888 0.385294 0.543485 0.644704 0.511361 0.548625 0.582024 0.611966 0.539701
0.999625 0.395291 0.52086 0.502938 0.570377 0.478333 0.479983 0.457306 0.500313 0.426285 0.548326 0.507116 0.380384 0.547715 0.640987 0.523303 0.545129 0.58078 0.614379 0.54107
0.995352 0.403556 0.507982 0.48839 0.550617 0.471701 0.483618 0.448379 0.510603 0.42885 0.541414 0.51962 0.387719 0.54126 0.654907 0.512879 0.553982 0.583288 0.611682 0.543532
0.99067 0.415132 0.503963 0.483978 0.563141 0.460038 0.48343 0.452407 0.53138 0.423178 0.530467 0.539427 0.392461 0.542007 0.657939 0.528497 0.556454 0.583277 0.603109 0.545125
0.997401 0.392218 0.511659 0.500407 0.559556 0.478898 0.470444 0.446884 0.509444 0.430117 0.549854 0.511707 0.394622 0.542422 0.648391 0.5111 0.558555 0.582543 0.610671 0.542961
0.600764 0.508721 0.497026 0.48313 0.503247 0.493841 0.502604 0.505114 0.47848 0.509183 0.488162 0.492918 0.514093 0.491172 0.480742 0.505036 0.502406 0.495022 0.496725 0.517645
0.600764 0.508721 0.497026 0.48313 0.503247 0.493841 0.502604 0.505114 0.47848 0.509183 0.488162 0.492918 0.514093 0.491172 0.480742 0.505036 0.502406 0.495022 0.496725 0.517645
0.999738 0.39543 0.521149 0.503162 0.570853 0.477958 0.479673 0.457538 0.500852 0.426074 0.547975 0.507071 0.379874 0.547801 0.640829 0.523788 0.544657 0.58052 0.61398 0.541386
0.600764 0.508721 0.497026 0.48313 0.503247 0.493841 0.502604 0.505114 0.47848 0.509183 0.488162 0.492918 0.514093 0.491172 0.480742 0.505036 0.502406 0.495022 0.496725 0.517645
0.996954 0.395622 0.511688 0.498647 0.560375 0.478135 0.473635 0.447497 0.510144 0.429978 0.549978 0.514533 0.396267 0.541604 0.649502 0.512446 0.560545 0.582941 0.61227 0.542574
0.993668 0.409073 0.507179 0.480124 0.543084 0.469546 0.483276 0.452795 0.512111 0.422698 0.535405 0.533451 0.387667 0.534622 0.658716 0.518772 0.558735 0.578873 0.612896 0.537072
0.987364 0.422661 0.509161 0.473236 0.558948 0.43398 0.499094 0.467085 0.545037 0.422111 0.537177 0.536702 0.372175 0.542706 0.652703 0.520989 0.542357 0.579262 0.607947 0.550602
0.996716 0.397112 0.510651 0.497459 0.559506 0.47853 0.475125 0.446941 0.50975 0.429599 0.547765 0.515887 0.396058 0.543001 0.650664 0.513732 0.559783 0.583849 0.611439 0.543492
0.992054 0.41462 0.504708 0.484145 0.557625 0.467922 0.484906 0.451566 0.521285 0.423643 0.53241 0.54073 0.394954 0.535893 0.660786 0.527106 0.561122 0.582283 0.607943 0.538657
0.999508 0.395079 0.51983 0.503043 0.570161 0.478531 0.48088 0.456247 0.500566 0.427424 0.549206 0.506636 0.381576 0.547551 0.641606 0.521773 0.545745 0.581708 0.614508 0.541103
0.998837 0.391194 0.515429 0.503555 0.567937 0.479799 0.477308 0.452401 0.50083 0.430098 0.549423 0.507641 0.384078 0.5446 0.643734 0.514759 0.547399 0.582202 0.613158 0.539832
0.991149 0.415117 0.504025 0.484855 0.562479 0.463694 0.48368 0.451603 0.527713 0.423536 0.530865 0.540424 0.394424 0.539865 0.659262 0.528812 0.558657 0.583298 0.604413 0.542742
0.999123 0.394007 0.518756 0.502914 0.569792 0.478853 0.478589 0.455459 0.500191 0.427664 0.548446 0.50836 0.382037 0.546096 0.642165 0.519749 0.546385 0.581041 0.614184 0.540528
0.986721 0.423515 0.509349 0.469136 0.555226 0.428948 0.501177 0.46995 0.546912 0.420967 0.536781 0.537172 0.366968 0.542239 0.65198 0.518932 0.539268 0.577593 0.60894 0.55071
0.600764 0.508721 0.497026 0.48313 0.503247 0.493841 0.502604 0.505114 0.47848 0.509183 0.488162 0.492918 0.514093 0.491172 0.480742 0.505036 0.502406 0.495022 0.496725 0.517645
0.999846 0.395327 0.521021 0.503517 0.571273 0.477764 0.479702 0.457398 0.501447 0.426306 0.548047 0.506742 0.3798 0.547837 0.640845 0.523717 0.544378 0.580637 0.613621 0.541578
0.992893 0.412355 0.50686 0.480768 0.54857 0.468003 0.48406 0.453521 0.51658 0.422256 0.534621 0.538271 0.391014 0.533071 0.659708 0.522517 0.561214 0.579075 0.612041 0.536379
0.600764 0.508721 0.497026 0.48313 0.503247 0.493841 0.502604 0.505114 0.47848 0.509183 0.488162 0.492918 0.514093 0.491172 0.480742 0.505036 0.502406 0.495022 0.496725 0.517645
0.600764 0.508721 0.497026 0.48313 0.503247 0.493841 0.502604 0.505114 0.47848 0.509183 0.488162 0.492918 0.514093 0.491172 0.480742 0.505036 0.502406 0.495022 0.496725 0.517645
0.99472 0.405716 0.50709 0.484221 0.545796 0.471217 0.484811 0.45015 0.509779 0.426473 0.538517 0.524973 0.386512 0.538865 0.656908 0.514739 0.554802 0.581854 0.612362 0.540602
0.998001 0.387612 0.51165 0.50253 0.558894 0.479777 0.466943 0.446823 0.507219 0.430253 0.548999 0.508365 0.39057 0.542976 0.646751 0.509344 0.55433 0.581613 0.608876 0.542466
0.996205 0.400444 0.509567 0.494857 0.558295 0.475785 0.480197 0.446828 0.51032 0.430733 0.546401 0.516531 0.393754 0.542246 0.652562 0.512905 0.557729 0.584582 0.61202 0.543946
0.995043 0.404454 0.50737 0.486338 0.547876 0.471841 0.48395 0.449047 0.509822 0.427554 0.53947 0.522245 0.386929 0.540555 0.655993 0.514002 0.554068 0.582705 0.611639 0.542325
0.997183 0.393695 0.511975 0.499651 0.559397 0.478811 0.470753 0.447258 0.510243 0.429565 0.550227 0.51356 0.396376 0.541602 0.648943 0.512035 0.560802 0.582316 0.611413 0.542614
0.600764 0.508721 0.497026 0.48313 0.503247 0.493841 0.502604 0.505114 0.47848 0.509183 0.488162 0.492918 0.514093 0.491172 0.480742 0.505036 0.502406 0.495022 0.496725 0.517645
0.998358 0.387477 0.512578 0.50309 0.562567 0.480195 0.469644 0.448915 0.504126 0.43022 0.549125 0.508309 0.387867 0.543263 0.645105 0.510319 0.551427 0.581514 0.610521 0.540659
0.600764 0.508721 0.497026 0.48313 0.503247 0.493841 0.502604 0.505114 0.47848 0.509183 0.488162 0.492918 0.514093 0.491172 0.480742 0.505036 0.502406 0.495022 0.496725 0.517645
0.999385 0.395318 0.519712 0.502903 0.570342 0.47856 0.480867 0.45605 0.500697 0.427537 0.549484 0.507074 0.382417 0.547468 0.641731 0.521499 0.546518 0.581837 0.614771 0.541214
0.600764 0.508721 0.497026 0.48313 0.503247 0.493841 0.502604 0.505114 0.47848 0.509183 0.488162 0.492918 0.514093 0.491172 0.480742 0.505036 0.502406 0.495022 0.496725 0.517645
0.600764 0.508721 0.497026 0.48313 0.503247 0.493841 0.502604 0.505114 0.47848 0.509183 0.488162 0.492918 0.514093 0.491172 0.480742 0.505036 0.502406 0.495022 0.496725 0.517645
0.997609 0.390093 0.511885 0.501601 0.5591 0.479679 0.467877 0.447033 0.508693 0.429863 0.549817 0.511059 0.393712 0.541985 0.647819 0.510642 0.5579 0.581728 0.609896 0.542272
0.600764 0.508721 0.497026 0.48313 0.503247 0.493841 0.502604 0.505114 0.47848 0.509183 0.488162 0.492918 0.514093 0.491172 0.480742 0.505036 0.502406 0.495022 0.496725 0.517645
0.998184 0.387158 0.512028 0.502819 0.55951 0.480191 0.46754 0.44754 0.505526 0.430125 0.548664 0.508029 0.388944 0.542959 0.646206 0.509628 0.552764 0.581371 0.60925 0.541653
0.600764 0.508721 0.497026 0.48313 0.503247 0.493841 0.502604 0.505114 0.47848 0.509183 0.488162 0.492918 0.514093 0.491172 0.480742 0.505036 0.502406 0.495022 0.496725 0.517645
0.99995 0.394948 0.520911 0.503762 0.571349 0.477832 0.479496 0.457362 0.501661 0.426368 0.54816 0.506487 0.379749 0.547844 0.640751 0.523658 0.544249 0.580656 0.613412 0.541457
0.600764 0.508721 0.497026 0.48313 0.503247 0.493841 0.502604 0.505114 0.47848 0.509183 0.488162 0.492918 0.514093 0.491172 0.480742 0.505036 0.502406 0.495022 0.496725 0.517645
0.995648 0.402312 0.508477 0.490152 0.552001 0.472746 0.482039 0.447535 0.510462 0.429407 0.542537 0.517856 0.388959 0.541975 0.654136 0.512523 0.554634 0.583588 0.611452 0.544267
0.600764 0.508721 0.497026 0.48313 0.503247 0.493841 0.502604 0.505114 0.47848 0.509183 0.488162 0.492918 0.514093 0.491172 0.480742 0.505036 0.502406 0.495022 0.496725 0.517645
0.995721 0.402005 0.508641 0.490616 0.552502 0.473 0.481572 0.447395 0.510545 0.429488 0.542912 0.517532 0.389435 0.542129 0.653877 0.512499 0.554964 0.583635 0.611441 0.54441
0.600764 0.508721 0.497026 0.48313 0.503247 0.493841 0.502604 0.505114 0.47848 0.509183 0.488162 0.492918 0.514093 0.491172 0.480742 0.505036 0.502406 0.495022 0.496725 0.517645
0.998875 0.392001 0.516071 0.503509 0.568866 0.479541 0.478106 0.453063 0.500621 0.429803 0.549262 0.507854 0.383571 0.544878 0.643451 0.515758 0.546971 0.582102 0.613486 0.539955
0.998723 0.39059 0.514778 0.503467 0.567405 0.47996 0.476641 0.451864 0.500831 0.430384 0.54939 0.507875 0.384443 0.54419 0.644012 0.513709 0.547716 0.582207 0.612999 0.539632
0.999225 0.394684 0.519642 0.502713 0.570006 0.478664 0.478838 0.456185 0.5002 0.426982 0.548415 0.508372 0.381847 0.546633 0.641724 0.521096 0.546454 0.580825 0.614467 0.540786
0.600764 0.508721 0.497026 0.48313 0.503247 0.493841 0.502604 0.505114 0.47848 0.509183 0.488162 0.492918 0.514093 0.491172 0.480742 0.505036 0.502406 0.495022 0.496725 0.517645
0.600764 0.508721 0.497026 0.48313 0.503247 0.493841 0.502604 0.505114 0.47848 0.509183 0.488162 0.492918 0.514093 0.491172 0.480742 0.505036 0.502406 0.495022 0.496725 0.517645
0.600764 0.508721 0.497026 0.48313 0.503247 0.493841 0.502604 0.505114 0.47848 0.509183 0.488162 0.492918 0.514093 0.491172 0.480742 0.505036 0.502406 0.495022 0.496725 0.517645
0.997126 0.394017 0.511993 0.499416 0.559205 0.478804 0.470657 0.447253 0.510509 0.429383 0.550203 0.514005 0.396865 0.541493 0.649105 0.512286 0.561395 0.582272 0.611481 0.542625
0.600764 0.508721 0.497026 0.48313 0.503247 0.493841 0.502604 0.505114 0.47848 0.509183 0.488162 0.492918 0.514093 0.491172 0.480742 0.505036 0.502406 0.495022 0.496725 0.517645
0.997661 0.3894 0.512026 0.501946 0.558602 0.480049 0.46648 0.447035 0.508741 0.429546 0.549864 0.511132 0.393952 0.54169 0.647715 0.510651 0.558352 0.581314 0.609583 0.542044
0.99971 0.395225 0.520838 0.503193 0.570725 0.478184 0.479895 0.457273 0.50076 0.426366 0.54834 0.506947 0.380317 0.547748 0.640948 0.523354 0.544952 0.580796 0.614115 0.54121
0.987822 0.421492 0.508648 0.474286 0.559309 0.436977 0.496187 0.465396 0.54383 0.421818 0.536228 0.537368 0.374862 0.542236 0.653093 0.521835 0.544593 0.579217 0.607427 0.549771
0.600764 0.508721 0.497026 0.48313 0.503247 0.493841 0.502604 0.505114 0.47848 0.509183 0.488162 0.492918 0.514093 0.491172 0.480742 0.505036 0.502406 0.495022 0.496725 0.517645
0.996002 0.400837 0.508862 0.492837 0.55512 0.47503 0.480156 0.446759 0.510133 0.429758 0.543837 0.516996 0.391569 0.543201 0.653165 0.513152 0.555993 0.584308 0.611028 0.544764
0.994637 0.40596 0.507145 0.48372 0.54545 0.470748 0.484786 0.450463 0.510115 0.426211 0.538412 0.52547 0.386367 0.538429 0.656946 0.514777 0.554999 0.581519 0.612547 0.540327
0.993191 0.41062 0.507727 0.479244 0.544753 0.466912 0.482386 0.454187 0.516071 0.421356 0.535108 0.536032 0.388663 0.533572 0.658323 0.520393 0.560252 0.577748 0.612728 0.537019
0.99776 0.388998 0.511805 0.502187 0.559182 0.479741 0.467475 0.446979 0.508089 0.430154 0.549672 0.509945 0.392431 0.542243 0.647402 0.510009 0.556448 0.581672 0.609472 0.542248
0.990547 0.415095 0.504124 0.483589 0.563193 0.458618 0.483474 0.452855 0.532562 0.423096 0.530671 0.538896 0.391617 0.54249 0.657375 0.528056 0.555721 0.583113 0.602979 0.545822
0.998949 0.393106 0.517182 0.503412 0.569972 0.479097 0.47865 0.454107 0.500538 0.429075 0.548829 0.508247 0.38279 0.545309 0.642958 0.517454 0.54646 0.581705 0.613765 0.540269
0.997012 0.395093 0.511809 0.498962 0.560016 0.47841 0.472657 0.447439 0.510254 0.429798 0.550138 0.514415 0.396544 0.541452 0.649403 0.512393 0.560922 0.582703 0.612047 0.5425
0.996138 0.400209 0.509202 0.49377 0.556462 0.475425 0.479474 0.446733 0.510311 0.430013 0.544917 0.516598 0.392564 0.543008 0.6526 0.512953 0.556793 0.584292 0.611332 0.544532
0.600764 0.508721 0.497026 0.48313 0.503247 0.493841 0.502604 0.505114 0.47848 0.509183 0.488162 0.492918 0.514093 0.491172 0.480742 0.505036 0.502406 0.495022 0.496725 0.517645
0.995863 0.401264 0.5087 0.491645 0.553414 0.474289 0.480231 0.447006 0.510285 0.429165 0.542718 0.517388 0.390395 0.543405 0.65345 0.513311 0.555269 0.583979 0.610711 0.545068
0.992163 0.414352 0.504917 0.483702 0.556294 0.46824 0.484741 0.451763 0.520418 0.423371 0.532489 0.540642 0.394536 0.535541 0.660791 0.526719 0.561212 0.581895 0.608402 0.538266
0.997859 0.387953 0.511746 0.502347 0.558372 0.479941 0.465797 0.446779 0.508102 0.429779 0.549206 0.509546 0.392096 0.542441 0.647117 0.509835 0.556211 0.58129 0.608817 0.542366
0.988119 0.420789 0.508123 0.475511 0.560314 0.438968 0.494776 0.46394 0.543371 0.422045 0.535779 0.537189 0.376944 0.542726 0.653338 0.522607 0.54575 0.579879 0.606665 0.549822
0.998565 0.388851 0.513508 0.503395 0.565289 0.480276 0.473822 0.45048 0.501736 0.430613 0.549308 0.50799 0.385639 0.543494 0.644565 0.511681 0.548964 0.581979 0.612019 0.539634
0.997347 0.392635 0.512112 0.500678 0.559872 0.479312 0.470436 0.447365 0.509457 0.429933 0.550659 0.512725 0.395654 0.541393 0.648603 0.511516 0.559944 0.582226 0.611278 0.542165
0.991724 0.415393 0.504287 0.484818 0.560469 0.466815 0.485184 0.451402 0.5236 0.423976 0.532053 0.541311 0.395718 0.536604 0.660729 0.528135 0.56092 0.582937 0.606892 0.53952
0.988696 0.419187 0.50748 0.477809 0.562131 0.442939 0.490607 0.461318 0.542546 0.421911 0.534646 0.537506 0.381153 0.543109 0.653603 0.524267 0.548653 0.580379 0.605261 0.549655
0.600764 0.508721 0.497026 0.48313 0.503247 0.493841 0.502604 0.505114 0.47848 0.509183 0.488162 0.492918 0.514093 0.491172 0.480742 0.505036 0.502406 0.495022 0.496725 0.517645
0.996529 0.398174 0.510154 0.496093 0.559141 0.476789 0.476544 0.446644 0.510866 0.430092 0.54745 0.515712 0.395512 0.542813 0.651007 0.512879 0.559362 0.58404 0.61177 0.54401
0.988977 0.418287 0.507362 0.478881 0.562944 0.444919 0.487849 0.460151 0.542178 0.421549 0.533963 0.538002 0.38328 0.543002 0.653623 0.525156 0.550399 0.580217 0.604619 0.549438
0.998484 0.388724 0.513524 0.503232 0.565033 0.480078 0.4726 0.450421 0.502225 0.430251 0.548902 0.508531 0.38582 0.543353 0.644553 0.511651 0.549356 0.581551 0.611694 0.539881
0.993943 0.407785 0.506811 0.480235 0.541739 0.470588 0.482698 0.45205 0.510718 0.422779 0.534932 0.531862 0.38689 0.536072 0.658441 0.518101 0.557612 0.579296 0.612388 0.537791
0.995427 0.403242 0.508065 0.488808 0.550807 0.471969 0.483295 0.448097 0.51045 0.429048 0.541601 0.519062 0.387862 0.541465 0.65478 0.512724 0.553978 0.583392 0.611577 0.543756
0.994469 0.40641 0.507041 0.482597 0.544159 0.470551 0.484433 0.450954 0.510218 0.425319 0.537562 0.526999 0.386262 0.537785 0.65731 0.515428 0.555531 0.580907 0.612629 0.539625
0.990297 0.415209 0.504066 0.482622 0.563009 0.456215 0.483903 0.453538 0.534539 0.422945 0.530673 0.538279 0.390121 0.543294 0.65668 0.527413 0.554362 0.582969 0.602672 0.546846
0.600764 0.508721 0.497026 0.48313 0.503247 0.493841 0.502604 0.505114 0.47848 0.509183 0.488162 0.492918 0.514093 0.491172 0.480742 0.505036 0.502406 0.495022 0.496725 0.517645
0.990044 0.415837 0.504375 0.481762 0.563145 0.453574 0.48528 0.454632 0.536451 0.423051 0.531459 0.537756 0.388687 0.54341 0.656097 0.5266 0.553258 0.582773 0.603013 0.547496
0.992994 0.411553 0.507485 0.479511 0.546352 0.466741 0.482853 0.454263 0.517075 0.421336 0.534799 0.53738 0.389646 0.533239 0.658728 0.521497 0.560837 0.577997 0.612433 0.536784
0.988412 0.420302 0.508063 0.476746 0.561182 0.441127 0.49343 0.462891 0.542324 0.422194 0.535693 0.537467 0.378937 0.542317 0.653681 0.523272 0.547312 0.580068 0.606522 0.549278
0.999925 0.394967 0.520877 0.503706 0.57127 0.47788 0.479571 0.457328 0.501563 0.426397 0.548204 0.506512 0.37983 0.547834 0.640786 0.523591 0.544329 0.580698 0.613491 0.541425
0.991031 0.415283 0.504612 0.485065 0.563319 0.462416 0.4838 0.452187 0.52888 0.423613 0.531617 0.539885 0.393983 0.540143 0.658636 0.528562 0.558279 0.583136 0.604473 0.543457
0.999654 0.395319 0.521093 0.502891 0.570364 0.478297 0.479725 0.457538 0.500259 0.426007 0.548138 0.507231 0.380155 0.547759 0.640841 0.52364 0.545045 0.580562 0.614356 0.541064
0.989784 0.417013 0.504944 0.480764 0.562941 0.451197 0.487694 0.456166 0.537528 0.423234 0.532658 0.537752 0.387123 0.542655 0.655913 0.525753 0.552385 0.582438 0.604088 0.547394
0.999019 0.39383 0.518107 0.503206 0.570358 0.478876 0.47866 0.454877 0.500584 0.428308 0.548671 0.508534 0.382632 0.545756 0.642504 0.518836 0.546604 0.58136 0.614028 0.540547
0.993385 0.411808 0.508657 0.481823 0.547594 0.468541 0.485606 0.454158 0.514102 0.423461 0.538053 0.535432 0.390148 0.532119 0.659172 0.520148 0.561168 0.578861 0.614281 0.536134
0.999089 0.393996 0.518733 0.502945 0.569977 0.478806 0.478297 0.455454 0.500258 0.427626 0.548278 0.508638 0.382023 0.54595 0.642185 0.519686 0.546396 0.580902 0.614102 0.540541
0.991498 0.41548 0.504678 0.485339 0.561974 0.46555 0.484676 0.451729 0.525289 0.423927 0.532209 0.540915 0.395471 0.537634 0.660012 0.52848 0.560332 0.582989 0.606182 0.540814
0.600764 0.508721 0.497026 0.48313 0.503247 0.493841 0.502604 0.505114 0.47848 0.509183 0.488162 0.492918 0.514093 0.491172 0.480742 0.505036 0.502406 0.495022 0.496725 0.517645
0.996654 0.397278 0.51055 0.496847 0.558906 0.478051 0.474628 0.446726 0.510405 0.429326 0.54738 0.515928 0.396228 0.543322 0.650642 0.513744 0.560068 0.583761 0.611257 0.544014
0.993761 0.409085 0.506896 0.480183 0.542894 0.47002 0.484295 0.452614 0.511314 0.423084 0.535532 0.533109 0.387488 0.534715 0.658982 0.518492 0.558322 0.579317 0.613086 0.536871
0.994122 0.40767 0.506879 0.480697 0.542219 0.470281 0.484298 0.451923 0.510438 0.42381 0.536173 0.53018 0.386432 0.536264 0.658234 0.516907 0.55681 0.579902 0.612928 0.538085
0.600764 0.508721 0.497026 0.48313 0.503247 0.493841 0.502604 0.505114 0.47848 0.509183 0.488162 0.492918 0.514093 0.491172 0.480742 0.505036 0.502406 0.495022 0.496725 0.517645
0.600764 0.508721 0.497026 0.48313 0.503247 0.493841 0.502604 0.505114 0.47848 0.509183 0.488162 0.492918 0.514093 0.491172 0.480742 0.505036 0.502406 0.495022 0.496725 0.517645
0.997454 0.391624 0.512089 0.501135 0.559605 0.479547 0.469388 0.447284 0.509131 0.429897 0.550462 0.512137 0.395014 0.541498 0.648306 0.511198 0.559297 0.581991 0.610794 0.542101
0.994297 0.406994 0.506796 0.481667 0.542972 0.470929 0.484237 0.451311 0.509921 0.424417 0.536479 0.52888 0.386452 0.537217 0.657954 0.516502 0.556178 0.580508 0.612572 0.538788
0.990791 0.415029 0.504401 0.484387 0.563283 0.46051 0.48329 0.45248 0.530811 0.423275 0.531062 0.539291 0.392779 0.54151 0.657875 0.528334 0.556955 0.583081 0.603582 0.544814
0.994963 0.404965 0.507366 0.48589 0.547812 0.471339 0.484774 0.449445 0.510023 0.427597 0.539714 0.522757 0.386816 0.539836 0.656192 0.513882 0.554223 0.582565 0.612129 0.54178
0.991945 0.41503 0.504734 0.484556 0.55897 0.467429 0.48518 0.451608 0.522232 0.423876 0.532633 0.540901 0.395389 0.535938 0.660732 0.527433 0.56123 0.5825 0.607753 0.538915
0.98952 0.417789 0.505694 0.479821 0.562759 0.448928 0.488516 0.457674 0.538975 0.42283 0.533358 0.5381 0.385799 0.542079 0.655404 0.525288 0.551887 0.581637 0.604756 0.547538
0.992792 0.413114 0.507806 0.481735 0.550682 0.46668 0.48508 0.454245 0.518128 0.422765 0.536285 0.537634 0.391297 0.53317 0.659161 0.522536 0.561244 0.579274 0.612347 0.5372
0.993574 0.409707 0.507244 0.480143 0.543848 0.469167 0.483964 0.453062 0.512558 0.422879 0.535742 0.534065 0.388016 0.533876 0.658932 0.518925 0.559143 0.578836 0.613248 0.536623
0.600764 0.508721 0.497026 0.48313 0.503247 0.493841 0.502604 0.505114 0.47848 0.509183 0.488162 0.492918 0.514093 0.491172 0.480742 0.505036 0.502406 0.495022 0.496725 0.517645
0.600764 0.508721 0.497026 0.48313 0.503247 0.493841 0.502604 0.505114 0.47848 0.509183 0.488162 0.492918 0.514093 0.491172 0.480742 0.505036 0.502406 0.495022 0.496725 0.517645
0.994802 0.4053 0.507169 0.484881 0.546188 0.471536 0.484555 0.449744 0.509531 0.426865 0.538765 0.524053 0.386515 0.539447 0.656718 0.514487 0.554488 0.582156 0.612102 0.54116
0.600764 0.508721 0.497026 0.48313 0.503247 0.493841 0.502604 0.505114 0.47848 0.509183 0.488162 0.492918 0.514093 0.491172 0.480742 0.505036 0.502406 0.495022 0.496725 0.517645
0.995121 0.404419 0.507484 0.486936 0.548882 0.471733 0.484409 0.448917 0.510034 0.428091 0.540165 0.521571 0.387159 0.540598 0.655802 0.513639 0.553981 0.582999 0.611793 0.542531
0.9988 0.391058 0.515093 0.503546 0.567938 0.479858 0.477654 0.452194 0.500611 0.430432 0.549496 0.507578 0.384034 0.544455 0.643885 0.514242 0.547227 0.58239 0.613234 0.539664
0.989252 0.418412 0.506156 0.478705 0.562161 0.44681 0.489445 0.458989 0.540118 0.422475 0.53373 0.5383 0.384193 0.541796 0.655001 0.524737 0.551018 0.581006 0.605247 0.547732
0.996896 0.395979 0.511859 0.498335 0.559648 0.47822 0.472802 0.44737 0.510991 0.429472 0.550176 0.515158 0.397656 0.541438 0.649715 0.512891 0.562171 0.58276 0.61228 0.542783
0.992377 0.414584 0.50664 0.483815 0.55566 0.467342 0.486078 0.453115 0.51984 0.423763 0.535281 0.539306 0.39375 0.534168 0.660167 0.525117 0.56153 0.581137 0.610465 0.537874
0.600764 0.508721 0.497026 0.48313 0.503247 0.493841 0.502604 0.505114 0.47848 0.509183 0.488162 0.492918 0.514093 0.491172 0.480742 0.505036 0.502406 0.495022 0.496725 0.517645
0.996271 0.399748 0.509513 0.494792 0.558016 0.475781 0.479237 0.446674 0.510467 0.430543 0.546284 0.516171 0.393696 0.542488 0.652179 0.512606 0.557709 0.584378 0.611841 0.544079
0.987205 0.422351 0.509219 0.470482 0.555903 0.4322 0.49769 0.468368 0.545588 0.42054 0.536036 0.538163 0.37004 0.541257 0.652312 0.519924 0.542107 0.57719 0.608634 0.549637
0.991266 0.415143 0.50387 0.484872 0.562014 0.46472 0.483814 0.451348 0.526659 0.423558 0.530733 0.540857 0.394885 0.539285 0.65974 0.528942 0.5592 0.583322 0.604713 0.542003
0.999417 0.395097 0.519592 0.502919 0.570038 0.478679 0.481012 0.455985 0.500503 0.427634 0.549528 0.506782 0.38223 0.547483 0.641759 0.521359 0.54631 0.581927 0.614747 0.541062
0.600764 0.508721 0.497026 0.48313 0.503247 0.493841 0.502604 0.505114 0.47848 0.509183 0.488162 0.492918 0.514093 0.491172 0.480742 0.505036 0.502406 0.495022 0.496725 0.517645
0.999766 0.395312 0.520976 0.503292 0.57092 0.47798 0.479797 0.457379 0.501007 0.426279 0.548142 0.506882 0.380002 0.547797 0.640889 0.523583 0.544654 0.580679 0.613908 0.541383
0.600764 0.508721 0.497026 0.48313 0.503247 0.493841 0.502604 0.505114 0.47848 0.509183 0.488162 0.492918 0.514093 0.491172 0.480742 0.505036 0.502406 0.495022 0.496725 0.517645
0.600764 0.508721 0.497026 0.48313 0.503247 0.493841 0.502604 0.505114 0.47848 0.509183 0.488162 0.492918 0.514093 0.491172 0.480742 0.505036 0.502406 0.495022 0.496725 0.517645
0.987517 0.422624 0.50916 0.473935 0.559409 0.435149 0.499127 0.46662 0.544173 0.422441 0.537433 0.536732 0.373105 0.54235 0.653036 0.52121 0.543046 0.579532 0.608125 0.550167
0.998047 0.387428 0.511749 0.502619 0.558824 0.479953 0.466829 0.446922 0.50687 0.430157 0.548903 0.508272 0.39031 0.542963 0.646655 0.509426 0.554112 0.581515 0.608881 0.542314
0.992586 0.413784 0.50674 0.482107 0.552336 0.467493 0.484872 0.453526 0.518864 0.42255 0.534619 0.539481 0.392764 0.53364 0.65994 0.524453 0.561713 0.579994 0.611063 0.537139
0.600764 0.508721 0.497026 0.48313 0.503247 0.493841 0.502604 0.505114 0.47848 0.509183 0.488162 0.492918 0.514093 0.491172 0.480742 0.505036 0.502406 0.495022 0.496725 0.517645
0.600764 0.508721 0.497026 0.48313 0.503247 0.493841 0.502604 0.505114 0.47848 0.509183 0.488162 0.492918 0.514093 0.491172 0.480742 0.505036 0.502406 0.495022 0.496725 0.517645
0.600764 0.508721 0.497026 0.48313 0.503247 0.493841 0.502604 0.505114 0.47848 0.509183 0.488162 0.492918 0.514093 0.491172 0.480742 0.505036 0.502406 0.495022 0.496725 0.517645
0.600764 0.508721 0.497026 0.48313 0.503247 0.493841 0.502604 0.505114 0.47848 0.509183 0.488162 0.492918 0.514093 0.491172 0.480742 0.505036 0.502406 0.495022 0.496725 0.517645
0.99929 0.395206 0.519924 0.502741 0.570416 0.478591 0.479741 0.456339 0.50047 0.42702 0.548946 0.508001 0.382281 0.547122 0.641582 0.521656 0.546721 0.581207 0.614757 0.541037
0.997559 0.390692 0.51211 0.501639 0.559425 0.479816 0.468423 0.447236 0.508847 0.429882 0.550413 0.511628 0.394543 0.541488 0.648042 0.510894 0.55883 0.581759 0.610403 0.541973
0.998227 0.387257 0.512108 0.502842 0.560335 0.480076 0.468481 0.44796 0.504882 0.430285 0.548617 0.507971 0.3881 0.542981 0.64595 0.509665 0.551851 0.581424 0.609608 0.541294
0.998645 0.389483 0.513812 0.503489 0.56615 0.480226 0.475513 0.450903 0.501169 0.430837 0.549519 0.507646 0.385068 0.543764 0.644442 0.512204 0.548223 0.582328 0.6125 0.539503
0.600764 0.508721 0.497026 0.48313 0.503247 0.493841 0.502604 0.505114 0.47848 0.509183 0.488162 0.492918 0.514093 0.491172 0.480742 0.505036 0.502406 0.495022 0.496725 0.517645
0.600764 0.508721 0.497026 0.48313 0.503247 0.493841 0.502604 0.505114 0.47848 0.509183 0.488162 0.492918 0.514093 0.491172 0.480742 0.505036 0.502406 0.495022 0.496725 0.517645
0.997954 0.387797 0.51155 0.502441 0.558965 0.4796 0.467058 0.446724 0.507569 0.430349 0.549095 0.508458 0.390831 0.542989 0.646847 0.509262 0.554547 0.581711 0.608871 0.542617
0.9984 0.387896 0.512734 0.503064 0.563457 0.480082 0.471485 0.449494 0.502929 0.430544 0.548996 0.508126 0.386461 0.543204 0.644974 0.510451 0.54996 0.581677 0.611108 0.540119
0.998315 0.387377 0.512498 0.503067 0.561741 0.48031 0.468703 0.448495 0.50477 0.43006 0.549172 0.508367 0.388712 0.543241 0.645361 0.510282 0.55234 0.581461 0.610163 0.541017
0.996401 0.398826 0.509802 0.495189 0.558838 0.475465 0.478528 0.447014 0.510865 0.430654 0.547268 0.515685 0.393793 0.541917 0.651374 0.511845 0.557956 0.583942 0.612305 0.543532
0.999354 0.395313 0.519908 0.502816 0.570399 0.478546 0.480311 0.456274 0.500588 0.427207 0.549183 0.507522 0.382271 0.547341 0.64161 0.521717 0.546572 0.581485 0.614764 0.54115
0.600764 0.508721 0.497026 0.48313 0.503247 0.493841 0.502604 0.505114 0.47848 0.509183 0.488162 0.492918 0.514093 0.491172 0.480742 0.505036 0.502406 0.495022 0.496725 0.517645
0.600764 0.508721 0.497026 0.48313 0.503247 0.493841 0.502604 0.505114 0.47848 0.509183 0.488162 0.492918 0.514093 0.491172 0.480742 0.505036 0.502406 0.495022 0.496725 0.517645
0.999977 0.395053 0.52102 0.503809 0.571504 0.47769 0.479436 0.45744 0.501824 0.426297 0.548029 0.506493 0.37958 0.547876 0.640715 0.523828 0.544097 0.580574 0.6133 0.541589
0.995276 0.404086 0.50753 0.488262 0.550222 0.472505 0.484463 0.448254 0.509706 0.428792 0.540613 0.520479 0.387679 0.541363 0.655678 0.513609 0.553731 0.583693 0.611419 0.543217
0.600764 0.508721 0.497026 0.48313 0.503247 0.493841 0.502604 0.505114 0.47848 0.509183 0.488162 0.492918 0.514093 0.491172 0.480742 0.505036 0.502406 0.495022 0.496725 0.517645
0.600764 0.508721 0.497026 0.48313 0.503247 0.493841 0.502604 0.505114 0.47848 0.509183 0.488162 0.492918 0.514093 0.491172 0.480742 0.505036 0.502406 0.495022 0.496725 0.517645
0.995575 0.40262 0.508313 0.489689 0.551499 0.472491 0.482506 0.447675 0.51038 0.429326 0.542163 0.51818 0.388482 0.541822 0.654394 0.512546 0.554304 0.583542 0.611462 0.544124
0.999538 0.395418 0.52034 0.503123 0.570858 0.478212 0.480334 0.456709 0.500916 0.426938 0.548769 0.507136 0.381255 0.547566 0.64134 0.522516 0.545607 0.581238 0.614342 0.541346
0.999157 0.394817 0.519609 0.502803 0.570576 0.47858 0.478576 0.456156 0.500444 0.426994 0.548325 0.508846 0.382107 0.54647 0.641752 0.521046 0.546663 0.58073 0.614423 0.540878
0.986891 0.422679 0.508947 0.470888 0.557255 0.430358 0.499019 0.468431 0.547708 0.421047 0.536138 0.53655 0.369153 0.544051 0.651696 0.520285 0.540005 0.578527 0.60724 0.552026
0.999873 0.395156 0.520933 0.503584 0.571232 0.477846 0.479674 0.457346 0.501456 0.426366 0.548147 0.506639 0.379856 0.54783 0.640833 0.523621 0.544394 0.580688 0.613595 0.541486
0.999477 0.395303 0.51999 0.503056 0.570585 0.47839 0.480625 0.456361 0.500812 0.427276 0.549121 0.507017 0.381753 0.547514 0.64154 0.521975 0.545959 0.581555 0.614508 0.541258
0.600764 0.508721 0.497026 0.48313 0.503247 0.493841 0.502604 0.505114 0.47848 0.509183 0.488162 0.492918 0.514093 0.491172 0.480742 0.505036 0.502406 0.495022 0.496725 0.517645
0.998139 0.387121 0.511884 0.502773 0.559227 0.480075 0.467123 0.447284 0.506045 0.430146 0.548702 0.508057 0.389347 0.54297 0.646336 0.509458 0.553157 0.581389 0.609029 0.541912
0.600764 0.508721 0.497026 0.48313 0.503247 0.493841 0.502604 0.505114 0.47848 0.509183 0.488162 0.492918 0.514093 0.491172 0.480742 0.505036 0.502406 0.495022 0.496725 0.517645
0.600764 0.508721 0.497026 0.48313 0.503247 0.493841 0.502604 0.505114 0.47848 0.509183 0.488162 0.492918 0.514093 0.491172 0.480742 0.505036 0.502406 0.495022 0.496725 0.517645
0.997238 0.393182 0.511815 0.499751 0.55908 0.478845 0.470203 0.446989 0.510221 0.42957 0.549924 0.513046 0.396045 0.541985 0.648813 0.511824 0.560346 0.582342 0.610986 0.542908
0.600764 0.508721 0.497026 0.48313 0.503247 0.493841 0.502604 0.505114 0.47848 0.509183 0.488162 0.492918 0.514093 0.491172 0.480742 0.505036 0.502406 0.495022 0.496725 0.517645
0.996776 0.396641 0.511011 0.497687 0.559486 0.478383 0.47421 0.447056 0.510118 0.429509 0.54837 0.515579 0.39639 0.542641 0.650285 0.513452 0.560371 0.583467 0.611608 0.543351
0.99982 0.395261 0.520913 0.50347 0.57113 0.477883 0.479812 0.457309 0.501305 0.426395 0.548177 0.506717 0.379965 0.547815 0.640897 0.523547 0.544514 0.580737 0.613729 0.541479
0.600764 0.508721 0.497026 0.48313 0.503247 0.493841 0.502604 0.505114 0.47848 0.509183 0.488162 0.492918 0.514093 0.491172 0.480742 0.505036 0.502406 0.495022 0.496725 0.517645
0.600764 0.508721 0.497026 0.48313 0.503247 0.493841 0.502604 0.505114 0.47848 0.509183 0.488162 0.492918 0.514093 0.491172 0.480742 0.505036 0.502406 0.495022 0.496725 0.517645
0.999596 0.395251 0.520763 0.502893 0.570283 0.478422 0.480038 0.457214 0.500237 0.426361 0.548453 0.507139 0.380599 0.547689 0.641036 0.523142 0.545316 0.580865 0.614475 0.54101
0.600764 0.508721 0.497026 0.48313 0.503247 0.493841 0.502604 0.505114 0.47848 0.509183 0.488162 0.492918 0.514093 0.491172 0.480742 0.505036 0.502406 0.495022 0.496725 0.517645
0.600764 0.508721 0.497026 0.48313 0.503247 0.493841 0.502604 0.505114 0.47848 0.509183 0.488162 0.492918 0.514093 0.491172 0.480742 0.505036 0.502406 0.495022 0.496725 0.517645
0.600764 0.508721 0.497026 0.48313 0.503247 0.493841 0.502604 0.505114 0.47848 0.509183 0.488162 0.492918 0.514093 0.491172 0.480742 0.505036 0.502406 0.495022 0.496725 0.517645
0.600764 0.508721 0.497026 0.48313 0.503247 0.493841 0.502604 0.505114 0.47848 0.509183 0.488162 0.492918 0.514093 0.491172 0.480742 0.505036 0.502406 0.495022 0.496725 0.517645
0.600764 0.508721 0.497026 0.48313 0.503247 0.493841 0.502604 0.505114 0.47848 0.509183 0.488162 0.492918 0.514093 0.491172 0.480742 0.505036 0.502406 0.495022 0.496725 0.517645
0.996806 0.396396 0.511079 0.498063 0.559317 0.479129 0.473699 0.447108 0.509656 0.429223 0.548187 0.515905 0.396576 0.542753 0.650377 0.513932 0.560515 0.583424 0.611326 0.543209
0.600764 0.508721 0.497026 0.48313 0.503247 0.493841 0.502604 0.505114 0.47848 0.509183 0.488162 0.492918 0.514093 0.491172 0.480742 0.505036 0.502406 0.495022 0.496725 0.517645
0.600764 0.508721 0.497026 0.48313 0.503247 0.493841 0.502604 0.505114 0.47848 0.509183 0.488162 0.492918 0.514093 0.491172 0.480742 0.505036 0.502406 0.495022 0.496725 0.517645
0.600764 0.508721 0.497026 0.48313 0.503247 0.493841 0.502604 0.505114 0.47848 0.509183 0.488162 0.492918 0.514093 0.491172 0.480742 0.505036 0.502406 0.495022 0.496725 0.517645
0.600764 0.508721 0.497026 0.48313 0.503247 0.493841 0.502604 0.505114 0.47848 0.509183 0.488162 0.492918 0.514093 0.491172 0.480742 0.505036 0.502406 0.495022 0.496725 0.517645
0.999859 0.395254 0.52102 0.503518 0.571211 0.477811 0.479662 0.457415 0.501399 0.426283 0.548064 0.506714 0.379788 0.547842 0.640818 0.523724 0.54438 0.580627 0.613628 0.54152
0.992638 0.413453 0.506357 0.481752 0.551628 0.46776 0.484883 0.453239 0.51826 0.422652 0.534268 0.539318 0.392398 0.533564 0.660086 0.524026 0.561421 0.580012 0.611109 0.536849
0.600764 0.508721 0.497026 0.48313 0.503247 0.493841 0.502604 0.505114 0.47848 0.509183 0.488162 0.492918 0.514093 0.491172 0.480742 0.505036 0.502406 0.495022 0.496725 0.517645
0.600764 0.508721 0.497026 0.48313 0.503247 0.493841 0.502604 0.505114 0.47848 0.509183 0.488162 0.492918 0.514093 0.491172 0.480742 0.505036 0.502406 0.495022 0.496725 0.517645
0.600764 0.508721 0.497026 0.48313 0.503247 0.493841 0.502604 0.505114 0.47848 0.509183 0.488162 0.492918 0.514093 0.491172 0.480742 0.505036 0.502406 0.495022 0.496725 0.517645
0.999611 0.395292 0.520704 0.503046 0.570592 0.478275 0.480045 0.457143 0.500534 0.42648 0.548413 0.507109 0.380555 0.547652 0.641078 0.523081 0.545175 0.580888 0.614306 0.541148
0.996434 0.398729 0.509688 0.495747 0.55882 0.476941 0.477575 0.446518 0.510319 0.430138 0.546474 0.516116 0.394779 0.543241 0.651569 0.513199 0.558396 0.584422 0.611411 0.544226
0.999493 0.395147 0.519906 0.503029 0.570296 0.478505 0.480746 0.456315 0.500612 0.427334 0.549171 0.506813 0.381649 0.547532 0.641563 0.521868 0.545854 0.581627 0.614533 0.541128
0.997785 0.388856 0.511758 0.502195 0.559039 0.479718 0.467324 0.446863 0.508175 0.430156 0.549628 0.509716 0.392407 0.542403 0.647353 0.509919 0.556366 0.581709 0.609347 0.542409
0.99243 0.414442 0.506743 0.483288 0.554664 0.467462 0.485561 0.45331 0.51959 0.423252 0.535038 0.539652 0.393647 0.533854 0.660147 0.525125 0.561852 0.580686 0.61067 0.537539
0.995238 0.404222 0.508054 0.487651 0.54977 0.471078 0.484506 0.448638 0.510608 0.429092 0.54189 0.520035 0.387643 0.539793 0.655415 0.512396 0.554581 0.582942 0.612544 0.542589
0.995756 0.401971 0.508539 0.491098 0.552971 0.473703 0.481536 0.447172 0.510216 0.429502 0.542739 0.517633 0.38985 0.542631 0.653973 0.512982 0.554986 0.583989 0.611122 0.544611
0.600764 0.508721 0.497026 0.48313 0.503247 0.493841 0.502604 0.505114 0.47848 0.509183 0.488162 0.492918 0.514093 0.491172 0.480742 0.505036 0.502406 0.495022 0.496725 0.517645
0.99914 0.394424 0.51924 0.50283 0.57017 0.478718 0.478512 0.455867 0.500281 0.427252 0.548341 0.508661 0.382037 0.546286 0.641924 0.520474 0.546532 0.580827 0.614319 0.540691
0.99793 0.388003 0.511551 0.502387 0.559042 0.479552 0.467288 0.446721 0.507661 0.430395 0.549182 0.508541 0.390993 0.542982 0.646917 0.509313 0.554692 0.581788 0.608956 0.542653
0.600764 0.508721 0.497026 0.48313 0.503247 0.493841 0.502604 0.505114 0.47848 0.509183 0.488162 0.492918 0.514093 0.491172 0.480742 0.505036 0.502406 0.495022 0.496725 0.517645
0.999369 0.395315 0.51981 0.502859 0.57037 0.478553 0.480589 0.456162 0.500642 0.427372 0.549333 0.507298 0.382344 0.547405 0.641671 0.521608 0.546545 0.581661 0.614768 0.541182
0.999274 0.39503 0.519861 0.502703 0.570224 0.478638 0.479448 0.456323 0.500323 0.426967 0.548766 0.508114 0.382112 0.546984 0.641606 0.521521 0.546631 0.581069 0.614688 0.54093
0.997155 0.393856 0.511984 0.499534 0.559301 0.478808 0.470705 0.447256 0.510376 0.429474 0.550215 0.513783 0.396621 0.541547 0.649024 0.512161 0.561098 0.582294 0.611447 0.54262
0.986967 0.422131 0.508691 0.470713 0.556974 0.430688 0.497532 0.468052 0.547969 0.42057 0.535408 0.536853 0.369567 0.544172 0.651557 0.520488 0.540434 0.578234 0.606802 0.552046
0.600764 0.508721 0.497026 0.48313 0.503247 0.493841 0.502604 0.505114 0.47848 0.509183 0.488162 0.492918 0.514093 0.491172 0.480742 0.505036 0.502406 0.495022 0.496725 0.517645
0.997636 0.3897 0.512139 0.501965 0.558764 0.480118 0.466753 0.447136 0.508818 0.429556 0.550162 0.511416 0.394367 0.541441 0.647826 0.510777 0.558817 0.581329 0.609837 0.541894
0.999911 0.395064 0.520965 0.503641 0.571249 0.477845 0.479559 0.457397 0.501506 0.426313 0.548121 0.506587 0.379762 0.547846 0.640771 0.523694 0.544316 0.580637 0.613523 0.541459
0.600764 0.508721 0.497026 0.48313 0.503247 0.493841 0.502604 0.505114 0.47848 0.509183 0.488162 0.492918 0.514093 0.491172 0.480742 0.505036 0.502406 0.495022 0.496725 0.517645
0.998743 0.390509 0.51464 0.503388 0.567157 0.479957 0.476931 0.451792 0.500604 0.430501 0.549277 0.507646 0.384103 0.544183 0.644084 0.513515 0.547344 0.582286 0.612992 0.539558
0.999668 0.395349 0.521118 0.502954 0.570516 0.478214 0.479658 0.457551 0.50041 0.426001 0.548087 0.507249 0.380109 0.547754 0.640828 0.523685 0.544984 0.580526 0.614269 0.541139
0.998704 0.391087 0.515266 0.503374 0.568381 0.479702 0.476896 0.452558 0.500369 0.430038 0.548874 0.508527 0.383601 0.544094 0.643724 0.514344 0.547073 0.581799 0.613261 0.53949
0.989183 0.418225 0.506469 0.478691 0.562291 0.446237 0.488656 0.459287 0.540844 0.422074 0.533647 0.538192 0.38392 0.542298 0.654502 0.52488 0.550826 0.580719 0.604933 0.548336
0.991667 0.415327 0.503146 0.484099 0.559318 0.467932 0.485013 0.450788 0.52268 0.423518 0.530159 0.542444 0.395685 0.537016 0.661516 0.528925 0.560626 0.583256 0.606132 0.539069
0.999208 0.395038 0.519784 0.502764 0.570571 0.478586 0.479089 0.456264 0.500474 0.426978 0.548633 0.508533 0.38227 0.546773 0.641655 0.521366 0.546778 0.580938 0.614614 0.54096
0.987127 0.42247 0.509202 0.470491 0.556109 0.431727 0.498073 0.468473 0.546008 0.420641 0.536106 0.537857 0.369743 0.541749 0.652188 0.519937 0.541632 0.577415 0.60843 0.550081
0.988045 0.421967 0.508742 0.476004 0.560719 0.438974 0.498007 0.464675 0.541965 0.423126 0.537456 0.536827 0.376343 0.541844 0.653905 0.522144 0.545287 0.580388 0.60799 0.549169
0.994166 0.407503 0.50685 0.480933 0.542387 0.470466 0.484282 0.451769 0.510292 0.423946 0.536227 0.529874 0.386441 0.536518 0.658173 0.516829 0.55665 0.580059 0.612828 0.53826
0.993621 0.409125 0.507123 0.480397 0.543546 0.469692 0.482974 0.452637 0.512326 0.422682 0.535202 0.533652 0.388001 0.534827 0.658766 0.519161 0.558871 0.578989 0.612571 0.537251
0.997041 0.394939 0.511859 0.499242 0.560118 0.478642 0.472617 0.447465 0.510077 0.429878 0.550335 0.514379 0.396614 0.541269 0.649425 0.512355 0.560976 0.582692 0.612069 0.5423
0.987896 0.421425 0.508443 0.474823 0.559733 0.437648 0.496439 0.464925 0.543442 0.422169 0.536278 0.537039 0.375367 0.542603 0.65328 0.522046 0.544633 0.579748 0.607215 0.549883
0.993142 0.412415 0.508746 0.481497 0.548464 0.467518 0.484706 0.454626 0.516136 0.422598 0.537414 0.536783 0.390788 0.532174 0.658962 0.521357 0.561811 0.57846 0.613698 0.53644
