1 1 1 0 0 1 0.75 0.25 1 0.75 0.75 0 0.37477 0.927984 1 0.0902653 1 0.935719 0 0
1 0 0.00783332 1 0.772822 0.682696 0.212962 0.17166 1 0 0.17585 0.529999 1 0.335583 1 0.803024 1 0.991853 0.632538 0
0 0 0 0 0 0 0 1 0 0 0 0 0 1 0 0 1 1 0 0
0.46287 0.499815 0 0 0 0 0 1 0 0 0 0 0 1 0 0 1 1 0 0
0.0593399 0 0 0 0 0 0 1 0 0 0 0 0 1 0 0 1 1 0 0
1 0.73893 0 0 0 0 0 1 0 0 0 0 0 1 0 0 1 1 0 0
1 0.258787 0 0 0 0 0 1 0 0 0 0 0 1 0 0 1 1 0 0
0.0598138 1 0 0 0 0 0 1 0 0 0 0 0 1 0 0 1 1 0 0
0.226476 1 0 0 0 0 0 1 0 0 0 0 0 1 0 0 1 1 0 0
0.223993 0 0 0 0 0 0 1 0 0 0 0 0 1 0 0 1 1 0 0
0.0801278 0.497777 0 0 0 0 0 1 0 0 0 0 0 1 0 0 1 1 0 0
0.603575 1 0 0 0 0 0 1 0 0 0 0 0 1 0 0 1 1 0 0
0.892529 0.500324 0 0 0 0 0 1 0 0 0 0 0 1 0 0 1 1 0 0
0.186366 0.923496 0 0 0 0 0 1 0 0 0 0 0 1 0 0 1 1 0 0
0.562741 0.816242 0 0 0 0 0 1 0 0 0 0 0 1 0 0 1 1 0 0
0.590367 0 0 0 0 0 0 1 0 0 0 0 0 1 0 0 1 1 0 0
0.183965 0.074735 0 0 0 0 0 1 0 0 0 0 0 1 0 0 1 1 0 0
0.215833 0.503812 0 0 0 0 0 1 0 0 0 0 0 1 0 0 1 1 0 0
0.558974 0.183133 0 0 0 0 0 1 0 0 0 0 0 1 0 0 1 1 0 0
0.0156853 0 0 0 0 0 0 1 0 0 0 0 0 1 0 0 1 1 0 0
0.35921 0.997674 0 0 0 0 0 1 0 0 0 0 0 1 0 0 1 1 0 0
0.0957609 1 0 0 0 0 0 1 0 0 0 0 0 1 0 0 1 1 0 0
0.143631 0 0 0 0 0 0 1 0 0 0 0 0 1 0 0 1 1 0 0
0.642776 0 0 0 0 0 0 1 0 0 0 0 0 1 0 0 1 1 0 0
0.647013 0.60854 0 0 0 0 0 1 0 0 0 0 0 1 0 0 1 1 0 0
0.406267 0.244316 0 0 0 0 0 1 0 0 0 0 0 1 0 0 1 1 0 0
0.1466 0.866828 0 0 0 0 0 1 0 0 0 0 0 1 0 0 1 1 0 0
0.0145081 1 0 0 0 0 0 1 0 0 0 0 0 1 0 0 1 1 0 0
0.362759 0 0 0 0 0 0 1 0 0 0 0 0 1 0 0 1 1 0 0
0.791882 0.136311 0 0 0 0 0 1 0 0 0 0 0 1 0 0 1 1 0 0
0.0338497 1 0 0 0 0 0 1 0 0 0 0 0 1 0 0 1 1 0 0
0.149903 0.1406 0 0 0 0 0 1 0 0 0 0 0 1 0 0 1 1 0 0
0.408833 0.750307 0 0 0 0 0 1 0 0 0 0 0 1 0 0 1 1 0 0
0.303126 0.342574 0 0 0 0 0 1 0 0 0 0 0 1 0 0 1 1 0 0
0.650404 0.385339 0 0 0 0 0 1 0 0 0 0 0 1 0 0 1 1 0 0
0.867776 0.310813 0 0 0 0 0 1 0 0 0 0 0 1 0 0 1 1 0 0
1 0.416022 0 0 0 0 0 1 0 0 0 0 0 1 0 0 1 1 0 0
0.37221 1 0 0 0 0 0 1 0 0 0 0 0 1 0 0 1 1 0 0
1 0.121467 0 0 0 0 0 1 0 0 0 0 0 1 0 0 1 1 0 0
1 0.582458 0 0 0 0 0 1 0 0 0 0 0 1 0 0 1 1 0 0
0.799746 0.860629 0 0 0 0 0 1 0 0 0 0 0 1 0 0 1 1 0 0
0.304605 0.655875 0 0 0 0 0 1 0 0 0 0 0 1 0 0 1 1 0 0
0.357213 0.00935265 0 0 0 0 0 1 0 0 0 0 0 1 0 0 1 1 0 0
0.252575 0.961957 0 0 0 0 0 1 0 0 0 0 0 1 0 0 1 1 0 0
0.114706 0.749175 0 0 0 0 0 1 0 0 0 0 0 1 0 0 1 1 0 0
0.868453 0.689649 0 0 0 0 0 1 0 0 0 0 0 1 0 0 1 1 0 0
0.0938961 0 0 0 0 0 0 1 0 0 0 0 0 1 0 0 1 1 0 0
0.116619 0.246666 0 0 0 0 0 1 0 0 0 0 0 1 0 0 1 1 0 0
0.146396 1 0 0 0 0 0 1 0 0 0 0 0 1 0 0 1 1 0 0
0.242122 0.0367028 0 0 0 0 0 1 0 0 0 0 0 1 0 0 1 1 0 0
1 0.88046 0 0 0 0 0 1 0 0 0 0 0 1 0 0 1 1 0 0
0.0341402 0 0 0 0 0 0 1 0 0 0 0 0 1 0 0 1 1 0 0
0.644243 1 0 0 0 0 0 1 0 0 0 0 0 1 0 0 1 1 0 0
1 0.0035089 0 0 0 0 0 1 0 0 0 0 0 1 0 0 1 1 0 0
1 0.992617 0 0 0 0 0 1 0 0 0 0 0 1 0 0 1 1 0 0
0.0750476 1 0 0 0 0 0 1 0 0 0 0 0 1 0 0 1 1 0 0
0.0441291 1 0 0 0 0 0 1 0 0 0 0 0 1 0 0 1 1 0 0
0.50936 0.374276 0 0 0 0 0 1 0 0 0 0 0 1 0 0 1 1 0 0
0.0140693 0.410222 0 0 0 0 0 1 0 0 0 0 0 1 0 0 1 1 0 0
0.385695 0.0738775 0 0 0 0 0 1 0 0 0 0 0 1 0 0 1 1 0 0
0.0739045 0 0 0 0 0 0 1 0 0 0 0 0 1 0 0 1 1 0 0
0.51019 0 0 0 0 0 0 1 0 0 0 0 0 1 0 0 1 1 0 0
0.734039 0.50036 0 0 0 0 0 1 0 0 0 0 0 1 0 0 1 1 0 0
0.585916 0.499736 0 0 0 0 0 1 0 0 0 0 0 1 0 0 1 1 0 0
0.296247 0 0 0 0 0 0 1 0 0 0 0 0 1 0 0 1 1 0 0
1 0.66809 0 0 0 0 0 1 0 0 0 0 0 1 0 0 1 1 0 0
0.0351156 0.925075 0 0 0 0 0 1 0 0 0 0 0 1 0 0 1 1 0 0
0.961831 0.0247804 0 0 0 0 0 1 0 0 0 0 0 1 0 0 1 1 0 0
0.240109 1 0 0 0 0 0 1 0 0 0 0 0 1 0 0 1 1 0 0
0.229878 0.325156 0 0 0 0 0 1 0 0 0 0 0 1 0 0 1 1 0 0
0.596526 0.951649 0 0 0 0 0 1 0 0 0 0 0 1 0 0 1 1 0 0
0.112312 0.973971 0 0 0 0 0 1 0 0 0 0 0 1 0 0 1 1 0 0
0.962664 0.591874 0 0 0 0 0 1 0 0 0 0 0 1 0 0 1 1 0 0
0.219733 0.819885 0 0 0 0 0 1 0 0 0 0 0 1 0 0 1 1 0 0
0.511059 0.622489 0 0 0 0 0 1 0 0 0 0 0 1 0 0 1 1 0 0
0.215675 0.180722 0 0 0 0 0 1 0 0 0 0 0 1 0 0 1 1 0 0
0.296493 1 0 0 0 0 0 1 0 0 0 0 0 1 0 0 1 1 0 0
0.408594 0.846359 0 0 0 0 0 1 0 0 0 0 0 1 0 0 1 1 0 0
0.227734 0.679317 0 0 0 0 0 1 0 0 0 0 0 1 0 0 1 1 0 0
0.167991 0.29904 0 0 0 0 0 1 0 0 0 0 0 1 0 0 1 1 0 0
1 0.498534 0 0 0 0 0 1 0 0 0 0 0 1 0 0 1 1 0 0
0.804581 0.394323 0 0 0 0 0 1 0 0 0 0 0 1 0 0 1 1 0 0
0.697906 0.291444 0 0 0 0 0 1 0 0 0 0 0 1 0 0 1 1 0 0
0.395573 0.363911 0 0 0 0 0 1 0 0 0 0 0 1 0 0 1 1 0 0
0.395284 0.633435 0 0 0 0 0 1 0 0 0 0 0 1 0 0 1 1 0 0
0.146355 0 0 0 0 0 0 1 0 0 0 0 0 1 0 0 1 1 0 0
1 0.329132 0 0 0 0 0 1 0 0 0 0 0 1 0 0 1 1 0 0
0.0866241 0.931136 0 0 0 0 0 1 0 0 0 0 0 1 0 0 1 1 0 0
0.185335 1 0 0 0 0 0 1 0 0 0 0 0 1 0 0 1 1 0 0
0.0758519 0.811072 0 0 0 0 0 1 0 0 0 0 0 1 0 0 1 1 0 0
0.301036 0.208676 0 0 0 0 0 1 0 0 0 0 0 1 0 0 1 1 0 0
0.583898 0.896301 0 0 0 0 0 1 0 0 0 0 0 1 0 0 1 1 0 0
0.406246 0 0 0 0 0 0 1 0 0 0 0 0 1 0 0 1 1 0 0
0.966788 0.413397 0 0 0 0 0 1 0 0 0 0 0 1 0 0 1 1 0 0
0.541153 0.728737 0 0 0 0 0 1 0 0 0 0 0 1 0 0 1 1 0 0
0.537604 0.271362 0 0 0 0 0 1 0 0 0 0 0 1 0 0 1 1 0 0
1 0.174783 0 0 0 0 0 1 0 0 0 0 0 1 0 0 1 1 0 0
0.304069 0.778755 0 0 0 0 0 1 0 0 0 0 0 1 0 0 1 1 0 0
0.742238 0.202221 0 0 0 0 0 1 0 0 0 0 0 1 0 0 1 1 0 0
0.74765 0 0 0 0 0 0 1 0 0 0 0 0 1 0 0 1 1 0 0
0.933888 0.223788 0 0 0 0 0 1 0 0 0 0 0 1 0 0 1 1 0 0
0.696474 0.706627 0 0 0 0 0 1 0 0 0 0 0 1 0 0 1 1 0 0
0.80347 0.599808 0 0 0 0 0 1 0 0 0 0 0 1 0 0 1 1 0 0
0.398121 0.926924 0 0 0 0 0 1 0 0 0 0 0 1 0 0 1 1 0 0
0.148237 1 0 0 0 0 0 1 0 0 0 0 0 1 0 0 1 1 0 0
0.284211 0.493069 0 0 0 0 0 1 0 0 0 0 0 1 0 0 1 1 0 0
0.113428 0.0258861 0 0 0 0 0 1 0 0 0 0 0 1 0 0 1 1 0 0
0.408245 1 0 0 0 0 0 1 0 0 0 0 0 1 0 0 1 1 0 0
0.157491 0.501254 0 0 0 0 0 1 0 0 0 0 0 1 0 0 1 1 0 0
0.0866422 0.0703046 0 0 0 0 0 1 0 0 0 0 0 1 0 0 1 1 0 0
0.927407 1 0 0 0 0 0 1 0 0 0 0 0 1 0 0 1 1 0 0
0.282039 0.880543 0 0 0 0 0 1 0 0 0 0 0 1 0 0 1 1 0 0
0.0365195 0.0857992 0 0 0 0 0 1 0 0 0 0 0 1 0 0 1 1 0 0
1 0.82219 0 0 0 0 0 1 0 0 0 0 0 1 0 0 1 1 0 0
0.115906 0 0 0 0 0 0 1 0 0 0 0 0 1 0 0 1 1 0 0
0.398882 0.150015 0 0 0 0 0 1 0 0 0 0 0 1 0 0 1 1 0 0
0.852872 0.0652825 0 0 0 0 0 1 0 0 0 0 0 1 0 0 1 1 0 0
0.279741 0.115166 0 0 0 0 0 1 0 0 0 0 0 1 0 0 1 1 0 0
0.749963 0.784063 0 0 0 0 0 1 0 0 0 0 0 1 0 0 1 1 0 0
0.168627 0.705449 0 0 0 0 0 1 0 0 0 0 0 1 0 0 1 1 0 0
0.575524 0.108346 0 0 0 0 0 1 0 0 0 0 0 1 0 0 1 1 0 0
0.118913 1 0 0 0 0 0 1 0 0 0 0 0 1 0 0 1 1 0 0
0.183608 0 0 0 0 0 0 1 0 0 0 0 0 1 0 0 1 1 0 0
0.358259 0.502839 0 0 0 0 0 1 0 0 0 0 0 1 0 0 1 1 0 0
0.0493025 0.474974 0 0 0 0 0 1 0 0 0 0 0 1 0 0 1 1 0 0
0.938173 0.756496 0 0 0 0 0 1 0 0 0 0 0 1 0 0 1 1 0 0
0.0434388 0 0 0 0 0 0 1 0 0 0 0 0 1 0 0 1 1 0 0
0.868754 0.935789 0 0 0 0 0 1 0 0 0 0 0 1 0 0 1 1 0 0
0.522053 1 0 0 0 0 0 1 0 0 0 0 0 1 0 0 1 1 0 0
0.915093 0 0 0 0 0 0 1 0 0 0 0 0 1 0 0 1 1 0 0
0.236831 0 0 0 0 0 0 1 0 0 0 0 0 1 0 0 1 1 0 0
0.117283 0.517639 0 0 0 0 0 1 0 0 0 0 0 1 0 0 1 1 0 0
0.59608 0.0148339 0 0 0 0 0 1 0 0 0 0 0 1 0 0 1 1 0 0
0.0760441 0.206567 0 0 0 0 0 1 0 0 0 0 0 1 0 0 1 1 0 0
0.749681 1 0 0 0 0 0 1 0 0 0 0 0 1 0 0 1 1 0 0
0.957617 0.954674 0 0 0 0 0 1 0 0 0 0 0 1 0 0 1 1 0 0
0.00529914 1 0 0 0 0 0 1 0 0 0 0 0 1 0 0 1 1 0 0
0.167269 0 0 0 0 0 0 1 0 0 0 0 0 1 0 0 1 1 0 0
0.0218846 0 0 0 0 0 0 1 0 0 0 0 0 1 0 0 1 1 0 0
0.418869 0 0 0 0 0 0 1 0 0 0 0 0 1 0 0 1 1 0 0
0.30709 1 0 0 0 0 0 1 0 0 0 0 0 1 0 0 1 1 0 0
0.507938 0.110391 0 0 0 0 0 1 0 0 0 0 0 1 0 0 1 1 0 0
0.450443 1 0 0 0 0 0 1 0 0 0 0 0 1 0 0 1 1 0 0
0.126107 0.199255 0 0 0 0 0 1 0 0 0 0 0 1 0 0 1 1 0 0
0.0701757 1 0 0 0 0 0 1 0 0 0 0 0 1 0 0 1 1 0 0
0.124122 0.804448 0 0 0 0 0 1 0 0 0 0 0 1 0 0 1 1 0 0
0.284033 0.970439 0 0 0 0 0 1 0 0 0 0 0 1 0 0 1 1 0 0
0.446291 0.940579 0 0 0 0 0 1 0 0 0 0 0 1 0 0 1 1 0 0
0.050451 1 0 0 0 0 0 1 0 0 0 0 0 1 0 0 1 1 0 0
0.0971046 0.0613162 0 0 0 0 0 1 0 0 0 0 0 1 0 0 1 1 0 0
0.65756 0.463514 0 0 0 0 0 1 0 0 0 0 0 1 0 0 1 1 0 0
0.30818 0.0187053 0 0 0 0 0 1 0 0 0 0 0 1 0 0 1 1 0 0
0.266828 0 0 0 0 0 0 1 0 0 0 0 0 1 0 0 1 1 0 0
0.174792 0.904811 0 0 0 0 0 1 0 0 0 0 0 1 0 0 1 1 0 0
0.244484 0.555309 0 0 0 0 0 1 0 0 0 0 0 1 0 0 1 1 0 0
0.568295 0.343392 0 0 0 0 0 1 0 0 0 0 0 1 0 0 1 1 0 0
0.452508 0.134779 0 0 0 0 0 1 0 0 0 0 0 1 0 0 1 1 0 0
1 0.555741 0 0 0 0 0 1 0 0 0 0 0 1 0 0 1 1 0 0
0.420576 1 0 0 0 0 0 1 0 0 0 0 0 1 0 0 1 1 0 0
0.0419096 1 0 0 0 0 0 1 0 0 0 0 0 1 0 0 1 1 0 0
0.333363 0.692197 0 0 0 0 0 1 0 0 0 0 0 1 0 0 1 1 0 0
0.250943 0.281906 0 0 0 0 0 1 0 0 0 0 0 1 0 0 1 1 0 0
0.118511 0.994947 0 0 0 0 0 1 0 0 0 0 0 1 0 0 1 1 0 0
0.0637629 0.772972 0 0 0 0 0 1 0 0 0 0 0 1 0 0 1 1 0 0
0.0789495 0 0 0 0 0 0 1 0 0 0 0 0 1 0 0 1 1 0 0
0.522118 0.456922 0 0 0 0 0 1 0 0 0 0 0 1 0 0 1 1 0 0
1 0 0 0.0947935 0.0276274 0.0574397 0 1 0.818614 0 0 0 0.0966978 1 0 0.0354519 1 1 0 0
0.718978 0.639033 0 0 0 0 0 1 0 0 0 0 0 1 0 0 1 1 0 0
0.116618 0.00715481 0 0 0 0 0 1 0 0 0 0 0 1 0 0 1 1 0 0
0.439396 0.324429 0 0 0 0 0 1 0 0 0 0 0 1 0 0 1 1 0 0
0.656807 0.899251 0 0 0 0 0 1 0 0 0 0 0 1 0 0 1 1 0 0
0.888381 0.435123 0 0 0 0 0 1 0 0 0 0 0 1 0 0 1 1 0 0
0.0405017 0.985106 0 0 0 0 0 1 0 0 0 0 0 1 0 0 1 1 0 0
0.884257 0.125355 0 0 0 0 0 1 0 0 0 0 0 1 0 0 1 1 0 0
0.136832 0.346542 0 0 0 0 0 1 0 0 0 0 0 1 0 0 1 1 0 0
1 0.166546 0 0 0 0 0 1 0 0 0 0 0 1 0 0 1 1 0 0
0.335289 0.304283 0 0 0 0 0 1 0 0 0 0 0 1 0 0 1 1 0 0
0.371098 0.721252 0 0 0 0 0 1 0 0 0 0 0 1 0 0 1 1 0 0
0.800112 0.0297488 0 0 0 0 0 1 0 0 0 0 0 1 0 0 1 1 0 0
0.600815 0.749289 0 0 0 0 0 1 0 0 0 0 0 1 0 0 1 1 0 0
1 0.276392 0 0 0 0 0 1 0 0 0 0 0 1 0 0 1 1 0 0
0.135013 0 0 0 0 0 0 1 0 0 0 0 0 1 0 0 1 1 0 0
0.81121 0.467741 0 0 0 0 0 1 0 0 0 0 0 1 0 0 1 1 0 0
0.582428 0.421579 0 0 0 0 0 1 0 0 0 0 0 1 0 0 1 1 0 0
0.407406 0.452297 0 0 0 0 0 1 0 0 0 0 0 1 0 0 1 1 0 0
0.828404 0.803849 0 0 0 0 0 1 0 0 0 0 0 1 0 0 1 1 0 0
0.916114 0.178824 0 0 0 0 0 1 0 0 0 0 0 1 0 0 1 1 0 0
0.0864061 0 0 0 0 0 0 1 0 0 0 0 0 1 0 0 1 1 0 0
1 0.769402 0 0 0 0 0 1 0 0 0 0 0 1 0 0 1 1 0 0
0.458623 0.58913 0 0 0 0 0 1 0 0 0 0 0 1 0 0 1 1 0 0
0.101798 0.965836 0 0 0 0 0 1 0 0 0 0 0 1 0 0 1 1 0 0
0.353651 0.912728 0 0 0 0 0 1 0 0 0 0 0 1 0 0 1 1 0 0
0.31766 0.982969 0 0 0 0 0 1 0 0 0 0 0 1 0 0 1 1 0 0
0.0316969 0.714816 0 0 0 0 0 1 0 0 0 0 0 1 0 0 1 1 0 0
1 0.612403 0 0 0 0 0 1 0 0 0 0 0 1 0 0 1 1 0 0
0.775713 0.271253 0 0 0 0 0 1 0 0 0 0 0 1 0 0 1 1 0 0
0.36356 0.828 0 0 0 0 0 1 0 0 0 0 0 1 0 0 1 1 0 0
0.458845 0.410416 0 0 0 0 0 1 0 0 0 0 0 1 0 0 1 1 0 0
0.250593 0.717211 0 0 0 0 0 1 0 0 0 0 0 1 0 0 1 1 0 0
0.959839 0.350372 0 0 0 0 0 1 0 0 0 0 0 1 0 0 1 1 0 0
1 0.47008 0 0 0 0 0 1 0 0 0 0 0 1 0 0 1 1 0 0
0.889299 0.55979 0 0 0 0 0 1 0 0 0 0 0 1 0 0 1 1 0 0
0.260277 0.866513 0 0 0 0 0 1 0 0 0 0 0 1 0 0 1 1 0 0
0.157283 0 0 0 0 0 0 1 0 0 0 0 0 1 0 0 1 1 0 0
0.352067 0.404476 0 0 0 0 0 1 0 0 0 0 0 1 0 0 1 1 0 0
0.172474 1 0 0 0 0 0 1 0 0 0 0 0 1 0 0 1 1 0 0
0.73107 0.428918 0 0 0 0 0 1 0 0 0 0 0 1 0 0 1 1 0 0
0.275588 0.0275861 0 0 0 0 0 1 0 0 0 0 0 1 0 0 1 1 0 0
0.521963 0.544826 0 0 0 0 0 1 0 0 0 0 0 1 0 0 1 1 0 0
0.487796 0.704772 0 0 0 0 0 1 0 0 0 0 0 1 0 0 1 1 0 0
0.158074 0.115338 0 0 0 0 0 1 0 0 0 0 0 1 0 0 1 1 0 0
0.583293 0.576422 0 0 0 0 0 1 0 0 0 0 0 1 0 0 1 1 0 0
0.767564 0.904574 0 0 0 0 0 1 0 0 0 0 0 1 0 0 1 1 0 0
0.666343 0.226911 0 0 0 0 0 1 0 0 0 0 0 1 0 0 1 1 0 0
0.193383 0 0 0 0 0 0 1 0 0 0 0 0 1 0 0 1 1 0 0
0.45293 0.221581 0 0 0 0 0 1 0 0 0 0 0 1 0 0 1 1 0 0
0.198596 0.792019 0 0 0 0 0 1 0 0 0 0 0 1 0 0 1 1 0 0
0.455228 0.779288 0 0 0 0 0 1 0 0 0 0 0 1 0 0 1 1 0 0
0.183864 0.749334 0 0 0 0 0 1 0 0 0 0 0 1 0 0 1 1 0 0
0.566137 0.651938 0 0 0 0 0 1 0 0 0 0 0 1 0 0 1 1 0 0
0.629702 0.315994 0 0 0 0 0 1 0 0 0 0 0 1 0 0 1 1 0 0
0.630357 0.154915 0 0 0 0 0 1 0 0 0 0 0 1 0 0 1 1 0 0
0.973736 0.476422 0 0 0 0 0 1 0 0 0 0 0 1 0 0 1 1 0 0
0.0409946 0.0516417 0 0 0 0 0 1 0 0 0 0 0 1 0 0 1 1 0 0
0.915093 0 0 0 0 0 0 1 0 0 0 0 0 1 0 0 1 1 0 0
0.185149 0.257239 0 0 0 0 0 1 0 0 0 0 0 1 0 0 1 1 0 0
0.0631676 0 0 0 0 0 0 1 0 0 0 0 0 1 0 0 1 1 0 0
0.202696 1 0 0 0 0 0 1 0 0 0 0 0 1 0 0 1 1 0 0
0.173172 1 0 0 0 0 0 1 0 0 0 0 0 1 0 0 1 1 0 0
0.486548 0.295433 0 0 0 0 0 1 0 0 0 0 0 1 0 0 1 1 0 0
0.350837 0 0 0 0 0 0 1 0 0 0 0 0 1 0 0 1 1 0 0
0.672157 0.789177 0 0 0 0 0 1 0 0 0 0 0 1 0 0 1 1 0 0
0.524976 0 0 0 0 0 0 1 0 0 0 0 0 1 0 0 1 1 0 0
0.0502131 0 0 0 0 0 0 1 0 0 0 0 0 1 0 0 1 1 0 0
0.125429 0 0 0 0 0 0 1 0 0 0 0 0 1 0 0 1 1 0 0
0.656845 0.53507 0 0 0 0 0 1 0 0 0 0 0 1 0 0 1 1 0 0
0.234621 0.15136 0 0 0 0 0 1 0 0 0 0 0 1 0 0 1 1 0 0
0.19771 0.212068 0 0 0 0 0 1 0 0 0 0 0 1 0 0 1 1 0 0
0.0816813 1 0 0 0 0 0 1 0 0 0 0 0 1 0 0 1 1 0 0
0.202127 0.0580284 0 0 0 0 0 1 0 0 0 0 0 1 0 0 1 1 0 0
0.730424 0.574577 0 0 0 0 0 1 0 0 0 0 0 1 0 0 1 1 0 0
1 0.222849 0 0 0 0 0 1 0 0 0 0 0 1 0 0 1 1 0 0
0.219727 0.0437188 0 0 0 0 0 1 0 0 0 0 0 1 0 0 1 1 0 0
1 0.687309 0 0 0 0 0 1 0 0 0 0 0 1 0 0 1 1 0 0
0.691733 0.958452 0 0 0 0 0 1 0 0 0 0 0 1 0 0 1 1 0 0
0.823988 0.193373 0 0 0 0 0 1 0 0 0 0 0 1 0 0 1 1 0 0
0.102703 1 0 0 0 0 0 1 0 0 0 0 0 1 0 0 1 1 0 0
0.251541 0 0 0 0 0 0 1 0 0 0 0 0 1 0 0 1 1 0 0
0.226053 0.949492 0 0 0 0 0 1 0 0 0 0 0 1 0 0 1 1 0 0
0.977788 0 0 0 0 0 0 1 0 0 0 0 0 1 0 0 1 1 0 0
0.160711 0.887063 0 0 0 0 0 1 0 0 0 0 0 1 0 0 1 1 0 0
1 1 1 0 0 1 0 1 1 0 0 0 0.0734609 1 0.498161 0 1 1 0 0
0.881432 0.372098 0 0 0 0 0 1 0 0 0 0 0 1 0 0 1 1 0 0
0.880392 0.627739 0 0 0 0 0 1 0 0 0 0 0 1 0 0 1 1 0 0
0.283153 1 0 0 0 0 0 1 0 0 0 0 0 1 0 0 1 1 0 0
0.0594125 0.644494 0 0 0 0 0 1 0 0 0 0 0 1 0 0 1 1 0 0
0.178516 0.435294 0 0 0 0 0 1 0 0 0 0 0 1 0 0 1 1 0 0
0.333814 0.803378 0 0 0 0 0 1 0 0 0 0 0 1 0 0 1 1 0 0
0.337776 0.087434 0 0 0 0 0 1 0 0 0 0 0 1 0 0 1 1 0 0
0.273276 0.246106 0 0 0 0 0 1 0 0 0 0 0 1 0 0 1 1 0 0
0.124567 0 0 0 0 0 0 1 0 0 0 0 0 1 0 0 1 1 0 0
0.504693 0.947512 0 0 0 0 0 1 0 0 0 0 0 1 0 0 1 1 0 0
0.027528 0.228391 0 0 0 0 0 1 0 0 0 0 0 1 0 0 1 1 0 0
0.915093 0 0 0 0 0 0 1 0 0 0 0 0 1 0 0 1 1 0 0
0.327534 0.189988 0 0 0 0 0 1 0 0 0 0 0 1 0 0 1 1 0 0
0.215525 1 0 0 0 0 0 1 0 0 0 0 0 1 0 0 1 1 0 0
0.0209286 1 0 0 0 0 0 1 0 0 0 0 0 1 0 0 1 1 0 0
0.44154 0.669103 0 0 0 0 0 1 0 0 0 0 0 1 0 0 1 1 0 0
1 0.38359 0 0 0 0 0 1 0 0 0 0 0 1 0 0 1 1 0 0
0.0924281 0.959013 0 0 0 0 0 1 0 0 0 0 0 1 0 0 1 1 0 0
0.598471 0.249059 0 0 0 0 0 1 0 0 0 0 0 1 0 0 1 1 0 0
0.131533 0.414673 0 0 0 0 0 1 0 0 0 0 0 1 0 0 1 1 0 0
0.080286 0.906109 0 0 0 0 0 1 0 0 0 0 0 1 0 0 1 1 0 0
0.790147 0.332788 0 0 0 0 0 1 0 0 0 0 0 1 0 0 1 1 0 0
0.369432 0.274582 0 0 0 0 0 1 0 0 0 0 0 1 0 0 1 1 0 0
0.456896 0.867546 0 0 0 0 0 1 0 0 0 0 0 1 0 0 1 1 0 0
0.431805 1 0 0 0 0 0 1 0 0 0 0 0 1 0 0 1 1 0 0
0.355495 0.600914 0 0 0 0 0 1 0 0 0 0 0 1 0 0 1 1 0 0
0.41065 0.545067 0 0 0 0 0 1 0 0 0 0 0 1 0 0 1 1 0 0
0.171077 0.0927596 0 0 0 0 0 1 0 0 0 0 0 1 0 0 1 1 0 0
0.420157 0.00935265 0 0 0 0 0 1 0 0 0 0 0 1 0 0 1 1 0 0
0.0842222 0.0994695 0 0 0 0 0 1 0 0 0 0 0 1 0 0 1 1 0 0
0.137646 1 0 0 0 0 0 1 0 0 0 0 0 1 0 0 1 1 0 0
0.632339 0.829118 0 0 0 0 0 1 0 0 0 0 0 1 0 0 1 1 0 0
0.0639169 0.250561 0 0 0 0 0 1 0 0 0 0 0 1 0 0 1 1 0 0
0.0877514 1 0 0 0 0 0 1 0 0 0 0 0 1 0 0 1 1 0 0
0.496094 1 0 0 0 0 0 1 0 0 0 0 0 1 0 0 1 1 0 0
0.362611 0.16904 0 0 0 0 0 1 0 0 0 0 0 1 0 0 1 1 0 0
0.207802 0.630349 0 0 0 0 0 1 0 0 0 0 0 1 0 0 1 1 0 0
0.205057 0.936479 0 0 0 0 0 1 0 0 0 0 0 1 0 0 1 1 0 0
0.264864 0.388302 0 0 0 0 0 1 0 0 0 0 0 1 0 0 1 1 0 0
1 0.868901 0 0 0 0 0 1 0 0 0 0 0 1 0 0 1 1 0 0
0.274077 0.60611 0 0 0 0 0 1 0 0 0 0 0 1 0 0 1 1 0 0
0.513332 0.883429 0 0 0 0 0 1 0 0 0 0 0 1 0 0 1 1 0 0
1 0.527012 0 0 0 0 0 1 0 0 0 0 0 1 0 0 1 1 0 0
0.793048 0.664737 0 0 0 0 0 1 0 0 0 0 0 1 0 0 1 1 0 0
0.756532 1 0 0 0 0 0 1 0 0 0 0 0 1 0 0 1 1 0 0
0.808821 0.536013 0 0 0 0 0 1 0 0 0 0 0 1 0 0 1 1 0 0
0.143999 0.651399 0 0 0 0 0 1 0 0 0 0 0 1 0 0 1 1 0 0
0.970097 0.525243 0 0 0 0 0 1 0 0 0 0 0 1 0 0 1 1 0 0
