1 1 1 1 0.390133 0.462077 0.749777 0.67727 1 0.743318 0.312382 0.948977 0.795221 1 0.8347 0.829988 0.457439 0.874296 0.0357706 0.871982
0 0 0 0 1 0 0.0792809 0 0.527631 0.731807 1 0.751347 1 0.376707 0.703563 0 0.512412 0.212155 0 0.880718
1 0 0 0.19954 0.784977 0.268412 1 0.242665 0.256017 0.524038 0.368742 0.724264 0.605037 0.12564 0 1 0.539502 0 0 0
0.923707 0 0.370972 0.37602 1 0.44471 0.930834 0 0.57709 0.25255 0.0558883 0.725787 0.309684 0 0.223441 0.961187 0.542764 0.288679 0.208526 0
0 1 0.358241 0.659724 0.392443 1 0.58604 1 0.340545 0.129026 0.290289 0.282746 0.211577 0.688804 0.167404 0.18276 0.287312 0.860798 0.666978 0.0287662
0.315776 0.273819 0.407665 0.516797 0.450978 0.498191 0.480729 0.482388 0.539644 0.489013 0.502789 0.524585 0.500469 0.468862 0.532735 0.469323 0.513172 0.473247 0.446266 0.479269
0.609628 0.00471966 0 0.446037 0.49886 0.53123 0.498088 0.51733 0.532971 0.483685 0.515526 0.480059 0.502221 0.507222 0.479988 0.495286 0.480853 0.461245 0.483032 0.493053
0.00173643 0.491156 0.00121618 0.169352 0.493377 0.537286 0.493059 0.486848 0.539263 0.502928 0.517172 0.49323 0.486603 0.474409 0.45405 0.495978 0.481154 0.495348 0.521748 0.500278
0.000965341 0.918283 1 0.282822 0.45698 0.492604 0.481621 0.493821 0.513885 0.505367 0.482382 0.508762 0.479137 0.486747 0.469806 0.528165 0.468958 0.495596 0.475236 0.486792
0.418174 1 0.710955 0.149709 0.502792 0.5068 0.486431 0.500846 0.497906 0.503558 0.482218 0.512409 0.511371 0.494845 0.457133 0.525301 0.499406 0.506059 0.499937 0.487101
1 0.598491 1 0.134775 0.500049 0.508706 0.497903 0.501794 0.503275 0.501007 0.500171 0.498563 0.488579 0.500629 0.496416 0.490129 0.49826 0.501457 0.505761 0.499382
0.00146911 0 0.119554 0 0.497988 0.504954 0.500318 0.496177 0.513407 0.501121 0.495699 0.500101 0.502527 0.50524 0.480622 0.500259 0.488818 0.49385 0.500015 0.507349
0.000561509 0.155739 0.265927 0 0.472687 0.529483 0.469554 0.46598 0.517151 0.533722 0.526058 0.515753 0.534427 0.450933 0.53546 0.474766 0.490215 0.506947 0.473724 0.477641
0 0 1 0 0.493006 0.496548 0.501929 0.490463 0.511662 0.506749 0.494626 0.502168 0.49389 0.50023 0.493794 0.496688 0.501802 0.510605 0.489606 0.498321
0 0.860507 1 0.383303 0.486937 0.475037 0.508263 0.485712 0.516504 0.489721 0.507246 0.49465 0.48743 0.509142 0.493349 0.49416 0.524591 0.512089 0.497669 0.499496
0.237781 0.00249752 0.216226 0.000964585 0.515308 0.509094 0.460503 0.49206 0.517724 0.49783 0.542673 0.498306 0.568672 0.439332 0.517414 0.4017 0.557308 0.456939 0.43743 0.552901
0.243478 0 0.018708 0.999978 0.463874 0.48887 0.484377 0.486028 0.523928 0.506854 0.536227 0.46623 0.510305 0.506973 0.51292 0.500937 0.508193 0.50827 0.499482 0.509915
0.0304089 0 1 0 0.502263 0.489384 0.50803 0.50206 0.503036 0.499908 0.497172 0.505675 0.489585 0.501205 0.487217 0.483922 0.508698 0.509382 0.4955 0.504952
0 0 0.147456 0 0.496447 0.50709 0.501671 0.528325 0.512684 0.513425 0.513728 0.486267 0.521618 0.519767 0.475677 0.489989 0.500812 0.492305 0.489766 0.488411
0.0553876 0.435783 0.0175594 0.244696 0.507774 0.530968 0.459247 0.497575 0.525358 0.499579 0.508735 0.513013 0.450849 0.491295 0.486154 0.463605 0.469867 0.503356 0.467901 0.546086
0.000126768 0.356581 0.0852566 1 0.445447 0.490951 0.458072 0.519103 0.565324 0.547739 0.538688 0.497337 0.50906 0.511478 0.539121 0.519618 0.513838 0.502766 0.484006 0.505543
0 0.456063 0.000971108 0 0.506504 0.518611 0.465981 0.490626 0.534423 0.508218 0.489113 0.476085 0.494847 0.471378 0.482939 0.502685 0.461587 0.460718 0.475771 0.491035
0 0 0 0.0383968 0.498384 0.487585 0.485809 0.497752 0.519547 0.477182 0.512366 0.49739 0.513185 0.502737 0.493677 0.502794 0.499716 0.499562 0.488669 0.505629
0.381229 0.000600589 0 0.000458971 0.498606 0.480615 0.475825 0.486793 0.509306 0.504525 0.504778 0.487622 0.517013 0.497981 0.489137 0.499086 0.502997 0.50021 0.527563 0.507277
0 0 0 1 0.508733 0.505209 0.500463 0.50117 0.52846 0.515161 0.506474 0.469889 0.507246 0.48923 0.502789 0.496148 0.504804 0.509659 0.495638 0.505176
1 0.598491 1 0.134775 0.500049 0.508706 0.497903 0.501794 0.503275 0.501007 0.500171 0.498563 0.488579 0.500629 0.496416 0.490129 0.49826 0.501457 0.505761 0.499382
0.880258 0 0 1 0.446893 0.489827 0.48048 0.498735 0.524134 0.516335 0.516877 0.50097 0.528745 0.480783 0.498206 0.510435 0.534135 0.498041 0.489886 0.519671
0 0.788101 1 0.258982 0.476072 0.471088 0.502088 0.482406 0.521362 0.500224 0.501611 0.501626 0.492048 0.50402 0.496999 0.483724 0.513555 0.499165 0.487859 0.498245
0.00114099 0.000967267 0.383458 0.963696 0.436253 0.508934 0.503266 0.500465 0.52802 0.544683 0.502861 0.494512 0.495945 0.493081 0.506379 0.48805 0.522033 0.545991 0.531444 0.514604
0.00139951 0.000469083 1 0 0.498425 0.502244 0.507924 0.490209 0.50325 0.499958 0.494782 0.510685 0.494283 0.504991 0.493595 0.499616 0.50555 0.506649 0.491187 0.503251
0.00476511 0.000469405 0.215828 0 0.507213 0.494921 0.508755 0.488577 0.507888 0.510524 0.495218 0.495172 0.491996 0.514767 0.491514 0.520613 0.500224 0.511412 0.515664 0.498364
0.28303 1 0.593901 0.417096 0.495917 0.501093 0.507319 0.507143 0.503773 0.526082 0.494116 0.484779 0.505279 0.499966 0.48622 0.516205 0.500204 0.506131 0.520892 0.507743
0.359872 1 0.685106 0.137327 0.483819 0.487415 0.481179 0.508755 0.459293 0.515831 0.524058 0.517199 0.517384 0.493979 0.479498 0.492021 0.529195 0.495646 0.530743 0.522963
0.95736 0.114046 0.121433 0.393041 0.485399 0.48678 0.485992 0.48648 0.503593 0.506606 0.49833 0.496749 0.502187 0.489686 0.490253 0.506164 0.512901 0.504193 0.512655 0.506049
0 0 0.301138 0.898944 0.49447 0.484934 0.512731 0.534049 0.545281 0.520706 0.511193 0.444187 0.490187 0.540218 0.456295 0.525791 0.504363 0.501902 0.49823 0.508593
0 0 1 0 0.493006 0.496548 0.501929 0.490463 0.511662 0.506749 0.494626 0.502168 0.49389 0.50023 0.493794 0.496688 0.501802 0.510605 0.489606 0.498321
0.0212882 0.042518 0.999347 0 0.489856 0.497836 0.515353 0.49344 0.516477 0.510738 0.487145 0.514037 0.485138 0.490478 0.483318 0.483723 0.505701 0.503521 0.491059 0.512639
0.0621158 0.12064 0.102964 0.0163943 0.48503 0.505246 0.482435 0.498502 0.526702 0.535177 0.523435 0.50909 0.477965 0.493398 0.510115 0.502927 0.467906 0.466486 0.451315 0.475174
0.00255088 0.993489 0.630282 0.108534 0.497067 0.502939 0.50542 0.500405 0.508761 0.503663 0.499553 0.494046 0.502111 0.499429 0.488606 0.507736 0.495127 0.500395 0.498406 0.49881
0 0 0.80722 0.999967 0.500016 0.44675 0.517473 0.501043 0.516006 0.504724 0.512323 0.49444 0.508448 0.499225 0.461521 0.498177 0.507183 0.54277 0.5189 0.530818
0 0 0 0.0285451 0.505722 0.491407 0.498551 0.491478 0.511343 0.488265 0.498571 0.49483 0.510121 0.487872 0.496704 0.501998 0.50117 0.500944 0.503018 0.506865
0.49031 0.0459722 0.000937857 0.00264063 0.497755 0.499269 0.502475 0.496278 0.518264 0.528807 0.485653 0.503751 0.535986 0.498904 0.462962 0.494316 0.522475 0.512374 0.513925 0.507893
0.0829433 0.00115695 0.0737896 0.0580662 0.507638 0.512324 0.511484 0.5134 0.533479 0.518969 0.503081 0.495528 0.489433 0.494669 0.476763 0.495387 0.511462 0.494613 0.506753 0.499338
0.30433 0 0.300431 1 0.478658 0.532498 0.587281 0.441797 0.567828 0.444193 0.53141 0.452201 0.455405 0.52725 0.513647 0.433481 0.531388 0.498431 0.530046 0.493529
0.48128 0.247879 0.897118 0.155772 0.500348 0.496228 0.495831 0.497061 0.494696 0.49428 0.497449 0.506781 0.490664 0.501534 0.486126 0.498316 0.513527 0.508065 0.496509 0.494056
0.080934 0 0.000259605 0.978173 0.48722 0.472166 0.477511 0.494601 0.537971 0.510824 0.513867 0.473555 0.510145 0.474938 0.498672 0.509809 0.507542 0.502072 0.498444 0.504712
0.10255 0.830837 0.357638 0.781173 0.454542 0.488859 0.509963 0.464863 0.539628 0.516661 0.487246 0.480258 0.457755 0.510074 0.500331 0.496799 0.483184 0.515411 0.521498 0.516254
0.513633 0 0.0530887 0.826431 0.422833 0.521408 0.489733 0.492069 0.531944 0.531364 0.510376 0.506893 0.523741 0.489782 0.508469 0.515014 0.519639 0.503383 0.502303 0.526072
0.00295778 0.0062964 0.00127277 0.0571365 0.495314 0.490469 0.496672 0.49385 0.517154 0.500765 0.503721 0.491192 0.504541 0.493982 0.491006 0.500794 0.500515 0.496553 0.500778 0.496837
0.657115 0.0708919 0.57739 0.201786 0.489351 0.50499 0.494675 0.479506 0.505588 0.483237 0.500801 0.514079 0.502922 0.490691 0.491318 0.494446 0.508278 0.506119 0.486537 0.497858
0.083769 1 0.805889 0 0.496111 0.510199 0.513315 0.491636 0.496728 0.50233 0.486606 0.503465 0.492978 0.499343 0.482414 0.523051 0.503957 0.511989 0.502821 0.487202
0.0460558 0.927118 0.222358 0.468065 0.49169 0.530322 0.486523 0.48917 0.519852 0.513223 0.503419 0.500141 0.471237 0.500273 0.484203 0.492205 0.489731 0.507779 0.492412 0.525039
0 0.00127781 0.00128278 1.95732e-05 0.503282 0.498413 0.502529 0.494738 0.506361 0.502278 0.494575 0.495111 0.50078 0.498454 0.493757 0.509376 0.50039 0.496225 0.501892 0.500849
0 0 0.711305 0 0.504535 0.489638 0.511661 0.499084 0.504414 0.507387 0.4947 0.502047 0.503865 0.504517 0.485213 0.482724 0.516483 0.514922 0.49651 0.510633
0.960428 0.89765 0.917675 0.320873 0.497792 0.509469 0.497508 0.498912 0.493807 0.500443 0.51527 0.506904 0.500148 0.494739 0.495205 0.503784 0.515848 0.510272 0.500068 0.494807
0.000118879 0.210682 0.123888 0.996954 0.473948 0.494598 0.512431 0.494617 0.536851 0.495471 0.518015 0.485554 0.496613 0.520524 0.525738 0.477867 0.521751 0.519259 0.505091 0.499283
0.804833 0 1 0 0.498112 0.488868 0.470474 0.506134 0.500907 0.515416 0.466995 0.502514 0.497157 0.477788 0.47686 0.502027 0.476284 0.494697 0.492 0.497739
0.00663788 0.289023 0.186974 0.0139073 0.465672 0.522871 0.459114 0.458851 0.50791 0.523365 0.513599 0.545005 0.512833 0.451163 0.508442 0.498493 0.460138 0.509243 0.466227 0.486387
0.0293862 0.968728 0.783037 0.268089 0.484871 0.489997 0.496455 0.497089 0.510253 0.508391 0.504045 0.500887 0.491809 0.495368 0.488989 0.496869 0.497053 0.501796 0.494591 0.502577
0.070279 0.00276134 0.000773239 0.911763 0.470114 0.483527 0.484858 0.490557 0.503513 0.501095 0.532462 0.474376 0.51939 0.506979 0.492221 0.507011 0.50203 0.496099 0.502191 0.510833
0.00126126 0.000632333 0.999039 2.77962e-06 0.499826 0.501284 0.5087 0.492017 0.503707 0.501865 0.495091 0.506029 0.493731 0.504556 0.493194 0.499451 0.507512 0.509261 0.490295 0.502495
4.70765e-05 0.000585193 0.978118 1.11185e-05 0.495598 0.500001 0.510395 0.499556 0.51406 0.510219 0.502008 0.504266 0.498785 0.503243 0.492401 0.500929 0.502232 0.500118 0.487499 0.500057
0.768071 0.498111 0.0612632 0.0993888 0.496175 0.504199 0.493185 0.493103 0.526378 0.539118 0.472676 0.505741 0.558757 0.498375 0.437644 0.465125 0.53562 0.521245 0.508519 0.531791
0 0 0 1 0.508733 0.505209 0.500463 0.50117 0.52846 0.515161 0.506474 0.469889 0.507246 0.48923 0.502789 0.496148 0.504804 0.509659 0.495638 0.505176
0.0363479 0.891893 0.91204 0.441832 0.484447 0.481813 0.496059 0.485761 0.51176 0.487123 0.49008 0.502662 0.474946 0.498824 0.470768 0.48888 0.489614 0.506039 0.495739 0.488534
0.000808263 0.000494758 0.00902485 0.953943 0.508209 0.491849 0.49053 0.502545 0.50895 0.503469 0.511429 0.46099 0.509828 0.510593 0.502805 0.508824 0.500329 0.511192 0.501403 0.497174
0 0 0 0.77715 0.506043 0.479035 0.496112 0.499026 0.521378 0.514823 0.508741 0.47365 0.507046 0.500839 0.50218 0.502802 0.512857 0.528139 0.501063 0.509717
0.96194 0.28042 0.421717 0.438882 0.495774 0.495074 0.496795 0.496574 0.49724 0.501179 0.508291 0.503209 0.484207 0.49311 0.492099 0.501407 0.512416 0.501675 0.502705 0.500832
1 0.598491 1 0.134775 0.500049 0.508706 0.497903 0.501794 0.503275 0.501007 0.500171 0.498563 0.488579 0.500629 0.496416 0.490129 0.49826 0.501457 0.505761 0.499382
0.0232556 0.00186009 0.966884 0 0.497324 0.502473 0.508426 0.493402 0.503333 0.500193 0.496263 0.502935 0.490652 0.504018 0.493553 0.489611 0.506861 0.505508 0.490812 0.505473
0.722796 0.00944446 0 1 0.439864 0.481413 0.518489 0.514069 0.544181 0.490986 0.556691 0.496419 0.502592 0.492415 0.501028 0.511268 0.551826 0.520441 0.485278 0.509275
0.208119 1 0.297706 0.478053 0.50099 0.520245 0.475088 0.481356 0.503538 0.481886 0.520354 0.504849 0.486387 0.492206 0.482429 0.505132 0.492269 0.494698 0.505796 0.506164
0.0140346 0.0031563 0.00630857 0.000117207 0.501237 0.494775 0.499769 0.494682 0.502406 0.503145 0.494808 0.493044 0.502177 0.499438 0.490645 0.503736 0.50077 0.497586 0.502636 0.502464
0.000237758 0.000370502 0.00599087 0.993907 0.509261 0.502549 0.502096 0.502469 0.521079 0.515044 0.504079 0.465934 0.506353 0.493415 0.501243 0.501635 0.508052 0.509642 0.494142 0.502513
0.0158259 1 0.689642 0.066928 0.498126 0.506063 0.503447 0.497443 0.506093 0.502845 0.501185 0.497578 0.499649 0.499515 0.489436 0.50863 0.498571 0.502153 0.496327 0.49879
0.00959619 0.40926 0.0112165 0.0668883 0.476431 0.516166 0.488657 0.469726 0.511283 0.542673 0.529375 0.518975 0.495029 0.478295 0.505359 0.500535 0.488032 0.502476 0.463493 0.470628
0 0 0 1 0.508733 0.505209 0.500463 0.50117 0.52846 0.515161 0.506474 0.469889 0.507246 0.48923 0.502789 0.496148 0.504804 0.509659 0.495638 0.505176
0.0338455 0 0.96797 0 0.498885 0.497184 0.504489 0.484031 0.498583 0.509444 0.49531 0.499879 0.496732 0.498989 0.500893 0.495731 0.510584 0.520354 0.492925 0.501418
0 0.517072 1 0.457103 0.464672 0.495229 0.498067 0.473635 0.518227 0.494122 0.480092 0.524932 0.46128 0.503749 0.487947 0.476867 0.485206 0.501806 0.482276 0.50437
0.909458 0.791244 0.553074 0.437036 0.500185 0.508628 0.494659 0.490874 0.482136 0.502108 0.528158 0.514002 0.515029 0.488335 0.494038 0.524748 0.54065 0.517464 0.494546 0.487661
0 0.906084 1 0 0.487123 0.4947 0.502359 0.497468 0.493209 0.501317 0.503946 0.518531 0.483494 0.493478 0.492004 0.500025 0.514257 0.509004 0.488379 0.487877
0.0306505 0.858632 0 0.51833 0.493953 0.556802 0.472706 0.488687 0.53378 0.526623 0.489997 0.500023 0.452436 0.502245 0.486614 0.476807 0.469369 0.508118 0.491473 0.541556
0.988602 0.192927 0.717723 0.0648411 0.504699 0.507103 0.49545 0.496637 0.501071 0.503235 0.49796 0.497321 0.491891 0.500116 0.49646 0.497438 0.505475 0.499834 0.505931 0.496811
0.10229 0.739786 0.983383 0.175442 0.480393 0.440768 0.445957 0.499397 0.499137 0.478993 0.487811 0.514099 0.496375 0.47885 0.469533 0.472444 0.499288 0.495827 0.51816 0.539513
0.251822 0.434927 0.0199637 0.151149 0.496958 0.562408 0.467966 0.514423 0.543298 0.503022 0.516375 0.515421 0.466838 0.495564 0.49293 0.459071 0.474604 0.474576 0.462433 0.548244
0 0 1 0 0.493006 0.496548 0.501929 0.490463 0.511662 0.506749 0.494626 0.502168 0.49389 0.50023 0.493794 0.496688 0.501802 0.510605 0.489606 0.498321
0 0 0.233219 0 0.494566 0.480137 0.503696 0.501076 0.522527 0.53415 0.495038 0.496249 0.533085 0.485458 0.455245 0.489435 0.507445 0.499134 0.505927 0.516484
0.000443635 0 0 0.98097 0.506281 0.500857 0.502251 0.508815 0.52809 0.518074 0.510321 0.464985 0.501564 0.503082 0.495335 0.499048 0.503425 0.50898 0.498245 0.503429
0.00597309 0.00228472 0.749312 0.0153233 0.492305 0.499068 0.501282 0.500316 0.520766 0.502162 0.505584 0.496133 0.496992 0.503392 0.492383 0.498845 0.510138 0.501574 0.477129 0.49562
0.567298 0 0.0802066 0.0316466 0.494196 0.497004 0.488115 0.504928 0.485771 0.523589 0.524122 0.46584 0.502748 0.484895 0.486837 0.494038 0.497868 0.489883 0.522078 0.507087
0 0.0919445 0.00251497 0.00528127 0.496942 0.485161 0.512413 0.49023 0.529746 0.491452 0.520945 0.490881 0.493502 0.513843 0.492003 0.489058 0.505162 0.493629 0.500072 0.506552
0 0.135843 0 0.999997 0.524675 0.482692 0.464132 0.509411 0.541988 0.517315 0.519861 0.475447 0.496525 0.488986 0.490292 0.498884 0.483537 0.503298 0.493484 0.507655
0.00109579 0.420045 1 0.212843 0.45056 0.491701 0.474227 0.477314 0.512686 0.500605 0.49119 0.524156 0.479159 0.472299 0.490989 0.497515 0.471637 0.495502 0.463409 0.485456
0.191358 0.99689 0.674218 0.481521 0.493506 0.500927 0.502559 0.487732 0.490365 0.5022 0.515296 0.491711 0.475092 0.510861 0.468121 0.501184 0.510917 0.504302 0.491932 0.503328
0.0658018 0.000597509 0.00156327 0.0464874 0.498094 0.482664 0.494695 0.49886 0.503177 0.497726 0.509504 0.48723 0.504084 0.501036 0.461173 0.498761 0.498697 0.485117 0.50211 0.511326
0.000874563 0.00093881 0.969198 1.11185e-05 0.499542 0.499937 0.507821 0.492985 0.510625 0.50374 0.499054 0.501941 0.493745 0.501288 0.496386 0.4978 0.51075 0.51246 0.489846 0.500973
0.0635944 0.841271 0.51112 0.58053 0.45697 0.499528 0.494357 0.467728 0.515979 0.520522 0.475793 0.490958 0.479595 0.494033 0.4732 0.489222 0.483001 0.522225 0.511214 0.516175
0.878427 0 0.896949 0.520019 0.448879 0.512396 0.519719 0.469196 0.522121 0.487677 0.499451 0.532631 0.482208 0.483804 0.529247 0.488786 0.513864 0.512081 0.491632 0.487849
0 0 0 0.280581 0.491232 0.489795 0.497411 0.498362 0.506056 0.500079 0.517102 0.479816 0.51144 0.507388 0.48477 0.503066 0.495429 0.489528 0.495788 0.504813
0.0150601 0.0873567 0.980805 0.389393 0.492054 0.489858 0.509573 0.483401 0.528246 0.493955 0.472784 0.507972 0.484107 0.50567 0.486872 0.484447 0.500382 0.485047 0.479675 0.519318
0.876734 0 0 0 0.505901 0.461793 0.481683 0.518192 0.511979 0.545634 0.500072 0.455096 0.516856 0.503731 0.487652 0.507373 0.504891 0.483869 0.55182 0.508544
0.602197 0.0453943 0 0.00798227 0.500834 0.481226 0.496127 0.49875 0.525134 0.515485 0.501278 0.493912 0.545705 0.500925 0.471087 0.48129 0.534435 0.502909 0.521699 0.520107
5.51047e-05 0.860517 1 0.383301 0.48848 0.474749 0.509479 0.487036 0.513501 0.490691 0.505574 0.492038 0.486872 0.510341 0.491352 0.494819 0.524935 0.513102 0.497002 0.4995
0.329066 0.0491695 0.238862 0.759346 0.504061 0.494747 0.495881 0.512866 0.515185 0.522551 0.530789 0.464492 0.491296 0.518466 0.503626 0.4794 0.494475 0.514455 0.508564 0.489643
0.2382 0 0.833466 0.862298 0.459779 0.412596 0.526959 0.524422 0.496491 0.521253 0.543414 0.510236 0.506148 0.477993 0.489223 0.521613 0.545982 0.53421 0.509558 0.494499
0.892969 0.0457229 0.311449 0.255046 0.484862 0.470327 0.506049 0.513945 0.515357 0.504 0.509634 0.509155 0.490266 0.496051 0.483843 0.496338 0.530935 0.504793 0.496199 0.50656
0.000237758 0.000370502 0.00599087 0.993907 0.509261 0.502549 0.502096 0.502469 0.521079 0.515044 0.504079 0.465934 0.506353 0.493415 0.501243 0.501635 0.508052 0.509642 0.494142 0.502513
0.107728 0.00115004 0.0117326 0.283012 0.512742 0.496278 0.505773 0.494902 0.535197 0.492503 0.522187 0.484813 0.501485 0.496467 0.490019 0.491639 0.514001 0.475364 0.510199 0.492673
0.00126126 0.000632333 0.999039 2.77962e-06 0.499826 0.501284 0.5087 0.492017 0.503707 0.501865 0.495091 0.506029 0.493731 0.504556 0.493194 0.499451 0.507512 0.509261 0.490295 0.502495
0.117763 0.120775 0.332929 0.293011 0.512501 0.500308 0.484703 0.452782 0.500346 0.477878 0.561312 0.529455 0.490519 0.451946 0.572442 0.412133 0.531562 0.460554 0.484547 0.495832
0 0.483728 0.241658 0.216144 0.503973 0.528779 0.493193 0.470256 0.513581 0.495345 0.516124 0.488856 0.467161 0.491619 0.500528 0.455776 0.485878 0.457528 0.491925 0.50974
0.00144772 0.000677391 0.0669994 0 0.497013 0.500507 0.498928 0.493893 0.509986 0.500484 0.497419 0.495942 0.503636 0.502703 0.489522 0.505023 0.497552 0.495696 0.497787 0.500027
0 0 0 1 0.508733 0.505209 0.500463 0.50117 0.52846 0.515161 0.506474 0.469889 0.507246 0.48923 0.502789 0.496148 0.504804 0.509659 0.495638 0.505176
0.0992053 0.107925 0 0.971307 0.471823 0.508088 0.493953 0.483672 0.537649 0.497351 0.538534 0.456541 0.500988 0.481428 0.51662 0.497008 0.510588 0.508119 0.510373 0.510752
0 0 1 0 0.493006 0.496548 0.501929 0.490463 0.511662 0.506749 0.494626 0.502168 0.49389 0.50023 0.493794 0.496688 0.501802 0.510605 0.489606 0.498321
0.315079 0.0247466 0 0.00410313 0.497896 0.490929 0.495186 0.488432 0.509555 0.514008 0.497262 0.48958 0.526606 0.499453 0.487425 0.497157 0.51753 0.506088 0.509646 0.508994
0 0.872779 0.910491 0.226304 0.480703 0.484025 0.501155 0.49464 0.515129 0.510128 0.503098 0.501509 0.492187 0.494307 0.488059 0.491344 0.495119 0.50532 0.488074 0.504541
0.000429988 0.000350069 0.96261 8.96428e-05 0.495794 0.506745 0.510171 0.501927 0.523744 0.504856 0.502992 0.503063 0.496364 0.502472 0.498388 0.498103 0.513733 0.505453 0.482078 0.49935
0.00127544 0.996744 0.62573 0.0644571 0.499385 0.505258 0.507151 0.50147 0.507099 0.50189 0.49864 0.493518 0.502994 0.500941 0.488642 0.508593 0.494802 0.500224 0.497854 0.498674
0.0158259 1 0.689642 0.066928 0.498126 0.506063 0.503447 0.497443 0.506093 0.502845 0.501185 0.497578 0.499649 0.499515 0.489436 0.50863 0.498571 0.502153 0.496327 0.49879
0.198111 0.000151837 0.975307 0.00768548 0.466444 0.502292 0.520437 0.485818 0.492626 0.516672 0.506849 0.508756 0.487123 0.493834 0.495879 0.489984 0.510333 0.4917 0.486915 0.492114
0.95192 0.52624 0.328493 0.524613 0.497828 0.496625 0.494765 0.489728 0.491335 0.506676 0.5101 0.499501 0.48671 0.489499 0.491887 0.509722 0.516977 0.500621 0.502782 0.497829
0 0.0184153 0 0.204212 0.489107 0.467035 0.492195 0.503083 0.528187 0.500099 0.516149 0.479787 0.509147 0.482079 0.481303 0.497099 0.502322 0.491596 0.494502 0.483034
0.650396 0.297557 0.0803562 0.321921 0.495917 0.489017 0.472598 0.462938 0.5053 0.49412 0.53528 0.503571 0.498324 0.474767 0.490995 0.46205 0.499574 0.516202 0.535722 0.511047
0.0106441 0.330442 1 0 0.489975 0.496709 0.515917 0.499274 0.505153 0.512239 0.489605 0.515893 0.48323 0.49568 0.486495 0.491655 0.510252 0.504064 0.491119 0.50121
0.0815806 0 0.92076 0.0947149 0.472003 0.48652 0.48543 0.492849 0.523004 0.527719 0.49677 0.494059 0.500214 0.487128 0.483677 0.490399 0.487227 0.508503 0.497711 0.503009
0 1 0.621178 0.0203805 0.501702 0.507578 0.508883 0.502536 0.505438 0.500117 0.497727 0.49299 0.503878 0.502452 0.488677 0.50945 0.494476 0.500053 0.497303 0.498537
0.26829 0.10597 0.0133827 1 0.467692 0.48857 0.500107 0.494502 0.533858 0.484373 0.557933 0.538151 0.482635 0.50127 0.49292 0.467207 0.517184 0.519089 0.499348 0.550852
0.000278693 0.348893 0.047533 0.80585 0.479238 0.471875 0.502039 0.525521 0.532212 0.509808 0.53583 0.498547 0.47734 0.503912 0.491358 0.508588 0.522802 0.515362 0.48978 0.514015
0.321827 1 0.902622 0.121941 0.496827 0.505364 0.508545 0.481474 0.491985 0.498363 0.49793 0.460759 0.479798 0.495367 0.513831 0.525187 0.498075 0.499519 0.508549 0.455484
0.000278693 0 0.113173 1 0.476844 0.498045 0.498414 0.501093 0.536909 0.510732 0.530861 0.479696 0.501054 0.50515 0.524157 0.47068 0.505339 0.508426 0.499796 0.496512
0.400753 0.285746 0.402647 0.776642 0.427701 0.50415 0.495033 0.497018 0.529032 0.509838 0.495885 0.519924 0.489321 0.463369 0.541235 0.478939 0.526936 0.503801 0.452328 0.453082
0 0.437185 0.760562 0.074768 0.523153 0.52273 0.441815 0.430803 0.536219 0.462786 0.460714 0.471709 0.499049 0.449994 0.475487 0.535124 0.468521 0.516359 0.463488 0.488339
0.284349 0 0.983985 0 0.498101 0.487936 0.499316 0.475955 0.513975 0.519209 0.505548 0.498546 0.493338 0.487769 0.503361 0.485538 0.496511 0.510866 0.494848 0.498006
0.034982 0.191523 0.382042 0.363163 0.492916 0.503449 0.476188 0.437349 0.504037 0.47307 0.542967 0.55204 0.517831 0.434174 0.567968 0.427615 0.507764 0.491931 0.496791 0.520903
0.00061503 0.564952 0.0325083 0.0152544 0.506444 0.517637 0.490812 0.492453 0.508772 0.508651 0.508066 0.497316 0.509444 0.502188 0.483194 0.512469 0.482718 0.499932 0.508242 0.489135
0.401063 0.44657 0.447644 1 0.485099 0.5278 0.553992 0.500998 0.591278 0.442439 0.48934 0.511651 0.442132 0.518117 0.452226 0.443518 0.517083 0.473819 0.443962 0.560504
0.937178 0.0463536 0.00658317 0.169761 0.504861 0.504997 0.477292 0.495002 0.485576 0.515306 0.511772 0.471915 0.50239 0.485235 0.493626 0.496247 0.494252 0.499985 0.531491 0.510278
0.193658 0.0365149 0.133828 0.651983 0.438195 0.552023 0.530117 0.496779 0.543773 0.515524 0.52932 0.507289 0.483712 0.523546 0.508216 0.51781 0.523445 0.527705 0.503616 0.525138
0.00119214 0.179406 0.588555 0.709245 0.523723 0.527578 0.533966 0.489585 0.544202 0.498688 0.540059 0.420166 0.405299 0.524594 0.535338 0.4399 0.483767 0.417125 0.495017 0.495653
0.0835477 0 0.641679 0 0.508509 0.467287 0.519098 0.504144 0.518913 0.514506 0.522031 0.49165 0.489213 0.485245 0.477136 0.479261 0.503246 0.49487 0.507606 0.526422
0 1 0.621178 0.0203805 0.501702 0.507578 0.508883 0.502536 0.505438 0.500117 0.497727 0.49299 0.503878 0.502452 0.488677 0.50945 0.494476 0.500053 0.497303 0.498537
0 0.189057 0 1 0.480801 0.483825 0.45529 0.478904 0.559452 0.515085 0.525347 0.512272 0.49438 0.464111 0.528853 0.493341 0.485219 0.526212 0.523078 0.52738
0.00439819 0.00190397 0.00295804 5.21179e-05 0.5026 0.4972 0.501609 0.494719 0.505043 0.502567 0.494653 0.494422 0.501245 0.498782 0.492719 0.507496 0.500517 0.496679 0.50214 0.501387
0.0819867 0.0185976 0.828876 0.0141936 0.504687 0.482052 0.512325 0.492167 0.50776 0.518802 0.508672 0.493118 0.491236 0.491149 0.491379 0.486264 0.507156 0.508124 0.503008 0.516732
0.0407273 0.00218102 0.0292706 0.00728208 0.502831 0.497523 0.499221 0.504471 0.515545 0.50829 0.505825 0.489101 0.494591 0.499773 0.486579 0.49912 0.497171 0.487491 0.498379 0.499175
0.379269 0.395968 0.586594 0.362044 0.496912 0.515176 0.469617 0.472047 0.502818 0.478675 0.513274 0.535756 0.478036 0.489804 0.476187 0.49605 0.48799 0.505148 0.49116 0.493999
0.38279 0.0818989 0.744901 0.48509 0.497065 0.535509 0.529797 0.481586 0.535395 0.452295 0.509943 0.529724 0.514091 0.486145 0.496224 0.467396 0.531708 0.478687 0.439224 0.517788
0 0 1 0 0.493006 0.496548 0.501929 0.490463 0.511662 0.506749 0.494626 0.502168 0.49389 0.50023 0.493794 0.496688 0.501802 0.510605 0.489606 0.498321
0 0 0.155334 0.591385 0.473318 0.45314 0.4715 0.539558 0.584503 0.47752 0.502527 0.47552 0.547223 0.48356 0.514565 0.520719 0.475942 0.502141 0.47319 0.474179
0 0.611462 0 0 0.515532 0.51969 0.471477 0.508848 0.54239 0.49109 0.489416 0.462681 0.507037 0.479808 0.473017 0.50805 0.464108 0.47522 0.50743 0.496226
0.0304089 0 1 0 0.502263 0.489384 0.50803 0.50206 0.503036 0.499908 0.497172 0.505675 0.489585 0.501205 0.487217 0.483922 0.508698 0.509382 0.4955 0.504952
0.0979398 0.000172455 1 0 0.496012 0.509186 0.506099 0.486616 0.500596 0.510303 0.491247 0.504197 0.482652 0.499647 0.493196 0.486717 0.497681 0.503367 0.489002 0.49748
8.55524e-05 0.558073 0.613846 0.296518 0.475533 0.515537 0.484965 0.492754 0.521661 0.501729 0.511749 0.506671 0.498006 0.480433 0.497404 0.467579 0.491787 0.48201 0.472401 0.500425
0.0115307 0.0957273 0 0.835429 0.477971 0.473503 0.489696 0.51003 0.536881 0.500691 0.536689 0.501845 0.496825 0.494688 0.503255 0.496499 0.510853 0.514405 0.499593 0.528161
0.471308 0.0572946 0.0254161 0.190766 0.489444 0.477351 0.484693 0.484477 0.493202 0.494555 0.501714 0.49291 0.511639 0.497195 0.483357 0.509165 0.502526 0.494526 0.504014 0.509434
0 0.474112 0.965038 0.229081 0.489436 0.506151 0.508684 0.509712 0.520895 0.492102 0.497903 0.495809 0.475346 0.5092 0.479003 0.472496 0.494325 0.483262 0.485142 0.508635
0.644204 0 0.0218198 1 0.419483 0.50539 0.508624 0.465598 0.557122 0.498012 0.517847 0.511053 0.504879 0.460615 0.533904 0.479691 0.510098 0.525273 0.536007 0.50492
0.344709 0 1 0.167947 0.481387 0.484937 0.483307 0.489602 0.496724 0.501098 0.530672 0.512064 0.479177 0.480566 0.486758 0.481715 0.484273 0.492264 0.499355 0.507244
0.167331 0.991803 0.57686 0.423212 0.487137 0.499252 0.506772 0.489112 0.509917 0.504157 0.49661 0.495722 0.485888 0.502383 0.481951 0.517392 0.510259 0.513699 0.501887 0.489699
0.160448 0.879207 0.609689 0.383646 0.488151 0.505351 0.497387 0.483199 0.493273 0.486338 0.518503 0.513873 0.496761 0.491983 0.468658 0.509009 0.510226 0.513919 0.510773 0.511913
0 1 0.621178 0.0203805 0.501702 0.507578 0.508883 0.502536 0.505438 0.500117 0.497727 0.49299 0.503878 0.502452 0.488677 0.50945 0.494476 0.500053 0.497303 0.498537
0.132862 0.10829 0.55255 0.163856 0.493815 0.496546 0.502172 0.520312 0.515535 0.530649 0.508373 0.50031 0.468971 0.492432 0.477473 0.475341 0.48837 0.479619 0.469023 0.506091
0.00754913 0 0.921379 0.644193 0.473187 0.46876 0.532547 0.492575 0.512771 0.510028 0.524116 0.494172 0.499095 0.490334 0.493707 0.484002 0.521691 0.501324 0.512574 0.500344
0.0784924 0 0.020155 0.965269 0.492016 0.49614 0.488617 0.495178 0.505004 0.499121 0.537736 0.461006 0.514593 0.526201 0.499603 0.491573 0.493618 0.513948 0.501371 0.503033
0 1 0.621178 0.0203805 0.501702 0.507578 0.508883 0.502536 0.505438 0.500117 0.497727 0.49299 0.503878 0.502452 0.488677 0.50945 0.494476 0.500053 0.497303 0.498537
0.000213504 9.45529e-06 0.0565316 1 0.487946 0.488291 0.498014 0.505043 0.536045 0.50545 0.529541 0.465608 0.496664 0.51227 0.492675 0.478762 0.501812 0.500708 0.489866 0.505863
0 0.275554 0 0.720313 0.44141 0.513139 0.548154 0.510714 0.541905 0.503633 0.544666 0.50759 0.473721 0.52728 0.500246 0.467562 0.51981 0.507177 0.511797 0.531206
0.409572 1 0 0.552839 0.517723 0.535342 0.456184 0.484774 0.492353 0.469984 0.53823 0.512958 0.474912 0.492247 0.469826 0.512552 0.47569 0.498476 0.524769 0.499139
5.08301e-05 0.00954493 0.000341651 0.114221 0.487885 0.484825 0.491227 0.4937 0.529973 0.498335 0.513859 0.488813 0.505864 0.48897 0.490656 0.496241 0.49906 0.495123 0.49661 0.490404
0.77947 0.000116111 0.634985 0.516165 0.470347 0.500244 0.512377 0.474608 0.53266 0.480341 0.494345 0.525732 0.492168 0.485184 0.529114 0.500541 0.515001 0.524485 0.496589 0.490315
0.015679 0.191456 0.154 0.283226 0.496157 0.495028 0.492554 0.451339 0.540686 0.468385 0.521 0.479422 0.492419 0.479373 0.519385 0.469609 0.48592 0.457898 0.483892 0.523836
0.206264 1 0.421025 0.377845 0.502662 0.518077 0.478297 0.483504 0.503922 0.478024 0.516467 0.506795 0.485677 0.496244 0.482938 0.501052 0.493176 0.499612 0.504531 0.506624
0.0199763 0.00262528 0.0649958 0.0304643 0.492402 0.485431 0.48202 0.485851 0.505505 0.494607 0.504146 0.487878 0.502279 0.504359 0.486212 0.499129 0.493484 0.498184 0.489959 0.498127
0.468903 0.551258 0.286162 0.60579 0.484168 0.535932 0.521617 0.468893 0.511289 0.500164 0.56532 0.498874 0.458735 0.521842 0.522439 0.458802 0.514012 0.490398 0.498054 0.494311
0.86398 0 0.0794035 1 0.469095 0.476635 0.520962 0.506378 0.528893 0.506103 0.529671 0.499188 0.514519 0.4993 0.497693 0.513296 0.557059 0.519615 0.481171 0.502418
0.937942 0.0585187 0.57739 0.199735 0.493353 0.490422 0.487923 0.494386 0.506799 0.49905 0.502206 0.496837 0.498046 0.49283 0.491432 0.499554 0.501959 0.495009 0.507624 0.497633
0.939542 0.153921 0.947178 0.399585 0.49474 0.473059 0.490444 0.495098 0.497663 0.493108 0.502437 0.50579 0.482563 0.502504 0.464314 0.50736 0.516563 0.502706 0.49599 0.490245
0.00127544 0.996744 0.62573 0.0644571 0.499385 0.505258 0.507151 0.50147 0.507099 0.50189 0.49864 0.493518 0.502994 0.500941 0.488642 0.508593 0.494802 0.500224 0.497854 0.498674
0.162435 0.000157529 0 0.896515 0.460368 0.468325 0.507743 0.490454 0.547098 0.516858 0.532745 0.459088 0.500925 0.477875 0.531846 0.456109 0.506085 0.51343 0.529966 0.492029
0.0155578 0.727011 0.572684 0.816743 0.438057 0.491638 0.529939 0.490264 0.57281 0.485079 0.522409 0.521586 0.4899 0.532272 0.528349 0.489902 0.548485 0.501219 0.524168 0.534602
0.138013 0.00444655 0.779225 0.940457 0.427489 0.390807 0.548522 0.521828 0.522311 0.481499 0.545485 0.521937 0.49672 0.49017 0.471415 0.518001 0.530266 0.550543 0.505725 0.498951
0.00457127 0.749809 0.0385667 0.869915 0.471347 0.573198 0.560506 0.49511 0.539355 0.540682 0.534426 0.463238 0.449072 0.53221 0.459834 0.463221 0.52475 0.524418 0.555062 0.53689
0.0636883 0.997099 0.538041 0.301085 0.495562 0.507387 0.505117 0.502154 0.505863 0.503086 0.51668 0.491284 0.485662 0.506429 0.488225 0.50546 0.49838 0.498681 0.495322 0.510075
0.132 0.388321 0.753835 0.344009 0.498819 0.517563 0.474578 0.459029 0.507545 0.463238 0.498975 0.521223 0.479559 0.490066 0.487941 0.495164 0.485156 0.51083 0.4713 0.511157
0.0480159 1 0.723621 0.274935 0.488267 0.489634 0.49367 0.496971 0.510278 0.509864 0.50443 0.500492 0.493263 0.493166 0.490165 0.498313 0.495485 0.499581 0.500006 0.499894
0 0 0 1 0.508733 0.505209 0.500463 0.50117 0.52846 0.515161 0.506474 0.469889 0.507246 0.48923 0.502789 0.496148 0.504804 0.509659 0.495638 0.505176
1 0.598491 1 0.134775 0.500049 0.508706 0.497903 0.501794 0.503275 0.501007 0.500171 0.498563 0.488579 0.500629 0.496416 0.490129 0.49826 0.501457 0.505761 0.499382
0 0.000458265 0.855748 0 0.510426 0.512845 0.502774 0.493322 0.518944 0.497923 0.490359 0.498109 0.49658 0.505899 0.496929 0.495428 0.503642 0.508172 0.492543 0.5022
0.373778 0.18247 0.423811 0.290246 0.503666 0.513618 0.475382 0.488732 0.53022 0.455757 0.53989 0.496952 0.500398 0.46227 0.496636 0.456581 0.518492 0.436851 0.470814 0.518055
1 0.598491 1 0.134775 0.500049 0.508706 0.497903 0.501794 0.503275 0.501007 0.500171 0.498563 0.488579 0.500629 0.496416 0.490129 0.49826 0.501457 0.505761 0.499382
0.351029 0.482217 0.042233 0.250859 0.505064 0.489284 0.457915 0.439563 0.504519 0.482043 0.572116 0.508993 0.494965 0.460418 0.490219 0.414889 0.486229 0.529168 0.559123 0.516793
0.232623 0 0.000221537 0 0.504744 0.481563 0.493025 0.502515 0.498809 0.502981 0.499348 0.488334 0.520378 0.494306 0.497666 0.508554 0.513672 0.492959 0.518557 0.502337
0.00319064 0.561067 0.0673131 0.0253247 0.50462 0.515382 0.489133 0.491711 0.508876 0.509422 0.508827 0.499313 0.508553 0.500789 0.48331 0.510929 0.483342 0.500071 0.506768 0.488973
0.000136645 0.290671 0.0305718 0.0892772 0.477577 0.515211 0.47974 0.471045 0.529853 0.510309 0.512871 0.500684 0.499299 0.487426 0.496539 0.491296 0.482193 0.502166 0.49022 0.487083
0.773008 0.813111 0.390302 0.2628 0.509208 0.506898 0.464275 0.498029 0.498796 0.512636 0.490827 0.521137 0.486007 0.483218 0.449705 0.487618 0.485872 0.529402 0.539597 0.484907
0.0765811 0.0103042 0.000765203 0.981226 0.464455 0.49396 0.511835 0.505377 0.544703 0.517354 0.519803 0.478809 0.488172 0.499641 0.495497 0.492291 0.516665 0.49187 0.498849 0.520521
0.000581336 0 0.0283355 0.708901 0.473933 0.460897 0.50725 0.488688 0.51192 0.499578 0.529479 0.469639 0.505558 0.503959 0.495106 0.506876 0.509274 0.503924 0.496178 0.49889
0.00255088 0.993489 0.630282 0.108534 0.497067 0.502939 0.50542 0.500405 0.508761 0.503663 0.499553 0.494046 0.502111 0.499429 0.488606 0.507736 0.495127 0.500395 0.498406 0.49881
0.176547 0.0143525 0.0932996 0.811614 0.51786 0.561466 0.531359 0.437723 0.545309 0.498056 0.535913 0.444577 0.472513 0.49722 0.558529 0.386683 0.528239 0.464491 0.494847 0.508643
0.623965 0 0 0 0.494899 0.479589 0.50569 0.512945 0.514174 0.535652 0.492941 0.477904 0.543356 0.488331 0.464337 0.494868 0.522025 0.489715 0.521033 0.51536
0.277355 0.268863 0.086354 0.853482 0.481478 0.49139 0.50705 0.483975 0.539042 0.498641 0.567905 0.45974 0.490075 0.502534 0.528463 0.459632 0.514994 0.502328 0.512073 0.48926
0.0163119 0.147722 0.195776 0.410038 0.446831 0.52112 0.481513 0.443383 0.581133 0.468778 0.494708 0.510956 0.500304 0.429294 0.527806 0.490702 0.46677 0.517137 0.520602 0.495755
0.937964 0.0930914 0.816327 0.283937 0.484043 0.518423 0.499932 0.471105 0.49821 0.502255 0.484108 0.520119 0.488539 0.493667 0.509377 0.494595 0.503936 0.506186 0.502836 0.497939
0.00439819 0.00190397 0.00295804 5.21179e-05 0.5026 0.4972 0.501609 0.494719 0.505043 0.502567 0.494653 0.494422 0.501245 0.498782 0.492719 0.507496 0.500517 0.496679 0.50214 0.501387
0.337901 0.264546 0.836852 0.703686 0.477987 0.506442 0.536297 0.491817 0.553643 0.439255 0.480291 0.504299 0.453747 0.510185 0.45114 0.47777 0.484439 0.47925 0.46044 0.517785
0 0.947262 1 0 0.480392 0.495063 0.505059 0.491839 0.503789 0.503335 0.504734 0.52255 0.481817 0.484248 0.491766 0.492947 0.510071 0.508931 0.484254 0.496216
0.297517 0.495012 0.210721 0.288859 0.459876 0.495527 0.461412 0.451515 0.538099 0.483104 0.501203 0.5406 0.515704 0.476087 0.478754 0.469921 0.500015 0.482279 0.49298 0.500904
0.180439 0 0 1 0.503129 0.484241 0.466596 0.499045 0.51198 0.523784 0.532124 0.440408 0.514586 0.520075 0.484482 0.495266 0.496497 0.492564 0.506067 0.520193
0.0212882 0.330236 0.992121 0 0.486884 0.496955 0.501231 0.485801 0.515856 0.498316 0.499025 0.514819 0.48731 0.483075 0.48565 0.484161 0.505155 0.50792 0.488259 0.510734
0.0907829 0.000420382 0.0665359 0.0181434 0.498801 0.497123 0.49006 0.520098 0.529626 0.513735 0.524685 0.4859 0.48633 0.501103 0.481229 0.492209 0.492087 0.473685 0.482102 0.490785
0.0151945 0.00357337 0.00719013 0.000138055 0.500541 0.494473 0.499952 0.495072 0.501383 0.503095 0.494346 0.492309 0.501789 0.499595 0.490721 0.50328 0.500354 0.498139 0.502557 0.502343
0 8.44263e-06 1 5.55924e-06 0.499534 0.500977 0.507621 0.49 0.506896 0.501732 0.496178 0.510188 0.495829 0.503626 0.495012 0.503711 0.507494 0.510124 0.490703 0.501001
0.945774 0.080216 0.334454 0.257354 0.492456 0.492771 0.490327 0.497775 0.508387 0.501237 0.512594 0.489077 0.486851 0.494511 0.494221 0.497559 0.495429 0.476241 0.498433 0.50265
0.966146 0.243825 0.842138 0.152738 0.492615 0.496525 0.491134 0.491453 0.508819 0.496574 0.499233 0.506171 0.486533 0.493632 0.483396 0.498188 0.505468 0.500193 0.498671 0.497824
0.0881601 0.443483 0.414813 0.496622 0.501273 0.473216 0.475213 0.434446 0.522277 0.454584 0.522176 0.463889 0.43501 0.49203 0.508732 0.439757 0.470153 0.443448 0.499334 0.536029
0 1 0.621178 0.0203805 0.501702 0.507578 0.508883 0.502536 0.505438 0.500117 0.497727 0.49299 0.503878 0.502452 0.488677 0.50945 0.494476 0.500053 0.497303 0.498537
0.0338455 0 0.96797 0 0.498885 0.497184 0.504489 0.484031 0.498583 0.509444 0.49531 0.499879 0.496732 0.498989 0.500893 0.495731 0.510584 0.520354 0.492925 0.501418
0 0.227838 1 0.201099 0.492375 0.490493 0.510732 0.509839 0.527545 0.528945 0.490966 0.525781 0.45725 0.51107 0.48401 0.475705 0.482283 0.48312 0.470978 0.512889
0.198134 0.000444434 0.964366 0.00769104 0.467741 0.504019 0.52467 0.490364 0.493825 0.518408 0.51054 0.509805 0.48957 0.495341 0.495183 0.492104 0.510548 0.486457 0.485862 0.492982
0.919179 0 1 0.0908546 0.500809 0.501817 0.500687 0.470474 0.482938 0.491072 0.482818 0.51193 0.48986 0.501638 0.503199 0.493298 0.518053 0.527698 0.497395 0.507249
0.950304 0.070373 0.442312 0.375163 0.487763 0.490375 0.501788 0.49707 0.505185 0.498037 0.515235 0.498699 0.478145 0.498335 0.492129 0.497035 0.507748 0.486749 0.49541 0.499628
0.721226 0 0.00969488 0.916521 0.468355 0.506224 0.489063 0.495991 0.510199 0.499299 0.535316 0.492266 0.521941 0.510945 0.500133 0.511474 0.524514 0.521241 0.491803 0.51046
0.00363209 0.000289237 0.269343 1 0.469561 0.4866 0.509181 0.480327 0.528773 0.505032 0.53492 0.468629 0.496979 0.486511 0.500739 0.481944 0.516308 0.49414 0.501828 0.507474
0 0 0 1 0.508733 0.505209 0.500463 0.50117 0.52846 0.515161 0.506474 0.469889 0.507246 0.48923 0.502789 0.496148 0.504804 0.509659 0.495638 0.505176
0.00115105 0.000612311 0.971121 5.55924e-06 0.49674 0.501859 0.506268 0.489369 0.509712 0.499925 0.498435 0.511253 0.494847 0.502158 0.497188 0.498131 0.506824 0.507235 0.491629 0.502486
0.0278852 0.835035 0.0392452 0.88448 0.475408 0.523329 0.508505 0.489442 0.552111 0.535958 0.508091 0.495877 0.450189 0.518213 0.504699 0.485354 0.497953 0.50553 0.520212 0.538827
0.000881585 0.801451 0.000799067 0.080509 0.511101 0.544726 0.449583 0.497237 0.528809 0.524024 0.47483 0.49831 0.470322 0.497537 0.468448 0.474539 0.45337 0.478552 0.46894 0.534246
0.54165 0 1 0.287431 0.479836 0.493483 0.496494 0.497782 0.506554 0.484622 0.519068 0.53024 0.479933 0.486983 0.465711 0.480106 0.495478 0.496967 0.486264 0.508144
0 0.127324 0 0.939029 0.499288 0.509766 0.485758 0.496891 0.535255 0.504631 0.513358 0.546953 0.508083 0.486817 0.47906 0.506227 0.512866 0.524574 0.494143 0.53672
0 0.00127781 0.00128278 1.95732e-05 0.503282 0.498413 0.502529 0.494738 0.506361 0.502278 0.494575 0.495111 0.50078 0.498454 0.493757 0.509376 0.50039 0.496225 0.501892 0.500849
0.327486 0.162038 0.477353 0.657289 0.428855 0.545969 0.528348 0.44806 0.543093 0.492153 0.462381 0.475471 0.518611 0.480408 0.507094 0.47056 0.512327 0.512857 0.512914 0.461086
0.0167552 0.487189 0.472062 0.0632448 0.450795 0.50648 0.444743 0.429017 0.511934 0.485686 0.492208 0.548029 0.505484 0.452618 0.497341 0.492794 0.434941 0.51332 0.471389 0.502267
0 0.000700137 0.999504 1.38981e-06 0.493182 0.497315 0.502165 0.490294 0.511462 0.50631 0.495272 0.502078 0.493768 0.500513 0.493486 0.497238 0.502511 0.510744 0.489328 0.498571
0.224426 0.55159 0.258646 0.0710511 0.498538 0.518009 0.488776 0.500366 0.520721 0.505462 0.510225 0.513545 0.513638 0.485683 0.494254 0.501035 0.49941 0.50463 0.504502 0.519549
0.547455 1 1 0.420528 0.497515 0.499214 0.523103 0.50593 0.472405 0.487587 0.517803 0.480317 0.490604 0.507419 0.471998 0.543862 0.52004 0.486144 0.491013 0.497483
0.000290668 0.00227796 0.439646 0 0.505649 0.478134 0.506895 0.50178 0.519679 0.504152 0.498597 0.494171 0.509176 0.495746 0.495532 0.513685 0.513443 0.510791 0.493922 0.496491
0 0.576948 0.118954 0.173993 0.512207 0.525172 0.469304 0.490617 0.518682 0.501051 0.492811 0.459286 0.463514 0.499504 0.47857 0.475615 0.453944 0.477335 0.467512 0.51308
0.0404982 0.00208544 0.0043767 0.0233127 0.499317 0.488568 0.497323 0.496966 0.50228 0.500411 0.501925 0.489769 0.502936 0.500315 0.475947 0.501021 0.499526 0.491628 0.502333 0.506835
0.0382908 0.00521943 0 0.907577 0.46923 0.489233 0.486168 0.489272 0.511145 0.505942 0.528684 0.476843 0.519195 0.503831 0.507898 0.510254 0.504708 0.499994 0.499563 0.502006
0.235484 0.497235 0.662587 0.546429 0.479085 0.474797 0.488112 0.448228 0.519265 0.435957 0.496634 0.426734 0.480105 0.484135 0.503804 0.502169 0.485068 0.473439 0.488639 0.533322
0.210978 0.0013908 0.0146353 0.00387053 0.500718 0.489069 0.487523 0.495632 0.512426 0.506408 0.505301 0.488361 0.505802 0.498877 0.487858 0.499103 0.500084 0.493851 0.512971 0.503226
0.000278693 0 0.113173 1 0.476844 0.498045 0.498414 0.501093 0.536909 0.510732 0.530861 0.479696 0.501054 0.50515 0.524157 0.47068 0.505339 0.508426 0.499796 0.496512
0.000237758 0.000370502 0.00599087 0.993907 0.509261 0.502549 0.502096 0.502469 0.521079 0.515044 0.504079 0.465934 0.506353 0.493415 0.501243 0.501635 0.508052 0.509642 0.494142 0.502513
0.000982755 0 0.0082449 0.73325 0.459513 0.497704 0.520755 0.497357 0.566532 0.486593 0.508775 0.477648 0.49777 0.484247 0.512903 0.495021 0.494539 0.513561 0.479363 0.490777
0.00126126 0.000632333 0.999039 2.77962e-06 0.499826 0.501284 0.5087 0.492017 0.503707 0.501865 0.495091 0.506029 0.493731 0.504556 0.493194 0.499451 0.507512 0.509261 0.490295 0.502495
3.79913e-05 0 0.384036 0.565816 0.427019 0.496459 0.49976 0.492238 0.526408 0.544937 0.495128 0.501388 0.499491 0.474468 0.505739 0.480644 0.516878 0.54457 0.527649 0.494509
0.00567472 0.650982 0.0302076 0.883578 0.482558 0.55646 0.553886 0.505099 0.531217 0.549682 0.546391 0.485221 0.454827 0.533886 0.490816 0.43294 0.531281 0.521179 0.523352 0.546916
1 0.598491 1 0.134775 0.500049 0.508706 0.497903 0.501794 0.503275 0.501007 0.500171 0.498563 0.488579 0.500629 0.496416 0.490129 0.49826 0.501457 0.505761 0.499382
0.0719713 0.11974 0.984401 0 0.490044 0.499072 0.488031 0.492927 0.512223 0.513517 0.510673 0.506983 0.491305 0.469794 0.483296 0.479718 0.490367 0.497078 0.482217 0.506632
0.12638 0.00078237 0.410126 0.753957 0.424931 0.52415 0.543855 0.490596 0.528549 0.499215 0.516607 0.511662 0.502443 0.48585 0.567687 0.488812 0.536074 0.511457 0.47426 0.476762
0.970707 0.0787068 0.846078 0.152738 0.500304 0.492739 0.494534 0.499583 0.502409 0.49737 0.498307 0.501599 0.48767 0.502697 0.48418 0.498068 0.507239 0.500924 0.502291 0.494933
0.254216 0.241945 0.011534 0.124076 0.495991 0.517726 0.488104 0.502468 0.52143 0.5151 0.502289 0.508277 0.491825 0.502747 0.475795 0.475318 0.497819 0.506042 0.490447 0.52708
0.0159841 0.577204 0 0.759165 0.446292 0.560116 0.522156 0.498914 0.560201 0.509289 0.498108 0.522451 0.457466 0.492275 0.497808 0.482594 0.492003 0.534838 0.508468 0.548686
0 8.44263e-06 1 5.55924e-06 0.499534 0.500977 0.507621 0.49 0.506896 0.501732 0.496178 0.510188 0.495829 0.503626 0.495012 0.503711 0.507494 0.510124 0.490703 0.501001
0.0320106 0.968429 0.785911 0.258725 0.485746 0.487764 0.496165 0.496194 0.511895 0.509952 0.503986 0.500831 0.492904 0.493546 0.489463 0.49599 0.495363 0.501494 0.496029 0.501443
0 0 0 1 0.508733 0.505209 0.500463 0.50117 0.52846 0.515161 0.506474 0.469889 0.507246 0.48923 0.502789 0.496148 0.504804 0.509659 0.495638 0.505176
0.00035878 0.984069 0.693738 0.0524777 0.49905 0.497054 0.507423 0.504291 0.50885 0.502807 0.492832 0.491984 0.502212 0.502381 0.490812 0.500303 0.490515 0.499938 0.498747 0.497828
0.086484 1 0.545206 0.418168 0.49146 0.508642 0.502377 0.493923 0.502468 0.499247 0.523882 0.497205 0.480547 0.50461 0.483293 0.505587 0.50685 0.503483 0.491649 0.514605
0 0 0 1 0.508733 0.505209 0.500463 0.50117 0.52846 0.515161 0.506474 0.469889 0.507246 0.48923 0.502789 0.496148 0.504804 0.509659 0.495638 0.505176
0 0.0610527 0.000102275 0.390804 0.485706 0.517486 0.50318 0.488729 0.533664 0.500737 0.512123 0.522765 0.502287 0.480116 0.496875 0.482421 0.504913 0.520232 0.510191 0.500202
0.000462697 0.00524187 0.48477 0.057116 0.493713 0.492381 0.499524 0.493342 0.520299 0.501037 0.506456 0.495377 0.499804 0.495129 0.493521 0.497021 0.504905 0.503792 0.493228 0.495689
0.0107854 0.0702317 0.981015 0.389403 0.487197 0.490432 0.509114 0.484199 0.527459 0.498163 0.476393 0.503995 0.484461 0.505884 0.488278 0.48237 0.500012 0.483261 0.476047 0.513701
0 0.148812 0 1 0.461107 0.489166 0.487308 0.50571 0.562043 0.511348 0.516214 0.517015 0.49359 0.473332 0.49012 0.499074 0.493859 0.510149 0.508597 0.524693
0.829552 0.282077 0.0275875 0.0556251 0.499129 0.489811 0.494241 0.496578 0.532432 0.530424 0.488519 0.500543 0.563567 0.499832 0.449615 0.468226 0.543952 0.51323 0.520492 0.530622
0.00653778 0.134627 0.0689569 0.0632234 0.482739 0.501418 0.498794 0.496233 0.520344 0.525348 0.504704 0.491116 0.483266 0.506236 0.486899 0.504671 0.490271 0.487473 0.498056 0.481712
0.991678 0.515233 0.625384 0.325737 0.497373 0.502276 0.491408 0.496619 0.502474 0.501 0.505441 0.496423 0.492418 0.495339 0.492587 0.501198 0.505641 0.494975 0.505937 0.49833
0.00255088 0.993489 0.630282 0.108534 0.497067 0.502939 0.50542 0.500405 0.508761 0.503663 0.499553 0.494046 0.502111 0.499429 0.488606 0.507736 0.495127 0.500395 0.498406 0.49881
0.109989 0.213924 0.265342 0.648671 0.500772 0.458463 0.495864 0.431939 0.551829 0.556025 0.452474 0.436022 0.451683 0.493142 0.530151 0.410572 0.509932 0.44081 0.567357 0.548264
0.522357 0.0538186 0.0175842 1 0.461378 0.490382 0.540323 0.492485 0.559292 0.487157 0.524986 0.472082 0.481394 0.497215 0.512788 0.491879 0.538516 0.513206 0.460115 0.49203
0.801 0 0.394044 0 0.486137 0.465601 0.474901 0.494506 0.497737 0.5389 0.513511 0.469561 0.485284 0.493162 0.493524 0.5048 0.476835 0.494272 0.53725 0.496149
0 0.142753 0 0.933416 0.46421 0.500883 0.489546 0.501094 0.556526 0.511681 0.51 0.522718 0.491287 0.479284 0.494971 0.500922 0.492955 0.512628 0.511735 0.531594
0.0158259 1 0.689642 0.066928 0.498126 0.506063 0.503447 0.497443 0.506093 0.502845 0.501185 0.497578 0.499649 0.499515 0.489436 0.50863 0.498571 0.502153 0.496327 0.49879
0.306148 0.290792 0.194102 0.952068 0.461647 0.560927 0.541365 0.465059 0.542566 0.520526 0.529443 0.487016 0.4816 0.505905 0.522733 0.441877 0.539614 0.507496 0.497178 0.529528
0.126521 0 0.303244 0.790445 0.427771 0.510115 0.537813 0.482781 0.551985 0.484215 0.518527 0.516627 0.493003 0.476877 0.552209 0.510391 0.526818 0.540393 0.485074 0.482873
0.0787636 0.860565 0.122526 0.180243 0.49829 0.517396 0.468308 0.486953 0.515829 0.520488 0.482586 0.489108 0.48495 0.496658 0.464598 0.480606 0.468607 0.496742 0.481792 0.51616
0.185324 0.393527 0.809519 0.356343 0.507283 0.537253 0.482853 0.475315 0.48987 0.477202 0.510144 0.534378 0.463747 0.494423 0.479637 0.509245 0.47761 0.528222 0.484468 0.497237
0.27598 0.00889311 0.0158072 1 0.45533 0.489464 0.51235 0.504145 0.534371 0.494767 0.535494 0.495195 0.492341 0.493071 0.499837 0.500125 0.523649 0.517919 0.491436 0.50691
0.0136546 0.254154 0.0451617 0.0296994 0.488389 0.515479 0.47982 0.456009 0.492839 0.542905 0.507459 0.524122 0.485065 0.485329 0.503037 0.50174 0.477676 0.470927 0.444924 0.478752
0.378496 0.137508 0.00345989 0.459906 0.514858 0.465781 0.450689 0.46983 0.546264 0.496593 0.494237 0.500526 0.434569 0.470662 0.523396 0.43158 0.457696 0.515592 0.556664 0.498056
0.000689383 0.000309507 0.00602942 0.956989 0.507945 0.493179 0.489713 0.501895 0.51264 0.503528 0.512627 0.462967 0.510275 0.508501 0.503578 0.506081 0.498705 0.5112 0.502151 0.498505
0.0190925 0.00298022 0 1 0.50691 0.516718 0.491555 0.502761 0.520691 0.518226 0.503681 0.469536 0.513172 0.493351 0.507639 0.503324 0.505769 0.507677 0.495835 0.504071
0 0 0.693321 0 0.50042 0.507636 0.50846 0.489619 0.517923 0.487341 0.496544 0.500445 0.513117 0.506332 0.503438 0.509055 0.51762 0.514057 0.500663 0.500005
0.00291226 0.00197945 0.00845343 2.6059e-05 0.499406 0.497014 0.499692 0.493079 0.505704 0.500988 0.497219 0.493057 0.502935 0.499616 0.495416 0.508916 0.503756 0.49718 0.498711 0.497171
0.239021 0.00419442 0.757629 0.900145 0.426462 0.504694 0.554796 0.474939 0.529358 0.496298 0.498737 0.529608 0.505143 0.464854 0.537407 0.503879 0.539872 0.546003 0.493661 0.496003
0.101683 0.888795 0.454599 0.406804 0.491346 0.509761 0.49453 0.48711 0.50639 0.496855 0.520388 0.508236 0.496336 0.49377 0.479737 0.508912 0.513802 0.509665 0.495021 0.512155
0.00067507 0.613865 0.0283206 0.990843 0.449853 0.501333 0.509094 0.493352 0.565232 0.529121 0.496579 0.466087 0.473163 0.496446 0.514406 0.525459 0.5131 0.522767 0.523337 0.510763
0.00879637 0.00233823 0.00440778 0.000104236 0.501787 0.496028 0.500067 0.496043 0.507248 0.503421 0.49651 0.494839 0.504115 0.498966 0.491387 0.506036 0.502635 0.496247 0.501287 0.501587
0.00888165 0.0344448 0.0591076 0.996934 0.497923 0.485814 0.49975 0.504098 0.533928 0.496974 0.521124 0.471586 0.495509 0.513933 0.48909 0.485659 0.504176 0.504271 0.496373 0.515765
0.00662269 0.00689357 0.00385374 0.0379903 0.496944 0.495234 0.503547 0.493355 0.511358 0.513571 0.496328 0.490342 0.49902 0.491991 0.490542 0.50349 0.501248 0.494243 0.505684 0.493875
0.867754 0.00146136 0.00224006 0.0829183 0.490622 0.549726 0.490391 0.51663 0.549029 0.488877 0.488344 0.48233 0.532873 0.484186 0.473322 0.5089 0.483304 0.441955 0.48555 0.490033
0.00528116 0.979012 0.675666 0.212735 0.491106 0.493038 0.501229 0.499151 0.51379 0.508554 0.498932 0.494599 0.499511 0.496371 0.489604 0.501448 0.493797 0.50068 0.50023 0.498728
0.00119214 0.976749 0.697918 0.135037 0.500868 0.495662 0.509857 0.504448 0.507453 0.506591 0.492865 0.49286 0.501832 0.501018 0.49103 0.50281 0.493567 0.499253 0.505641 0.500847
0.173137 0.797122 0.431762 0.204719 0.48202 0.489737 0.494445 0.482013 0.513262 0.48372 0.511578 0.508197 0.515326 0.493778 0.484463 0.497411 0.503585 0.486259 0.497442 0.492728
0.0116564 0.281758 0.226498 0.704082 0.51403 0.509403 0.547636 0.436255 0.552346 0.458406 0.536358 0.420594 0.444921 0.51831 0.522238 0.451991 0.49855 0.445512 0.525184 0.552132
0.313361 0.0247466 0.00608818 0.00410313 0.499586 0.487029 0.496957 0.497447 0.511782 0.50924 0.498193 0.492478 0.523033 0.500561 0.480587 0.491252 0.516587 0.500602 0.510933 0.510761
0.540068 0.693765 0.606763 0.430015 0.482743 0.508766 0.483051 0.477922 0.502409 0.496529 0.503343 0.502916 0.482921 0.495196 0.478163 0.506067 0.489193 0.500645 0.49528 0.497403
0.634468 0.0491424 0.263947 0.583622 0.443432 0.516379 0.487795 0.489811 0.51554 0.527746 0.501347 0.507914 0.51148 0.487505 0.505478 0.509801 0.507828 0.49912 0.508385 0.516886
0.225295 0.214893 0.153157 0.802895 0.441952 0.507349 0.520573 0.47763 0.517374 0.505574 0.519649 0.470072 0.468085 0.479782 0.540185 0.480364 0.511974 0.520317 0.497867 0.472591
0.988602 0.192927 0.717723 0.0648411 0.504699 0.507103 0.49545 0.496637 0.501071 0.503235 0.49796 0.497321 0.491891 0.500116 0.49646 0.497438 0.505475 0.499834 0.505931 0.496811
