0 0.597707 1 0.459021 0.464897 0.481886 0.0326042 0.114793 0.154116 0.387849 0.512171 0.806384 0.811377 0.633516 0.836444 1 0.443383 0.379777 0.253637 0.166297
0 0 0.70458 0.37314 0.877231 0 0.976802 0.603216 0.33262 0.930617 0.673434 0.890622 0.0535174 0.565934 0.0939964 0.487117 0.0518612 0.111857 0.194328 0
0.251459 0.251961 1.15694e-07 0 3.42208e-05 2.04337e-05 6.30937e-06 2.3567e-06 4.79082e-05 2.54419e-06 9.84705e-06 1.03348e-05 0.000104359 3.6941e-05 1.33573e-06 5.58449e-06 3.43607e-06 2.15708e-05 7.52807e-06 4.15371e-07
0.172641 0.172476 1.37157e-07 0.000167453 0.00102503 0.000400192 0.000855731 0 0 0.000126293 0.00121482 0.000349098 2.95385e-05 8.86247e-05 0.000734238 3.75639e-05 0.000289517 0.000228513 0 0.000215766
0.252149 0.170286 0 1.05377e-08 5.21279e-05 2.72253e-06 0 1.11293e-07 3.01583e-07 0 0 0 0 1.09162e-06 4.01352e-08 0 0 1.77853e-07 0 0
0 0 0 0 0 0 0 0 0 0 0 0 0 0 0 0 0 0 0 0
0.00343558 0.00177381 0 0 0 3.43609e-06 0 2.14112e-06 0 6.96688e-06 0 0 1.05951e-05 4.51946e-06 1.80344e-05 0 4.32853e-06 0 4.37873e-06 0.00017317
0.17004 0.251125 9.74668e-09 7.31752e-07 6.5003e-07 1.2716e-07 2.97999e-07 6.72532e-08 1.16512e-06 1.38448e-07 5.46174e-06 1.12021e-06 1.03644e-06 3.69608e-07 1.10963e-06 0 1.88764e-07 0 3.39942e-06 0
0.109946 0.249575 2.5186e-07 0 0 0 0 5.58657e-05 8.36766e-06 0 5.93604e-07 5.49686e-08 0 1.0797e-05 1.07873e-06 0 8.93389e-07 6.19095e-07 5.74298e-06 3.7375e-07
0.25039 0.110405 7.23215e-07 1.97483e-05 4.02546e-05 9.96917e-07 2.00334e-07 4.12943e-08 2.65776e-06 3.24169e-06 6.24468e-06 4.48759e-07 8.93384e-06 2.46023e-06 2.40261e-06 2.26757e-06 4.62267e-06 1.26437e-05 6.58699e-07 0
0.218082 0.2183 1.3291e-07 3.21271e-07 4.12507e-05 0 2.11326e-05 5.23426e-06 3.06172e-05 1.1597e-07 6.13351e-05 0 4.73474e-05 8.41327e-05 2.63714e-06 7.97272e-06 1.67871e-05 7.29223e-05 9.89003e-07 9.23524e-08
0.0492973 0.250693 3.42081e-08 5.21894e-07 8.12195e-05 1.18056e-05 6.24112e-06 2.19537e-05 0 2.19664e-06 1.95657e-06 7.60729e-08 0 0 3.60341e-06 2.92378e-05 0 0 0 0
0.110899 0.110419 3.58325e-07 0.000429192 8.93168e-05 0.000781974 0.000115155 9.41868e-07 0.000261678 0.00012241 0.00144823 0 1.39606e-05 2.69431e-05 0.000159285 0.00145581 0.000225712 3.2915e-05 0.000330805 0.000378525
0.142756 0.250624 2.95744e-08 1.27213e-08 1.11577e-05 1.241e-07 5.1845e-06 7.30916e-06 5.46194e-07 1.57114e-08 9.35757e-07 5.91239e-07 2.06708e-07 1.70165e-05 2.54474e-06 1.68345e-07 8.42552e-07 2.94227e-06 7.82331e-08 2.90147e-06
0.098739 0.244219 3.44088e-09 1.58727e-05 8.12019e-05 8.36599e-06 0.000129508 1.66052e-05 0 1.88557e-05 0 0 3.02746e-06 3.73648e-05 0 4.41008e-05 3.82694e-05 0 2.78222e-05 1.43908e-05
0.251609 0.0507113 3.49833e-07 1.51598e-05 3.33366e-05 1.09144e-06 1.01211e-07 0 3.55836e-07 2.42199e-06 2.99412e-07 2.45396e-06 8.87015e-06 1.93508e-06 1.68368e-06 0 0 4.39757e-07 0 0.000112733
0.251748 0.143316 3.91373e-07 6.07862e-06 1.49331e-05 8.329e-06 1.57096e-07 1.04615e-07 2.29877e-07 1.24239e-06 6.9854e-06 1.45794e-06 1.08925e-05 3.52337e-06 4.97248e-07 3.38869e-07 2.07897e-06 1.57862e-06 4.74042e-06 4.21235e-07
0.196213 0.198915 1.95719e-07 3.36626e-07 2.62448e-06 6.52801e-05 1.71129e-05 4.36573e-07 5.64433e-06 2.78548e-07 1.46757e-05 6.723e-07 2.69977e-07 1.64397e-05 5.36779e-05 1.94581e-05 1.1181e-05 3.77726e-06 4.9863e-07 7.2938e-06
0.244313 0.099173 8.45693e-07 1.05978e-05 1.42796e-05 0.000100539 0 2.4897e-08 0 1.03023e-05 0 3.3318e-05 4.34151e-05 9.35368e-08 2.84633e-05 0 3.47391e-07 1.08885e-05 0 2.58859e-05
0.2528 0.206907 4.13976e-08 4.39495e-06 0 7.08188e-06 0 6.62405e-07 0 0 0 2.82883e-05 0 0 3.87969e-06 1.10419e-07 0 0 6.31093e-05 2.29935e-07
0.0889556 0.250899 1.90448e-07 0 0 1.78677e-06 0 3.44543e-05 4.37662e-06 0 0 0 0 0 8.75513e-07 0 5.00439e-07 6.05313e-07 8.95757e-07 0
0.151747 0.250353 0 1.01287e-07 5.23059e-06 5.04547e-07 1.1046e-06 0 8.7012e-07 2.89506e-08 0 3.06969e-07 0 1.65313e-06 4.91454e-07 2.3144e-07 3.64059e-07 1.0338e-06 9.90538e-08 3.81148e-07
0.252065 0.13345 6.93151e-07 8.7393e-06 5.46901e-06 4.83315e-06 3.09821e-07 1.28631e-07 7.69976e-07 2.17872e-06 8.06748e-06 1.84012e-06 2.04863e-05 3.2425e-06 7.03143e-07 1.38182e-06 4.78372e-06 2.65922e-06 8.52096e-06 7.50181e-07
0.25309 0.0446442 8.18334e-07 3.88098e-05 0 1.9444e-05 2.49104e-05 2.27509e-08 8.92415e-07 4.50854e-07 2.71916e-07 6.56151e-06 7.64822e-06 4.45575e-06 2.65831e-05 7.07422e-07 1.32769e-06 4.32992e-06 1.70917e-06 0.000189601
0.130847 0.174024 5.32214e-07 0.000628218 0 0.0011373 5.33471e-05 6.70031e-07 0 0.000182513 0 0 0 0 0.000378927 0.00362164 0.00026752 0 0.000692993 0.00108103
0.252076 0.130044 7.04635e-07 2.61112e-06 1.47853e-05 0 3.37577e-07 6.14788e-08 6.40032e-07 3.13607e-06 8.32624e-06 1.55003e-06 1.91944e-05 1.14365e-06 2.30362e-06 3.96674e-06 7.44147e-06 2.43092e-06 7.06863e-06 0
0.163509 0.250854 7.76763e-09 3.76288e-07 0 4.61922e-07 0 6.28117e-08 8.00652e-07 1.24443e-07 3.05879e-06 1.41156e-06 4.71485e-07 5.20445e-07 1.91981e-06 2.62293e-09 9.45652e-07 2.87183e-07 1.64765e-06 3.81148e-07
0.208503 0.253407 1.47754e-07 1.56994e-06 4.59861e-06 1.17387e-05 1.55585e-06 4.97523e-06 4.02309e-06 5.15715e-07 1.43218e-06 1.75752e-06 1.70374e-05 3.0003e-05 0 0 3.75905e-06 2.2916e-06 1.07528e-05 0
0.251912 0.0824704 6.80555e-07 1.42573e-05 4.48718e-05 1.27475e-06 4.1084e-07 5.44587e-08 2.39165e-06 3.04011e-06 6.71587e-07 9.35614e-07 2.19318e-05 1.44e-06 1.67502e-07 6.89967e-07 1.91617e-06 6.63422e-06 7.58947e-07 1.48924e-05
0.190842 0.063899 1.87128e-07 4.19744e-05 0.000102141 0.000432109 0.000204718 8.52949e-07 0.000264142 1.03115e-05 4.1669e-05 0.000288005 1.59274e-05 4.5915e-05 0.000153119 0.000533999 0.000122562 5.26288e-05 1.83372e-05 0.00030188
0.188253 0.251972 4.25357e-08 1.9761e-06 0 0 1.98015e-06 4.52382e-06 0 4.22565e-07 2.24059e-05 1.97617e-06 0 1.95754e-05 5.26627e-07 0 9.20117e-06 0 1.43825e-05 3.33537e-06
0.252442 0.164104 1.09993e-07 1.38384e-06 3.28651e-05 1.12664e-06 3.80341e-08 1.17562e-07 8.30575e-07 0 3.31836e-06 1.37845e-06 0 3.07108e-07 5.42503e-07 1.62713e-07 5.28002e-07 0 3.25803e-06 0
0.130116 0.250432 2.82118e-08 0 7.22933e-06 3.70131e-06 0 9.48814e-06 2.63511e-06 9.40844e-08 1.07992e-06 1.08796e-06 9.32683e-09 8.60735e-06 5.39794e-06 1.86701e-06 1.45533e-06 2.23555e-06 5.83593e-07 1.76535e-06
0.236075 0.156254 2.2863e-07 1.45575e-05 1.59417e-05 6.72462e-05 5.45548e-05 8.42522e-07 1.88915e-05 5.5935e-06 8.35994e-05 8.40571e-06 3.14965e-07 2.23752e-05 6.1381e-05 1.58719e-05 3.54749e-05 2.65333e-05 0 1.11884e-05
0.174598 0.130743 0 0.000100101 8.80751e-05 0 0.000218269 1.37456e-06 0.000604112 2.83099e-06 0.000792864 0.000396861 0 1.82925e-06 0.000256677 0.0026172 0.000447931 4.76453e-05 0.000174726 0.000224207
0.143494 0.0858735 3.6413e-07 0.00010257 0.000128109 0.00133242 0.000251791 2.09395e-07 0.000536348 8.94887e-05 0.000682985 0.000429299 0 2.85605e-05 0.000267833 0.000908003 0.000118321 0.000105032 0.000184712 0.000189295
0.00246343 0.00201841 0 0 0 0 0 2.38004e-06 0 7.92758e-06 0 0 1.17922e-05 5.14267e-06 6.03859e-06 0 0 0 4.98253e-06 5.62723e-05
0.0809061 0.253873 1.20753e-07 0 7.61506e-07 6.75667e-06 3.63245e-06 1.1394e-05 8.98649e-06 5.89296e-07 3.06255e-07 6.27089e-08 4.95903e-07 1.0548e-05 8.98383e-07 0 9.18708e-07 2.82348e-06 1.43399e-06 0
0.00164551 0 0 0 0 0 0 0 0 0 0 0 0 0 0 0 0 0 0 0
0.00174724 0.00203335 0 0 0 0 0 2.81417e-06 0 7.98625e-06 0 0 1.38313e-05 5.18072e-06 6.78923e-06 0 0 0 5.0194e-06 6.39031e-05
0.0634431 0.187253 1.00163e-07 5.08555e-06 0.000287411 1.65313e-05 7.76465e-05 1.3091e-05 0.000155141 6.82156e-06 3.31283e-05 7.58256e-05 7.53747e-06 1.92288e-05 0.000162689 0.000334408 0.000116599 2.09592e-05 2.93603e-05 0.000128563
0.157721 0.233486 2.23719e-07 0 2.89496e-05 0.000191875 0.000437219 1.22461e-05 0.000112154 0 3.01915e-05 0 0 0 0.00035029 0 0.000192238 0.000127292 0 0.000121071
0.251082 0.0899415 8.41549e-07 9.45434e-06 2.7069e-05 0 3.65935e-07 9.93914e-08 1.82233e-06 3.75271e-06 7.35373e-08 4.95061e-07 3.86773e-05 0 1.04639e-06 1.32549e-06 3.25096e-06 6.05612e-06 2.97163e-06 1.68869e-05
0.119214 0.249464 8.98663e-08 3.76878e-07 2.54824e-06 1.1021e-06 1.69467e-06 3.08909e-05 2.44794e-06 9.55082e-08 5.33603e-06 3.69934e-08 6.97831e-07 2.34255e-05 2.86584e-07 3.28464e-06 9.61899e-07 1.22244e-06 1.86536e-06 1.91438e-06
0.183216 0.250475 4.72802e-08 0 5.25081e-06 8.07205e-07 6.60381e-08 8.26674e-07 0 1.04415e-07 0 4.13921e-06 4.2816e-06 6.3326e-06 6.75237e-06 1.38847e-07 1.74834e-06 4.58827e-07 0 1.20431e-06
0.0858523 0.144148 3.37351e-07 0.000166861 0.000199336 8.91873e-05 0.000139772 1.12797e-05 0.000308373 3.38023e-05 0.000615487 0.000132164 1.40385e-05 9.54937e-06 4.24953e-05 0.000521353 0.000225724 3.95914e-06 9.79014e-05 0.000365093
0.251473 0.15256 1.83764e-07 2.78246e-07 1.92488e-05 1.357e-05 8.58085e-08 1.92226e-07 0 1.08267e-06 4.20604e-06 7.2897e-07 1.74374e-05 4.29067e-06 1.40327e-07 0 5.36231e-07 0 2.48631e-06 0
0.251839 0.183506 1.30682e-07 1.89303e-06 3.03017e-05 1.53392e-05 6.37806e-07 2.65399e-07 1.01786e-06 1.49852e-07 6.64725e-07 6.72951e-06 4.75306e-06 8.23464e-06 1.06422e-06 1.57991e-06 1.66673e-06 9.30063e-07 1.11089e-05 6.0522e-08
0.132583 0.249648 7.23188e-08 1.53813e-06 6.65142e-06 1.35134e-06 6.34545e-06 1.63084e-05 2.07256e-06 1.42609e-07 1.53677e-05 2.9562e-07 1.00971e-06 5.76784e-05 1.27237e-06 1.52825e-07 8.35017e-07 2.60184e-06 4.49034e-06 5.76724e-06
0.250188 0.119914 5.17328e-07 1.97716e-05 4.25337e-05 6.81287e-07 2.04592e-07 8.35595e-08 1.31739e-06 2.30635e-06 1.11623e-05 1.46068e-06 0 2.31646e-06 2.11797e-06 1.20511e-06 4.15355e-06 9.60272e-06 3.3512e-06 0
0 0.00302439 1.71041e-08 0 0 0 0 1.22791e-05 4.21238e-05 0 0 2.88049e-05 7.11999e-06 0 0 0 0 0 0 5.30956e-05
0.252099 0.187908 8.51357e-08 2.03637e-06 3.34976e-05 1.15081e-05 5.87297e-07 1.98113e-07 1.03939e-06 9.71308e-08 4.58117e-07 9.72111e-06 2.63531e-06 6.89941e-06 1.56626e-06 2.08805e-06 1.4416e-06 1.20671e-06 1.60418e-05 9.0783e-08
0.0446553 0.25293 0 6.98041e-07 1.99823e-05 1.52751e-05 2.31895e-06 1.01424e-05 7.54833e-06 7.90643e-07 3.75226e-07 3.18912e-08 0 3.00985e-05 1.21104e-06 1.37932e-05 0 7.13306e-07 1.93487e-06 0
0.00607118 0.000515515 0 0 0 9.67563e-05 0 3.09445e-07 0 9.38695e-07 0 0 1.52576e-06 6.08937e-07 2.70053e-06 0 2.47344e-06 0 5.89976e-07 0.000273074
0.00305663 0.0235822 1.42521e-08 1.14871e-06 1.95162e-05 4.38261e-05 8.48495e-05 1.28159e-05 8.37845e-05 0 0 0 9.28191e-06 1.91179e-05 5.56781e-05 5.59289e-06 5.21775e-06 0.000189344 8.8856e-06 0
0.161617 0.251341 0 7.57041e-07 0 0 0 0 1.62841e-06 1.90046e-07 1.06598e-06 0 8.29694e-07 0 0 0 6.57309e-09 2.87183e-07 3.46107e-06 0
0.180236 0.250729 3.25189e-08 3.55917e-07 0 5.95567e-07 0 2.02347e-08 2.08043e-07 1.99301e-07 1.51352e-06 3.70418e-06 4.85658e-07 0 5.15071e-06 0 1.76014e-06 0 1.76853e-06 0
0.19632 0.142539 0 0.000302613 0.00128299 0.000140946 0.00043655 1.3032e-06 0.000440338 0.000129775 0.00144699 0.00044675 4.11835e-05 5.85244e-05 0.000417632 0.000526092 0.000375502 0.000192044 0.000226166 0.000152739
0.24947 0.224338 1.67587e-07 2.0897e-06 1.99088e-05 2.28296e-05 4.80761e-06 1.49972e-06 2.3342e-05 1.87291e-06 6.99266e-06 1.43228e-05 4.05677e-05 2.33277e-05 1.78861e-06 3.63062e-06 9.92874e-06 8.06446e-06 2.18185e-05 3.1247e-08
0.251679 0.104167 1.00003e-06 2.23946e-05 1.54828e-05 2.11315e-06 2.53229e-07 8.60317e-08 2.84095e-06 1.3771e-06 4.33888e-07 1.40337e-07 2.27618e-05 1.73786e-06 1.91334e-07 1.14673e-06 3.22906e-06 8.23199e-06 4.0597e-07 2.10567e-05
0.252008 0.162199 1.12742e-07 1.37857e-06 2.75186e-05 5.41833e-06 3.80341e-08 1.29746e-07 6.79783e-07 0 3.31836e-06 1.37845e-06 0 1.75962e-06 5.22436e-07 1.62713e-07 5.28002e-07 3.04034e-07 4.70716e-06 0
0.24938 0.0606268 4.54253e-07 1.46266e-05 2.89366e-05 1.02322e-07 0 0 8.26291e-07 5.89417e-06 1.30457e-06 2.61678e-06 1.79435e-05 2.59411e-06 1.92575e-06 1.80388e-06 1.86332e-06 4.7754e-06 1.75404e-06 6.40541e-05
0.140609 0.138941 8.7122e-08 0.000220743 0.000216134 9.18276e-05 0.00013881 3.10071e-05 0.00154527 3.70621e-05 0.00191679 4.48445e-05 2.03032e-05 0.000170873 0 0.000659865 0.000451048 0.000156667 0.000295923 0
0.159229 0.159235 6.90417e-08 0.000302999 0.000724006 0.000259934 0.000415054 4.50898e-06 0.000764369 0.000145986 0.00210663 0.000311715 2.2781e-05 5.61635e-05 0.000296293 0.000916765 0.00027049 0.000185052 0.000229776 0.000219917
0.251187 0.0947011 1.17211e-06 1.89498e-05 2.42732e-05 7.07694e-07 5.51042e-07 1.79541e-07 3.68913e-06 2.5139e-06 2.16944e-07 7.01685e-08 4.28122e-05 6.03627e-07 4.22133e-07 1.02036e-06 3.46464e-06 1.12096e-05 1.70838e-06 0
0.0441313 0.0704543 1.32286e-07 0.000161214 6.92891e-06 9.97151e-05 3.59005e-05 4.35112e-06 0.000391278 5.56018e-05 0.000502475 0.000129555 2.71049e-05 3.18568e-05 1.06228e-05 0.00024046 0.000110111 0 0.000106779 0.000248901
0.199929 0.253249 3.87171e-08 7.77323e-07 0 4.17187e-06 1.81962e-06 3.47739e-06 4.42299e-06 5.53633e-07 6.55238e-06 8.97062e-06 9.28532e-06 2.09918e-05 3.13217e-07 9.94537e-07 2.84636e-06 0 2.51198e-05 3.4279e-07
0.133601 0.0225871 0 6.00302e-06 2.20992e-05 2.85888e-05 3.40653e-06 0 8.52651e-06 1.02191e-06 0 2.53e-07 0 1.20596e-06 5.65688e-06 1.58077e-06 2.84766e-06 0 7.32708e-07 0.000256402
0.106697 0.251454 1.11561e-07 0 8.92049e-07 0 0 2.67154e-05 0 0 0 3.04439e-07 0 5.34693e-06 2.46207e-06 0 4.3084e-07 1.83183e-07 0 0
0.251831 0.165665 3.51802e-08 7.07832e-07 3.56856e-05 1.20204e-05 0 9.32818e-08 0 0 4.27321e-07 7.07005e-07 0 3.56378e-06 2.24312e-07 0 3.29152e-08 1.31778e-06 4.71364e-06 1.42167e-08
0.0657882 0.252593 3.52253e-08 1.85295e-06 4.12286e-05 1.96421e-05 3.74674e-06 8.48566e-07 3.22445e-06 1.50249e-06 0 0 9.73822e-07 1.56511e-05 4.45288e-08 2.36946e-05 4.97848e-07 2.38258e-06 9.03545e-08 0
0.152897 0.250124 0 0 9.43168e-07 0 1.90608e-06 0 9.30171e-08 0 0 0 0 0 0 0 0 6.2599e-07 0 0
0.0794363 0.100832 5.70931e-07 0.000658261 0.000154911 0.000367369 0.000140829 0 0.000622581 0.000189863 0.00214819 9.30055e-06 1.18484e-05 7.6827e-05 4.87199e-05 0.000318412 0.000273159 1.98963e-05 0.000273342 0.000365444
0.153917 0.250065 9.51808e-09 3.85265e-07 3.88004e-06 9.60017e-07 1.24394e-06 6.28117e-08 8.5655e-07 7.57132e-08 2.86598e-06 1.30097e-06 2.94885e-07 3.75932e-06 1.51737e-06 2.62293e-09 1.01675e-06 2.74151e-07 1.75006e-06 7.99403e-07
0.141856 0.195637 1.97587e-07 0.000107942 0.000342462 0.000210768 0.000336407 1.93843e-05 0.000863895 5.36742e-05 0.00179981 0.000113435 1.83562e-05 0.000100917 0.000207842 0.000280294 0.000190132 0.000236593 0.000103067 0.000109298
0.251958 0.154156 1.26058e-07 4.40129e-06 1.59865e-05 2.35446e-05 0 2.80059e-08 0 4.05106e-07 1.70928e-06 0 0 7.41194e-06 0 0 0 1.30199e-06 0 0
0.094599 0.251605 1.14832e-07 0 0 5.9539e-06 0 3.48777e-05 7.54356e-06 0 0 1.25418e-07 0 0 0 0 0 0 4.7524e-07 0
0.116786 0.250101 7.08864e-08 4.6781e-07 3.69353e-06 3.15193e-06 9.79156e-07 2.54709e-05 2.49039e-06 8.92274e-08 5.39744e-06 6.10071e-07 4.15297e-07 2.98896e-05 4.45365e-06 2.18886e-06 1.23932e-06 2.85394e-06 1.3713e-06 2.40582e-06
0.165404 0.250164 6.59735e-08 6.30173e-08 1.82387e-06 1.3402e-06 1.1078e-06 5.74039e-07 0 2.37974e-08 1.02956e-05 2.91121e-06 1.51035e-07 5.812e-06 9.24618e-06 1.86092e-08 1.87816e-06 0 0 2.67883e-06
0.252383 0.17522 0 2.13909e-06 4.37318e-05 7.36788e-07 0 2.16506e-08 0 0 0 5.75429e-06 0 0 1.02872e-06 1.11059e-06 0 0 1.13785e-05 0
0.0529704 0.0527335 2.8108e-07 0.00030668 0 0.000300251 2.39365e-05 0 0.000417509 7.33397e-05 0.00119753 7.90563e-05 1.30532e-05 2.59103e-05 2.59179e-05 0.000332467 0.000158013 0 0.00016581 0.000183536
0.145603 0.112185 7.46806e-07 0.000376709 0.000122582 0.0012528 0.000315486 1.21997e-06 0.000217184 0.000225289 0.00104293 0 0 0.000145063 0.000233061 0.00179189 0 0.000127085 0.000431918 0.000648945
0.183205 0.106296 1.32834e-07 5.55275e-05 0 0.000896841 0.000128602 3.49861e-07 0.000340444 5.34581e-05 0.000275941 0.000453234 2.16605e-05 5.75273e-05 0.000296853 0.000871814 0.00015293 7.65256e-05 5.70859e-05 7.73605e-05
0.213327 0.151141 2.81646e-07 0.000261743 0.000622683 0.000440884 0.000275441 2.28541e-07 0.00019462 0.000116477 0.000574408 0.000193962 4.81109e-05 0.000165734 0.000166552 0.000212716 0.000161473 5.72086e-05 0.000163665 5.10634e-05
0.151197 0.214221 1.9211e-07 5.68567e-05 0.000275292 0.00015265 0.000605241 9.84452e-06 0.000396 2.98178e-05 0.000768415 6.28664e-05 6.91918e-06 3.47327e-05 0.000374028 4.75355e-05 0.000228438 0.000146098 2.55431e-05 0.000114295
0.252312 0.132482 6.11708e-07 1.45655e-05 1.04781e-05 1.03035e-06 1.11892e-07 9.78752e-08 1.07922e-06 1.33228e-06 5.20167e-06 1.49005e-06 8.21116e-06 1.61536e-06 7.24031e-07 1.2455e-06 4.17072e-06 4.14334e-06 6.06109e-06 3.91933e-06
0.068793 0.0426331 1.05265e-07 0.00013941 0.000360883 6.87217e-06 1.34815e-05 1.2125e-06 0.000776438 5.6485e-05 0.000390192 0.000746646 9.62503e-06 0.00010941 1.32035e-05 0.00158883 8.65705e-06 6.08098e-05 0.000132012 0.000198581
0.171941 0.250882 2.53501e-08 1.71876e-07 0 5.95567e-07 0 9.7235e-08 5.55672e-08 1.64796e-07 3.42221e-06 3.47309e-06 4.38028e-07 0 4.43206e-06 0 1.68198e-06 0 1.03633e-06 0
0.120722 0.249775 3.63785e-08 6.90272e-07 3.95373e-06 1.1021e-06 1.69467e-06 2.11616e-05 0 9.55082e-08 9.38718e-06 9.50911e-09 1.19356e-06 3.06307e-05 0 6.02736e-06 8.82972e-07 9.12887e-07 0 2.34168e-06
0.191316 0.250262 0 1.36273e-06 0 6.45072e-07 9.12647e-07 2.50789e-06 5.94297e-08 0 2.1403e-05 6.70098e-08 7.81806e-06 2.6955e-05 1.09078e-06 5.03262e-07 8.43497e-07 2.47969e-06 0 6.14136e-06
0.252824 0.142851 4.8179e-07 4.40129e-06 1.33505e-05 2.44394e-05 7.64451e-08 0 2.77143e-07 1.04567e-06 5.1018e-06 2.03254e-08 0 7.41147e-06 8.84087e-07 1.9455e-06 3.42547e-06 2.21514e-06 0 4.43268e-07
0.0828947 0.252795 8.91788e-08 1.90593e-07 0 1.05253e-05 8.85493e-07 2.06736e-05 1.10906e-05 0 1.20611e-06 9.1484e-08 1.73952e-07 9.25147e-07 6.01276e-07 7.40821e-06 1.6213e-06 1.53079e-06 6.8958e-06 3.7375e-07
0.250691 0.0755026 1.01635e-06 2.47925e-05 1.43193e-05 3.75519e-06 3.12876e-06 4.0574e-09 2.61199e-06 2.68152e-06 0 3.59684e-07 2.51209e-05 1.0847e-06 3.94601e-06 1.60876e-06 2.11162e-06 7.24405e-06 0 6.29063e-05
0.10016 0.0782227 1.11316e-06 0.000180888 0 0.00170453 0.000172284 2.6412e-06 0.000218184 9.60451e-05 0.00156443 0 0 7.80874e-05 0.000215557 0.00047715 0 0.000319222 0.000163625 0.000524627
0.118417 0.216797 2.9019e-07 9.66725e-05 2.79532e-06 1.67502e-05 4.72588e-05 3.85584e-05 0.000401753 2.04109e-05 0.000998371 2.42652e-05 3.60539e-06 3.06727e-05 2.00165e-07 0.000137225 4.52393e-05 7.30156e-05 5.84844e-05 0.000136921
0.220964 0.118014 5.03144e-07 7.51317e-05 4.16057e-06 0.000422555 8.91548e-05 1.16565e-06 4.10626e-07 7.21654e-05 1.79155e-06 0.000134013 2.69331e-05 9.27121e-06 0.000153914 0.00115821 0 2.93886e-05 0.000155294 0.000231565
0.0968196 0.0330284 1.87128e-07 2.48216e-05 3.57369e-05 0.000358135 0.000160729 1.47184e-06 0.000264142 5.20972e-06 4.1669e-05 0.000194337 6.69144e-06 4.71329e-05 0.000111026 0.000345991 8.979e-05 5.26288e-05 1.13527e-05 0.000314997
0.142928 0.25189 2.66388e-08 5.60798e-07 1.01221e-05 2.76297e-06 3.03812e-07 2.4514e-06 2.97954e-06 2.51522e-07 3.61142e-06 5.68437e-07 2.95517e-07 9.07827e-06 2.12733e-06 6.05002e-07 1.65556e-06 1.00469e-06 3.75686e-06 1.92908e-06
0.190752 0.0837485 1.91474e-07 0 6.89147e-05 0.000395758 7.73622e-05 0 5.50098e-05 0 0 0.000418049 2.45555e-06 0 0.000264633 0.000485903 0.000330247 0 0 0
0.253434 0.0334789 5.18079e-08 0 4.48008e-05 0 0 0 0 2.63859e-06 0 7.4986e-07 1.30501e-05 0 1.41317e-07 0 0 0 1.14459e-06 0.000117689
0.131418 0.0607578 1.58488e-07 6.49171e-05 0.00026903 0.00054251 0.000233716 1.57411e-06 0.000490561 2.28849e-05 0.000121884 0.000901747 2.24604e-06 0.000107399 0.000212207 0.00174426 0.000152572 9.4714e-05 7.74927e-05 0.000388335
0.105463 0.18519 5.21977e-07 0.000416361 2.26514e-05 0.000180497 0.000110167 6.39778e-06 0.000329332 0.000101949 0.00128512 4.82588e-05 8.05769e-06 3.73841e-05 1.8401e-05 0.00029839 0.000229571 7.26763e-06 0.000200335 0.000429552
0.112338 0.144926 6.58723e-08 0.000499725 0.000254288 0 0 2.79203e-05 0.00162679 8.46969e-05 0.00237415 8.13798e-06 2.73582e-05 0.000122916 9.89801e-07 0.000727856 0.000577871 3.99717e-05 0.000420741 9.70698e-06
0.102708 0.251702 1.46464e-07 0 0 0 0 3.74254e-05 0 0 0 3.00769e-07 0 0 3.48192e-06 0 0 0 0 0
0.131946 0.250379 0 1.71816e-09 5.56353e-06 4.54896e-06 0 2.74203e-06 2.52631e-06 6.58954e-08 2.21508e-07 1.67498e-06 0 1.26826e-06 7.55326e-06 1.83447e-06 1.89765e-06 2.62244e-06 0 1.58566e-06
0.191702 0.189632 4.04985e-08 1.51443e-06 0.000360581 0.000130702 0.000118979 2.29918e-06 0 1.72251e-05 0.000499142 0.000104738 1.7938e-05 9.09199e-05 0.000288375 0 0.000232939 5.85714e-05 1.91948e-05 0
0.251493 0.153406 2.16195e-07 1.37857e-06 1.28798e-05 1.78821e-05 8.58085e-08 1.1473e-07 0 6.77359e-07 4.63336e-06 1.37845e-06 1.03028e-05 5.29268e-06 2.83685e-07 0 5.28002e-07 0 4.70716e-06 3.55418e-09
0.0751883 0.252539 1.52659e-07 1.11068e-07 4.68292e-06 5.45321e-06 7.05745e-07 2.06013e-05 7.62147e-06 2.88802e-07 1.53128e-07 4.75456e-09 1.09296e-07 0 8.64684e-07 1.6402e-06 9.06614e-07 1.12662e-06 1.61275e-06 0
0.204396 0.205507 1.83325e-07 0 0 2.74974e-05 8.14798e-05 3.81736e-06 5.06061e-05 8.54679e-08 0.000146959 6.10583e-06 3.05413e-05 7.13023e-05 3.07689e-06 1.64659e-05 3.74018e-05 8.78916e-05 4.15702e-06 1.26764e-05
0.251952 0.172685 0 1.37628e-06 2.95191e-05 2.86453e-06 0 8.71385e-08 0 0 0 1.01948e-05 0 0 2.10955e-06 2.43799e-06 3.08408e-07 0 2.08536e-05 0
0.0154631 0.25398 1.11187e-08 1.04353e-06 0 9.12722e-06 0 0 3.01933e-05 0 0 0 0 6.48018e-05 0 0 0 1.42661e-06 7.73947e-06 0
0.131201 0.250384 2.59913e-08 0 2.04597e-05 3.4547e-06 4.11986e-06 6.83352e-06 2.3457e-06 1.00088e-07 0 2.22931e-06 0 2.39277e-05 9.16613e-06 9.49494e-07 2.72601e-06 5.57849e-06 2.24425e-07 5.67823e-06
0.250888 0.199208 2.33142e-07 3.85467e-06 9.57605e-06 2.63752e-05 2.18366e-06 7.30903e-07 8.10561e-06 7.13971e-07 3.9324e-06 1.21245e-05 1.58589e-05 1.68291e-05 1.88054e-06 2.15351e-06 5.37631e-06 5.0243e-06 1.88861e-05 0
0.0342646 0.0935831 4.8663e-08 0 8.6142e-05 8.26566e-06 6.66324e-08 1.14113e-05 0.000216248 3.41078e-06 0 0.000130453 1.76301e-05 9.13047e-06 8.13446e-05 0.000179321 8.74208e-05 1.40748e-05 2.95862e-05 0.00014336
0.252551 0.143442 5.05949e-07 1.11005e-05 1.81385e-05 1.12888e-05 0 1.08888e-07 0 1.38343e-06 2.33154e-06 0 7.26242e-06 4.17186e-06 5.68362e-08 3.46735e-07 2.52892e-06 2.72531e-06 0 1.76275e-06
0.251943 0.117458 6.13296e-07 1.83199e-05 2.83592e-05 3.56447e-06 9.04115e-08 8.2544e-08 1.4934e-06 1.18178e-06 4.15697e-06 3.63017e-07 5.64952e-06 3.06093e-06 4.73504e-07 6.77739e-07 2.38423e-06 6.51579e-06 1.48164e-06 7.11368e-06
0.177903 0.0439297 1.29577e-07 6.2037e-05 0.000110759 0.000259606 2.73444e-05 1.03183e-06 6.94049e-05 2.36691e-05 0 2.53441e-06 1.47753e-05 1.11293e-05 4.63201e-05 1.3892e-05 5.17178e-05 0 6.01439e-06 0.00031655
0.252249 0.131388 6.58717e-07 1.59282e-05 7.86516e-06 0 6.84507e-08 1.17826e-07 8.30777e-07 1.62778e-06 5.04565e-06 1.80891e-06 9.51615e-06 0 9.87068e-07 1.61233e-06 5.22812e-06 3.66451e-06 7.52449e-06 4.93457e-06
0.0841379 0.189829 4.25938e-07 0.000275719 8.79676e-05 0.000310763 6.77774e-05 8.86356e-06 4.46636e-05 4.9385e-05 0.00122058 0 2.47993e-06 2.91937e-05 0.000166954 0.000289542 0.000251261 3.37802e-06 0.000109372 0.00025593
0.174864 0.250333 4.8675e-08 9.16639e-08 1.06992e-05 3.91772e-07 1.14468e-06 4.22371e-07 0 3.17135e-08 1.50643e-05 2.5468e-06 2.32836e-06 6.51085e-06 2.08446e-06 2.01867e-07 4.12679e-07 6.93298e-07 0 8.95009e-07
0.251347 0.0829405 1.29739e-06 2.98755e-05 7.01066e-06 5.58162e-06 4.69315e-06 6.08609e-09 3.50484e-06 1.0752e-06 0 0 2.87096e-05 3.30001e-07 4.95615e-06 1.51121e-06 2.23577e-06 8.47838e-06 0 6.23324e-05
0.142325 0.250293 2.21735e-08 1.59681e-07 6.23048e-06 1.25034e-06 1.6594e-06 3.74915e-06 5.59666e-07 8.36232e-09 2.225e-06 4.78376e-07 3.72093e-07 2.51564e-06 1.64142e-06 7.6271e-07 8.61254e-07 9.35344e-07 2.35148e-07 1.14079e-06
0.252265 0.121155 8.90517e-07 1.66664e-05 9.25431e-06 1.57815e-07 2.9419e-07 1.36889e-07 1.85162e-06 2.73583e-06 5.38374e-06 1.73672e-06 2.48255e-05 7.18824e-08 1.10809e-06 2.38479e-06 6.58296e-06 6.25042e-06 7.98684e-06 2.03048e-06
0.181803 0.183853 2.1779e-07 8.97131e-05 0.00034531 0.00029023 0.000697001 2.50405e-06 0.000389263 5.07745e-05 0.000814891 0.000110932 7.74228e-06 7.67168e-05 0.000581893 0.000116868 0.000328181 0.000175168 2.71576e-05 0.000152771
0.231776 0.218364 1.14755e-07 1.908e-06 0 1.19167e-05 2.34654e-06 2.44126e-06 8.53133e-06 4.61196e-07 2.61682e-06 2.62035e-05 2.91555e-05 1.69021e-05 7.28673e-06 8.09483e-06 2.90165e-06 1.69282e-05 4.59802e-05 7.27991e-07
0.0618462 0.129008 7.15159e-07 0.000481576 0.00019492 0.00047634 5.84766e-05 0 0.000527858 9.34017e-05 0.00233392 5.88837e-05 2.18488e-06 1.34537e-05 0.000241297 0.000383066 0.00044801 3.59673e-05 0.000146825 0.000432622
0.252326 0.180631 0 2.39747e-06 4.41231e-05 6.97414e-06 2.04816e-09 1.10781e-07 3.01583e-07 0 0 4.02167e-06 0 3.18295e-06 5.06053e-07 6.81548e-07 0 1.77853e-07 6.50614e-06 0
0.0431847 0.171963 2.93356e-08 1.52575e-06 0.000221173 1.69962e-05 4.70773e-05 6.43589e-06 7.94788e-05 7.69432e-06 9.1521e-06 5.8193e-05 1.05921e-05 4.11512e-05 2.84985e-05 0.000135632 5.03383e-05 5.60706e-05 0 7.85379e-05
0.0591907 0.252964 1.15437e-07 9.81351e-07 1.72589e-05 7.88466e-06 2.9267e-06 4.01104e-06 5.98908e-06 4.33754e-07 1.53128e-07 0 7.1348e-07 1.0548e-05 9.09213e-07 1.39967e-05 9.62039e-07 2.54111e-06 1.37513e-06 0
0.254043 0.0169978 0 0 0 5.82048e-05 0 0 0 0 0 0 0 0 0 0 0 0 0 0.000352908
0.251571 0.107463 8.80191e-07 2.66932e-05 1.61716e-05 1.8338e-06 1.41354e-07 1.13971e-07 1.81221e-06 2.29297e-08 0 0 9.85976e-06 1.37841e-06 0 0 6.99491e-07 5.85431e-06 0 2.1309e-05
0.207185 0.215629 2.37225e-07 2.2858e-06 3.59798e-06 1.09405e-05 2.1642e-05 3.18927e-06 2.60188e-05 0 6.63182e-05 0 3.23345e-05 8.76963e-05 1.96109e-06 9.36106e-06 1.68724e-05 7.52627e-05 0 0
0.249129 0.0664648 9.13631e-07 2.18676e-05 2.05184e-05 2.72859e-07 1.91509e-07 6.59982e-08 2.48862e-06 5.59264e-06 6.94163e-07 2.24194e-06 3.86565e-05 1.82503e-06 1.87104e-06 1.28138e-06 1.85747e-06 9.36547e-06 2.25401e-06 3.91326e-05
0.252247 0.191787 1.29622e-07 1.7994e-06 3.02639e-05 1.27109e-05 9.62648e-07 2.80819e-07 1.24397e-06 2.26138e-07 7.53201e-07 1.32521e-05 5.71184e-06 8.05152e-06 2.25337e-06 3.08719e-06 2.05112e-06 2.21253e-06 2.35301e-05 3.3444e-07
0.0332752 0.254307 4.27162e-08 7.46673e-07 0 3.52497e-06 0 3.75797e-06 2.62972e-05 0 0 6.38905e-10 0 4.17862e-05 0 0 3.83572e-07 1.36182e-06 7.3307e-06 0
0.0249135 0.134466 0 0 0.000161628 2.1129e-05 0 7.46943e-06 8.24749e-05 9.39972e-06 0 6.0262e-05 1.26185e-05 3.951e-05 6.91708e-05 1.3574e-05 2.89075e-05 6.3108e-05 0 4.45728e-05
0.224732 0.251391 9.36741e-08 7.74545e-07 1.15641e-05 1.42848e-05 4.16047e-06 3.60812e-06 2.59956e-05 1.57751e-06 1.09184e-05 5.33275e-06 6.04255e-05 3.74349e-05 1.1516e-06 3.21928e-06 5.72978e-06 1.3227e-05 4.56388e-06 2.1267e-06
0.252164 0.12591 7.87574e-07 1.6678e-05 1.03938e-05 0 2.96319e-07 1.58022e-07 1.18144e-06 2.26816e-06 7.84257e-06 2.24268e-06 2.03586e-05 0 9.65776e-07 1.85355e-06 6.34841e-06 4.7299e-06 9.33309e-06 2.03048e-06
0.252337 0.199573 1.25629e-07 4.05185e-06 1.17702e-06 1.39237e-05 4.92763e-07 4.52533e-07 6.75859e-07 1.19336e-07 5.83872e-07 2.39839e-05 2.89409e-06 5.78437e-06 3.5161e-06 2.04932e-06 1.26751e-06 1.02535e-06 4.8218e-05 2.05751e-07
0.249013 0.0735295 7.97205e-07 1.74368e-05 1.14808e-05 2.72859e-07 3.00104e-09 2.53981e-08 1.3324e-06 5.88419e-06 9.6354e-07 2.42957e-06 3.7118e-05 1.82503e-06 2.3323e-06 1.96417e-06 2.57767e-06 6.36222e-06 3.20991e-06 5.58778e-05
0.092609 0.251491 1.7449e-07 0 0 2.73485e-06 1.60323e-06 3.46002e-05 9.34897e-06 0 1.20611e-06 7.39868e-08 0 7.9824e-06 1.18133e-06 0 1.17806e-06 1.74207e-06 5.92369e-06 3.7375e-07
0.250764 0.095667 1.45722e-06 4.44326e-05 4.02727e-07 1.04895e-07 2.41837e-07 1.28165e-07 4.19908e-06 0 0 0 1.39165e-05 1.89563e-07 0 0 1.17511e-06 1.12539e-05 0 5.02456e-05
0.0689381 0.252931 6.87542e-08 8.70283e-07 1.25759e-05 8.14325e-06 3.82419e-06 7.51595e-06 7.30452e-06 1.44952e-07 9.09312e-07 4.65025e-08 6.04184e-07 1.31319e-05 6.86496e-07 1.23565e-05 7.86791e-07 2.84701e-06 3.0522e-06 1.86875e-07
0.251748 0.176655 1.72686e-07 5.05211e-06 8.58762e-06 2.22453e-05 8.99048e-08 1.54315e-07 0 0 7.01886e-07 8.77231e-06 0 8.04115e-06 1.07216e-06 1.3631e-06 3.37754e-07 0 1.54986e-05 0
0.164128 0.25005 1.88055e-08 1.51689e-07 0 1.00258e-06 0 0 0 3.08737e-08 3.91079e-06 1.5444e-06 2.86366e-07 0 2.34413e-06 4.06043e-07 6.93912e-07 0 0 0
0.176236 0.250424 3.89867e-08 2.52009e-08 1.53521e-06 8.11045e-07 0 2.69013e-07 0 1.02221e-07 6.71932e-06 3.79808e-06 1.2237e-06 1.47843e-06 3.78305e-06 2.0171e-07 1.22338e-06 0 0 0
0.109946 0.249575 2.5186e-07 0 0 0 0 5.58657e-05 8.36766e-06 0 5.93604e-07 5.49686e-08 0 1.0797e-05 1.07873e-06 0 8.93389e-07 6.19095e-07 5.74298e-06 3.7375e-07
0.0916229 0.251092 1.70434e-07 0 0 8.93386e-07 0 3.58545e-05 0 0 0 1.229e-07 0 0 2.18654e-06 0 0 2.92793e-07 0 0
0.175914 0.251251 1.462e-08 1.09763e-06 4.55112e-07 0 0 1.0088e-07 1.52541e-06 1.89773e-07 8.19261e-06 1.50963e-06 1.47473e-06 5.54412e-07 1.4373e-06 0 1.56323e-07 0 5.04172e-06 0
0.251281 0.166476 5.49854e-09 0 4.14348e-05 1.13059e-05 0 1.35661e-07 0 0 0 0 0 3.99663e-06 0 0 0 1.83294e-06 2.89825e-06 2.13251e-08
0.157115 0.144128 1.3621e-08 0.000430134 0 0.00100409 0.000231491 2.19888e-06 1.64657e-05 0.00017156 4.98547e-05 0 1.14783e-05 6.44781e-05 9.95105e-05 0.00354281 0.00014003 0 0.000563254 0.000575407
0.251968 0.100868 1.12728e-06 2.19422e-05 1.78046e-05 2.5386e-06 3.85376e-07 7.40799e-08 3.82039e-06 1.69399e-06 6.88433e-07 2.29122e-07 2.87772e-05 1.92379e-06 6.07589e-07 2.20422e-06 4.79492e-06 1.08575e-05 2.23699e-06 1.53605e-05
0.25134 0.10071 1.08026e-06 2.10469e-05 1.28379e-05 1.05658e-06 1.69941e-07 4.41585e-08 2.97487e-06 2.56915e-06 0 0 2.43336e-05 1.04324e-06 1.24717e-06 2.82838e-06 5.09603e-06 8.25863e-06 0 2.71373e-05
0.14998 0.250797 0 2.54426e-08 5.75052e-06 2.482e-07 1.73029e-06 6.2371e-08 1.09239e-06 1.85492e-08 0 0 0 2.17358e-06 0 3.10415e-08 0 1.05529e-06 1.56466e-07 0
0.181608 0.208805 1.2312e-07 1.17271e-05 0.000165907 9.31923e-05 0.000136813 3.36418e-06 3.81571e-05 1.22807e-05 0.000171988 1.87705e-05 3.3237e-06 3.23191e-05 0.000162998 3.52456e-05 8.10187e-05 4.98668e-05 1.79234e-06 3.93384e-05
0.196017 0.128803 6.77484e-08 0.000125563 0 0 0.000235279 5.37613e-07 0.000656653 1.73256e-05 0.000551978 0.000356072 1.06123e-05 9.65235e-05 0.000128849 0.00176643 0.000325852 7.8308e-06 9.64603e-05 9.32339e-05
0.251407 0.107146 9.45105e-07 2.18679e-05 2.44793e-05 1.19419e-06 3.25582e-07 9.93227e-08 2.76721e-06 1.42752e-06 4.18791e-06 5.03353e-07 1.71123e-05 1.01726e-06 4.14604e-07 1.02864e-06 4.47357e-06 8.94739e-06 1.18233e-06 1.40882e-05
0.0509094 0.0593208 1.34174e-07 7.83991e-05 2.84471e-08 0.000399555 0 3.20992e-06 0 0 0.000664183 6.72802e-05 1.48602e-05 0 7.83995e-05 0.000706546 0.000162115 6.50934e-06 0.000117307 0.00010783
0.0767197 0.252665 9.61912e-08 3.01661e-07 3.59766e-06 1.16114e-05 7.33569e-07 1.9075e-05 9.34897e-06 0 1.20611e-06 6.01296e-08 1.78554e-07 0 6.01276e-07 9.04842e-06 1.6213e-06 1.53079e-06 6.8958e-06 3.7375e-07
0.181918 0.251243 3.55771e-08 4.72969e-07 1.11463e-05 0 6.24327e-07 5.85565e-07 7.62706e-07 1.62653e-07 1.08918e-05 3.22482e-06 2.90783e-06 5.9817e-06 9.28902e-07 0 2.48718e-07 1.2258e-06 2.52086e-06 4.79526e-07
0.14777 0.245303 1.34135e-08 6.39047e-07 7.71798e-05 1.6236e-05 0.000190057 0 6.15171e-06 1.23518e-07 1.03832e-06 4.89489e-06 0 0 0.000122021 4.58156e-07 6.5352e-05 1.58216e-05 5.23136e-06 1.41004e-05
0.25327 0.158343 6.3029e-08 1.51257e-06 2.29967e-05 1.16101e-05 0 1.48916e-08 0 0 8.54642e-07 3.54383e-07 0 4.26246e-06 7.79425e-07 5.74313e-07 0 8.07519e-07 6.32129e-06 0
0.146152 0.250128 0 7.98404e-08 0 1.23623e-06 1.14992e-06 0 2.79833e-07 0 1.76743e-07 1.02188e-07 0 0 0 2.89982e-07 5.8946e-07 0 1.17574e-07 1.28059e-08
0.19816 0.251585 6.27593e-08 2.10703e-07 3.7175e-06 2.50069e-06 9.09811e-07 2.29572e-06 2.10748e-06 2.92982e-07 8.47084e-06 9.09675e-06 6.05318e-06 1.47701e-05 3.29873e-06 5.55485e-07 2.58687e-06 4.24166e-07 1.16756e-05 4.41813e-07
0.252233 0.159636 1.42423e-07 2.47889e-06 2.01635e-05 7.77456e-06 3.80341e-08 9.87887e-08 6.79783e-07 1.01276e-07 3.74568e-06 2.02792e-06 0 2.28039e-06 6.65793e-07 1.62713e-07 5.36231e-07 1.85521e-08 5.47887e-06 0
0.175811 0.157317 0 0.000269306 0.00110023 0.000266567 0.000409786 1.69886e-06 0.000326471 0.000138855 0.00126424 0.000414027 2.38469e-05 7.81463e-05 0.000484744 0.000660852 0.000423658 0.000144182 0.000240335 0.000178071
0.0331561 0 0 0 0 0 0 0 0 0 0 0 0 0 0 0 0 0 0 0.000225181
0.116831 0.169191 2.1144e-07 0.000221645 0.00014542 7.92161e-05 0.000230959 2.25592e-05 0.00124403 6.69874e-05 0.00226918 5.36299e-05 1.54636e-05 0.000104127 2.59384e-05 0.000349641 0.00028342 0.000172912 0.000186688 5.45764e-05
0.251397 0.146701 2.46793e-07 1.79075e-06 1.78309e-05 2.40822e-05 8.58085e-08 1.25774e-07 0 7.78635e-07 5.06068e-06 0 1.03028e-05 7.56445e-06 0 0 3.65569e-07 6.50994e-07 0 0
0.219556 0.139453 5.63291e-07 0.000417298 0.000465347 0.000768244 0.000368041 7.71374e-08 0.000333484 0.000179657 0.00026665 0.000141797 6.31073e-05 0.00025089 2.91678e-06 0.000332906 1.36081e-05 1.63932e-05 0.000238178 0.000102127
0.0694702 0.243255 4.63591e-08 3.77259e-06 1.39259e-07 1.13764e-05 2.32635e-05 0 3.07819e-05 0 5.71599e-06 2.52447e-05 3.99373e-06 1.22433e-05 0 6.82094e-05 7.33951e-06 0 4.74849e-06 4.13635e-05
0.121122 0.101991 5.16503e-07 0.000285166 8.2251e-05 0.00117044 0.000188567 1.00157e-06 0.0003453 8.99156e-05 0.00138626 0.000216406 6.98032e-06 6.20901e-05 0.000284456 0.0011716 0.000290327 0.000140232 0.000223095 0.000337759
0.186392 0.250579 6.40017e-09 1.08685e-06 0 6.83598e-07 4.56324e-07 1.92553e-06 4.45722e-08 6.25051e-08 1.58245e-05 1.22589e-06 5.95243e-06 1.89285e-05 2.1581e-06 3.45085e-07 1.18765e-06 1.66794e-06 4.06822e-07 4.42338e-06
0.16141 0.0501949 6.47886e-08 6.50577e-05 0.000124294 0.000481485 9.32269e-05 1.79318e-06 0.00025335 2.66611e-05 3.99117e-05 0.000135506 1.55435e-05 2.90056e-05 0.000100804 0.000296464 0.000130058 0 1.58002e-05 0.000336233
0.252245 0.181965 8.51357e-08 1.68211e-06 3.7632e-05 9.0262e-06 4.05833e-07 1.63996e-07 9.50831e-07 9.71308e-08 4.58117e-07 6.7646e-06 2.63531e-06 4.95085e-06 1.1748e-06 1.43271e-06 1.05044e-06 8.34116e-07 1.13018e-05 6.0522e-08
0.00268445 0.000955992 0 0 0 7.85391e-06 0 1.23778e-06 0 3.75478e-06 0 0 6.10305e-06 2.43575e-06 1.08021e-05 0 9.89377e-06 0 2.3599e-06 0.000103825
0.244071 0.147414 4.31269e-07 7.65016e-06 7.97086e-06 4.55153e-05 2.73664e-05 4.36631e-07 9.44577e-06 4.01628e-06 4.59659e-05 4.60052e-06 4.95609e-06 1.47246e-05 3.1402e-05 9.45326e-06 2.03121e-05 1.33811e-05 1.76716e-06 5.81584e-06
0.138925 0.249833 0 0 2.17124e-05 1.76871e-06 6.8291e-06 8.3112e-07 1.33264e-06 5.63028e-08 0 1.66908e-06 0 1.33177e-05 7.03118e-06 8.812e-07 2.37387e-06 5.25368e-06 1.95814e-07 5.37854e-06
0.205309 0.037636 0 9.69579e-06 4.07766e-05 2.9109e-05 3.31077e-06 0 8.10849e-06 4.49604e-06 9.57493e-07 1.74881e-06 0 2.27862e-06 3.94658e-06 2.74395e-06 3.57476e-06 9.26624e-08 7.69766e-07 0.000145825
0.107859 0.21263 2.63963e-07 0.000160787 5.59064e-06 1.92691e-05 9.45175e-05 1.27956e-05 0.000101122 4.08219e-05 0.000282636 4.83384e-05 7.21077e-06 4.73504e-05 0 0.000274324 8.34249e-05 0 0.000116969 0.000273842
0.0774372 0.0406709 1.10749e-07 0.000138369 0.000267424 0.000114367 7.97866e-05 2.58495e-06 0.000765919 6.16947e-05 0.00042084 0.000405364 1.55912e-05 0.00010031 3.13485e-05 0.00103116 3.71017e-06 2.50575e-05 0.000111192 0.000231743
0.251736 0.136374 5.96492e-07 8.2649e-06 9.27891e-06 0 3.22691e-07 1.52248e-07 8.54894e-07 2.09304e-06 7.85994e-06 2.44237e-06 2.36223e-05 1.77328e-06 9.97449e-07 1.75026e-06 4.90497e-06 2.39123e-06 9.57469e-06 0
0.133013 0.12233 5.29607e-07 7.47905e-05 0.000132308 0.000934815 0 3.12562e-05 0.00114635 0 0.00154085 0 1.94181e-05 0.000132806 0.000167969 0.000973485 0.000367845 0.000288883 0.000352823 0.000131152
0.176717 0.143333 6.81051e-09 0.000366374 0.000641497 0.000572519 0.00033402 1.75104e-06 0.000228402 0.000150667 0.000748422 0.000223375 2.63309e-05 6.15012e-05 0.000258571 0.00203445 0.000257766 9.60222e-05 0.00039471 0.000364073
0.189429 0.166981 1.07349e-07 7.69471e-05 0.000499009 0.000322042 0.000532973 0 0.000249807 6.69284e-05 0.00104007 0.000179173 1.27243e-05 0.000116013 0.000587393 0.000222222 0.000384956 0.000168587 7.32781e-05 0.000111371
0.070043 0.169734 3.90576e-07 0.000166041 9.29603e-05 0.000116394 0.000141838 0 0 4.78436e-05 0.000240483 0.000115591 7.39844e-06 0 5.90522e-05 0.000274303 6.56111e-05 0 0 0.00050776
0.143126 0.0546862 0 6.80784e-05 0.000137829 0.000699928 0.000159109 4.13418e-07 0.000437295 2.26861e-05 7.98235e-05 0.000268478 5.71657e-06 4.23624e-05 0.000137253 0.000579036 0.000204069 0 2.12073e-05 0.000182747
0.251394 0.155966 1.83764e-07 2.78246e-07 2.45972e-05 1.37421e-05 8.58085e-08 1.5534e-07 0 5.76082e-07 4.20604e-06 7.2897e-07 1.03028e-05 3.85848e-06 1.40327e-07 0 5.19773e-07 0 2.48631e-06 0
0.0379882 0.084827 3.76109e-08 0 0 7.86731e-06 0 2.49792e-06 0.000349263 2.50421e-06 0 0.000144068 2.62638e-05 1.21215e-05 4.47952e-05 9.48625e-05 4.72862e-05 1.97727e-06 4.92342e-05 0.000191055
0.154697 0.193144 2.15661e-07 9.84702e-05 0.000499784 0.000211911 0.000398796 1.24402e-05 0.000829994 5.42881e-05 0.00194997 0.00014187 2.03047e-05 0.000116029 0.000288172 9.53601e-05 0.000283882 0.000233149 7.68366e-05 0.000103031
0.159325 0.251556 2.82462e-10 7.29545e-07 5.70468e-06 0 1.81904e-06 2.5488e-07 1.22046e-06 1.20763e-07 1.201e-05 1.04745e-06 1.37947e-06 3.42832e-06 0 0 0 7.65424e-07 3.57731e-06 1.40806e-07
0.112961 0.250196 1.44884e-07 6.26789e-07 2.81099e-06 0 0 3.64071e-05 0 0 8.6959e-06 0 9.9146e-07 2.52074e-05 0 5.48544e-06 7.35535e-07 0 0 1.22836e-06
0.0999048 0.253363 7.38578e-08 0 0 6.74772e-06 6.20043e-06 1.91905e-05 1.22647e-05 4.14779e-07 3.63725e-06 1.47974e-07 4.18775e-07 3.47908e-05 1.40414e-06 0 1.58435e-06 5.16002e-06 1.04173e-05 7.475e-07
0.215441 0.253822 7.49127e-08 7.42094e-07 5.38747e-05 7.88939e-06 1.9255e-07 3.8657e-06 3.49933e-06 0 1.43218e-06 0 3.03696e-05 2.14789e-05 1.74936e-06 0 1.33444e-06 2.21008e-05 2.15117e-06 0
0.047318 0.0645849 1.8481e-07 0.000282135 1.80136e-06 9.18253e-05 4.78687e-05 2.29162e-06 0.000585621 9.22717e-05 0.000737674 0.000125394 2.7698e-05 4.48119e-05 0 0.000150268 9.74696e-05 0 0.00015004 0.000303742
0.173575 0.0924179 9.38868e-07 0 0 0.0011609 0.000127021 6.67809e-07 0 1.19866e-05 0.000612328 0.00028381 0 2.08395e-05 0.000322338 0.000286574 0.000231459 0.000229997 0 0.000227877
0.126085 0.249979 7.64606e-08 3.13395e-07 1.01684e-05 2.23518e-06 3.7919e-06 1.83655e-05 2.0294e-06 1.01485e-07 4.34795e-06 8.00584e-07 4.40979e-07 3.68638e-05 2.78291e-06 1.41745e-06 1.45395e-06 3.34991e-06 1.86227e-06 4.59126e-06
0.192909 0.15493 2.97011e-08 0.000209348 0.000958821 0.000196867 0.000455789 1.06492e-06 0.000351426 0.000100801 0.00126045 0.000332887 3.0353e-05 7.57028e-05 0.000461531 0.000377122 0.000368988 0.000175416 0.000159214 0.000128636
0.158203 0.250847 0 4.7866e-07 2.61529e-06 5.14237e-07 5.52299e-07 3.11855e-08 1.26282e-06 8.01626e-08 5.72892e-06 0 4.71485e-07 1.08679e-06 0 1.17032e-07 0 5.16902e-07 1.86294e-06 0
0.108772 0.0720251 1.49479e-06 9.01672e-05 0 0.00223021 0.000258426 1.99231e-06 0.000327275 0.000110046 0.00155575 0 8.05484e-07 0.000115176 0.000252661 0.000180377 6.49279e-06 0.000478833 0.00010906 0.000640603
0.000656647 0.000831125 0 0 0 0 0 2.00615e-06 0 3.26435e-06 0 0 9.66404e-06 2.1176e-06 0 0 0 0 2.05166e-06 0
0.102275 0.120722 4.42043e-07 0.000402069 0.00010977 0.000614926 0.000107315 2.76003e-06 0.000319323 9.06592e-05 0.00157414 4.01942e-05 7.97408e-06 2.17567e-05 0.000118079 0.00106842 0.000268075 3.39048e-05 0.000254767 0.000310573
0.139198 0.25049 0 0 8.75113e-06 3.66855e-06 0 0 1.93587e-06 6.27082e-08 0 1.70408e-06 0 4.11393e-06 6.86402e-06 9.50791e-07 1.80783e-06 2.80301e-06 0 2.10521e-06
0.252641 0.128987 7.5613e-07 1.75151e-05 0 0 2.18669e-07 7.55103e-08 2.15844e-06 1.12981e-06 5.84171e-06 2.67982e-06 1.13361e-05 2.30797e-06 1.03591e-06 2.49101e-06 5.57521e-06 5.31789e-06 1.05896e-05 7.54831e-06
0.207733 0.16279 1.77399e-07 0.000100633 0.000480111 0.000177771 0.000417013 9.72517e-07 0.000225023 4.84722e-05 0.000734426 0.000153396 1.65572e-05 5.89419e-05 0.000391772 0.000106905 0.000265458 0.00012607 5.33556e-05 7.77842e-05
0.124414 0.249457 8.90084e-08 2.26363e-06 1.18806e-05 2.05821e-06 5.23582e-06 2.19503e-05 3.05802e-06 1.9389e-07 1.57499e-05 8.30976e-08 1.32283e-06 5.30158e-05 0 1.30147e-07 1.54693e-06 8.99157e-08 7.69613e-06 3.01415e-06
0.153209 0.127914 4.0466e-07 0.000365131 0 0.00163056 0.000336443 3.54158e-07 0.000308437 0.000118764 0.0016048 5.291e-06 5.65796e-06 3.95847e-05 0.000314536 0.00106668 0.000330791 6.44995e-05 0.000297543 0.000302494
0.251373 0.11076 7.56647e-07 2.90687e-05 1.5355e-05 1.4814e-06 1.93428e-08 1.33916e-07 8.08125e-07 0 0 0 4.01069e-07 1.10572e-06 0 0 0 3.35271e-06 0 2.42833e-05
0.158304 0.174476 1.88525e-07 0.000173253 0.000662682 0.00027323 0.000590087 1.30949e-05 0.00077475 8.72577e-05 0.00175959 0.000221452 2.3211e-05 0.000104477 0.00043792 0.000349055 0.000339028 0.000257102 0.000135963 0.000177751
0.129293 0.220324 3.64958e-07 8.93712e-05 0 1.26539e-05 0 4.94406e-05 0.000401753 1.10212e-05 0.00100918 2.42652e-05 2.91538e-06 3.78933e-05 2.00165e-07 0.000116528 2.61046e-05 7.30424e-05 4.53662e-05 0.000130839
0.251216 0.157501 0 4.19843e-06 2.21743e-05 2.32897e-05 0 6.42973e-08 0 0 2.21536e-06 0 0 8.02261e-06 0 0 0 5.11684e-08 0 0
0.14395 0.175929 1.33137e-07 0.000214297 0.000249356 0 0 4.38555e-05 0.00207716 0 0.00212961 4.36819e-05 2.03648e-05 0.000157364 2.79411e-05 0.000860557 0.000635583 0.000191912 0.000413593 0
0.0560792 0.205929 7.78955e-08 1.24627e-06 0.00036959 3.30626e-05 3.86129e-05 1.68378e-05 0.000100026 1.36431e-05 2.16963e-05 2.53361e-05 1.49766e-06 2.60445e-05 0.000325378 0.000245378 0.000102916 4.19185e-05 2.0044e-05 4.58354e-05
0.203359 0.0959968 1.92005e-07 0 0 0.000662295 0 1.00029e-07 0.000215113 1.09707e-05 0 0.00051196 2.14724e-06 2.18972e-05 0.000276352 0.000231561 5.40806e-05 8.57741e-05 0 0
0.251749 0.118404 6.32832e-07 8.66587e-06 4.54112e-06 1.36057e-06 5.29977e-08 5.07956e-08 1.53294e-06 3.69969e-06 4.20312e-06 2.17062e-06 2.83501e-05 2.79917e-06 1.29118e-06 2.78289e-06 4.74629e-06 3.61324e-06 6.9711e-06 2.4666e-05
0.251671 0.120437 5.58373e-07 1.77933e-05 3.73557e-05 2.64551e-06 1.62764e-07 9.5835e-08 1.41966e-06 1.23219e-06 7.911e-06 7.26033e-07 0 2.34032e-06 6.96775e-07 5.59657e-07 3.62874e-06 7.2312e-06 2.25799e-06 1.45176e-07
0.160874 0.250847 7.46996e-09 0 0 1.09405e-06 0 1.25623e-07 4.64326e-07 1.33189e-07 0 1.83537e-06 0 1.04089e-06 2.70716e-06 5.24586e-09 1.16319e-06 5.74365e-07 0 0
0.120493 0.250962 9.92337e-08 6.26789e-07 3.25701e-06 0 0 2.97676e-05 0 0 8.6959e-06 1.52219e-07 9.9146e-07 2.52074e-05 7.89362e-07 5.48544e-06 9.50955e-07 0 0 1.22836e-06
0.168115 0.250094 2.41961e-08 1.51689e-07 4.51219e-06 9.34784e-07 8.20415e-08 1.77409e-07 0 1.88369e-08 6.56875e-06 1.5863e-06 1.10845e-06 2.26633e-06 1.3612e-06 4.72009e-07 3.33283e-07 5.00985e-07 0 2.64866e-07
0.130825 0.194708 2.65779e-07 8.11321e-05 0 3.87461e-05 0.000101299 2.94098e-05 0.00140867 0 0.00346829 0 0 0 0 4.5929e-05 5.08626e-05 0.000300634 0 0
0.191378 0.118042 4.40058e-08 0.000103232 4.0086e-06 0.00035414 0.000193824 5.59885e-07 0.000513411 3.52685e-05 0.000427514 0.000381931 1.36993e-05 7.81955e-05 0.000193886 0.00149924 0.000249601 3.43645e-05 9.17665e-05 0.000110141
0.232526 0.0869016 4.57612e-07 0 1.58625e-05 0.000413853 0 7.81904e-08 0 1.94489e-05 0 0.000133846 1.9673e-05 0 0.000119904 0 0 3.9095e-05 0 4.2938e-05
0.0902012 0.0837929 3.71753e-07 0.000330032 0.000120134 0.000608383 0 2.47556e-06 0 6.63319e-05 0.00178133 0 1.22061e-05 4.8715e-06 0.000115171 0.00116716 0.000193222 0 0.000230401 0.000341757
0.252024 0.192234 2.29511e-07 3.8546e-06 8.07848e-06 2.38334e-05 9.88073e-07 2.90031e-07 1.55108e-06 2.13699e-07 1.28587e-06 1.39136e-05 6.56621e-06 1.32157e-05 2.32499e-06 3.32952e-06 2.78292e-06 2.06027e-06 2.12818e-05 0
0.217316 0.0177098 0 2.40121e-05 8.83968e-05 0.000129462 1.36261e-05 5.06174e-07 3.4106e-05 1.19775e-05 0 1.012e-06 4.50772e-06 4.82384e-06 2.26275e-05 6.32307e-06 2.49863e-05 0 2.93083e-06 0.00025096
0.25183 0.168549 0 1.31118e-06 2.88445e-05 5.12111e-07 0 4.60989e-08 0 0 0 9.81632e-06 0 0 2.07492e-06 2.34054e-06 0 0 2.05979e-05 0
0.252561 0.168076 3.43261e-08 1.79488e-06 3.97876e-05 1.9476e-07 0 9.70707e-08 8.30575e-07 0 1.429e-06 1.3387e-06 0 1.79858e-07 5.44018e-07 1.62713e-07 2.7223e-07 6.30986e-07 3.1253e-06 1.77709e-09
0.116002 0.250456 7.3806e-08 0 2.20328e-05 1.9779e-06 4.95717e-06 2.43995e-05 1.36042e-06 5.1137e-08 0 1.77508e-06 1.09502e-07 2.47951e-05 8.45042e-06 4.0087e-06 2.91379e-06 4.29678e-06 3.78814e-07 4.62909e-06
0.124246 0.249547 1.44296e-07 4.03773e-07 1.52366e-06 0 3.13573e-06 4.33511e-05 0 0 9.70182e-06 0 6.29024e-07 3.23816e-05 0 8.06053e-07 0 1.83898e-06 0 2.79853e-06
0.221763 0.128584 3.6072e-07 7.03767e-05 1.16622e-05 0.000421618 8.91104e-05 1.12211e-06 0 7.18807e-05 0 0.000133718 2.43844e-05 8.73886e-06 0.000154344 0.00115876 0 2.86931e-05 0.000154274 0.000229898
0.249887 0.0845736 8.41843e-07 1.16128e-05 5.83603e-06 3.41074e-07 9.22992e-08 9.77598e-08 1.01222e-06 4.63075e-06 0 1.38034e-06 5.21528e-05 0 8.13116e-07 6.95611e-07 1.4576e-06 3.17365e-06 3.53831e-06 5.84948e-05
0.0958561 0.20506 4.52867e-07 0.000318145 3.38282e-06 0.000212846 5.38697e-05 7.1557e-06 0.000210865 7.06216e-05 0.00114185 1.16982e-05 1.28397e-06 4.93025e-05 8.49906e-05 0.000205181 0.000194568 1.26212e-05 0.00014143 0.000307607
0.250621 0.0587682 1.55939e-07 5.99229e-06 4.07475e-05 0 0 0 0 4.65071e-06 6.82068e-07 1.75476e-06 1.38038e-05 1.53816e-06 0 3.75021e-07 2.8914e-08 0 6.26554e-07 7.48474e-05
0.252634 0.176058 0 5.63334e-07 5.8936e-05 0 0 7.39616e-08 7.16871e-07 0 0 3.24738e-07 0 0 2.41223e-07 8.13566e-08 0 1.77853e-07 3.85859e-07 0
0.251327 0.139879 3.84121e-07 9.68597e-06 1.8736e-05 0 1.21431e-07 1.64735e-07 9.13055e-08 1.48693e-06 6.71531e-06 1.59792e-06 1.34357e-05 2.79007e-07 2.61281e-07 0 1.74935e-06 1.95544e-06 5.50672e-06 3.44777e-07
0.144248 0.157115 0 0.000407461 0.000108067 0.000268031 8.81388e-05 1.71431e-05 0.000630763 0.000133447 0.000193387 1.97768e-05 1.59314e-05 0.000114003 0 0.00335911 0.000232031 4.6084e-05 0.000594879 0.000435297
0.252708 0.146784 4.61013e-07 7.58288e-06 1.8153e-05 1.52092e-05 0 6.32407e-08 0 7.12704e-07 3.49411e-06 0 0 4.80075e-06 2.29548e-07 2.43418e-07 2.49354e-06 1.55268e-06 0 0
0.251731 0.161351 6.48618e-08 2.20065e-06 2.67247e-05 1.60184e-05 0 7.37463e-08 0 2.02553e-07 8.54642e-07 1.29895e-06 0 5.03818e-06 2.86715e-07 0 1.64576e-08 1.26197e-06 4.44168e-06 7.10837e-09
0.158293 0.250874 0 0 1.03987e-06 5.01109e-07 1.25139e-06 0 4.44537e-07 3.57974e-08 0 3.41376e-07 1.59841e-07 0 4.54299e-07 0 2.53646e-07 4.29778e-08 1.14825e-07 0
0.251982 0.135976 4.67286e-07 1.1616e-05 2.09562e-05 2.06069e-06 5.11523e-09 1.2024e-07 0 1.53475e-06 4.56163e-06 3.00293e-07 5.08625e-06 9.22751e-07 4.12152e-07 0 2.76623e-06 2.96878e-06 1.53259e-06 2.90352e-07
0.127475 0.153889 3.46419e-07 0.000319785 0.000216134 0.000158432 4.97382e-05 3.02427e-05 0.00153703 4.2539e-05 0.00189186 4.48445e-05 1.45641e-05 0.000138634 5.18769e-05 0.000699281 0.000514794 0.000156667 0.000360792 2.2273e-05
0.0853188 0.036465 1.48938e-07 8.15952e-05 0.00015158 0.000205891 0.000120258 1.47853e-06 0.000515031 3.19415e-05 0.000231254 0.000299851 8.44284e-06 7.27416e-05 6.38552e-05 0.000688578 9.29496e-06 3.88432e-05 6.03231e-05 0.000166471
0.25229 0.128096 6.93555e-07 1.39526e-05 1.56197e-05 2.66589e-06 3.83202e-07 1.18121e-07 1.67832e-06 1.67718e-06 8.15461e-06 1.60497e-06 1.77486e-05 3.24318e-06 4.39702e-07 1.11991e-06 4.2336e-06 5.68756e-06 6.40629e-06 0
0.00258379 0.00415259 0 0 0 0 0 5.37661e-06 0 1.63098e-05 0 0 2.65101e-05 1.05803e-05 2.67996e-05 0 0 0 1.02508e-05 0.000255904
0.0511794 0.249991 7.03645e-08 2.31366e-06 4.23605e-05 1.19692e-05 0 1.49085e-05 0 2.66519e-07 0 0 6.53745e-07 0 0 3.68385e-05 0 0 0 0
0.173453 0.0692773 1.22339e-07 4.49951e-05 0.000115676 0.00065227 0.000270601 5.43742e-07 0.000448087 9.81996e-06 8.15807e-05 0.000420977 1.1398e-05 6.15316e-05 0.000198585 0.00081657 0.000198738 5.26288e-05 2.59337e-05 0.000234978
0.148761 0.250545 0 1.85545e-07 5.07411e-07 1.11975e-06 6.55393e-07 0 9.808e-07 4.25172e-08 1.90121e-06 0 0 0 1.26555e-07 3.35669e-07 4.8781e-07 1.46084e-07 4.54824e-07 3.02818e-07
0.250866 0.104085 9.54109e-07 1.11346e-05 4.63313e-06 0 1.60515e-07 9.6869e-08 1.6036e-06 3.35309e-06 5.38754e-07 3.75269e-07 4.26966e-05 0 1.24899e-06 2.01469e-06 4.07016e-06 5.28353e-06 3.41721e-06 3.34904e-05
0.127613 0.251584 1.56105e-07 1.00495e-06 3.32571e-06 6.75669e-07 3.17272e-06 3.27537e-05 8.57582e-07 7.13045e-08 1.80422e-05 1.4781e-07 1.23671e-06 4.69131e-05 6.10664e-07 7.64123e-08 3.92042e-07 1.35573e-06 2.24517e-06 3.05831e-06
0.122916 0.0289151 7.54721e-07 4.0977e-05 0 0.000585081 0.000151046 2.81798e-06 0.000944412 1.0033e-05 0.000205977 0 4.07491e-06 0.000216565 2.43347e-05 4.33873e-06 0 0.000402688 1.83958e-05 0.000436192
0.156686 0.250088 9.51808e-09 5.06435e-08 2.61529e-06 7.04459e-07 5.52299e-07 6.28117e-08 4.3506e-07 3.7139e-08 0 1.25807e-06 0 1.34701e-06 1.67408e-06 1.18343e-07 7.63623e-07 5.16902e-07 4.95269e-08 1.90574e-07
0.00170343 0.0468243 0 3.19902e-07 1.90917e-05 3.71683e-05 8.30713e-05 5.0871e-06 3.37713e-05 4.77311e-07 3.29281e-07 0 8.53309e-06 2.13614e-05 0 1.81158e-06 0 0.000168385 0 0
0.131345 0.0935622 6.74681e-07 0.000141141 7.51852e-05 0.00155891 0.000261979 1.06127e-06 0.000428921 5.74211e-05 0.00132428 0.000432812 0 9.7237e-05 0.000409627 0.000887386 0.000354943 0.000247549 0.000115385 0.000296994
0.0936504 0.131025 5.25761e-07 0.000374946 0.000130223 0.000447878 9.94764e-05 4.57819e-06 0.000376969 5.89082e-05 0.00170005 8.03885e-05 1.98753e-06 1.65704e-05 7.68725e-05 0.000681026 0.000310438 3.48946e-05 0.000178728 0.000242622
0.0973736 0.251316 1.86491e-07 1.26902e-07 0 1.78677e-06 0 3.4625e-05 1.26297e-05 0 0 5.49686e-08 0 0 8.59853e-07 0 1.34289e-06 6.2504e-07 7.00152e-06 0
0.20571 0.250979 5.84051e-08 1.23496e-06 1.66481e-06 0 0 4.62356e-06 0 0 0 0 1.89205e-05 3.20881e-05 0 0 0 0 0 0
0.220843 0.187741 0 0 6.70712e-05 7.49659e-05 0.000109438 1.63632e-06 3.777e-05 9.44845e-06 0.000163908 3.18236e-05 0 2.94064e-05 0.000129646 3.82357e-05 7.13474e-05 3.16224e-05 3.76133e-05 2.49759e-05
0.134948 0.250339 0 8.81301e-08 2.38358e-07 5.04679e-06 0 0 2.74361e-06 7.92983e-08 7.04232e-07 1.37936e-06 0 0 6.34417e-06 1.91813e-06 1.72028e-06 1.22435e-06 1.88296e-07 2.86334e-07
0.252215 0.114479 6.68219e-07 1.88466e-05 1.93626e-05 4.48343e-06 1.80586e-08 6.92529e-08 1.56714e-06 1.13136e-06 4.02949e-07 0 1.1299e-05 3.78153e-06 2.50233e-07 7.95821e-07 1.13972e-06 5.80039e-06 7.0528e-07 1.40822e-05
0.251971 0.151062 1.81993e-07 4.63426e-06 1.97562e-05 1.91436e-06 1.18874e-07 1.12061e-07 9.13055e-08 7.19549e-07 4.86182e-06 1.62497e-06 1.08925e-05 1.94886e-06 4.44917e-07 0 3.66233e-07 8.74812e-07 7.90107e-06 1.99601e-07
0.252093 0.140132 5.6478e-07 1.04497e-05 7.02889e-06 0 3.33536e-07 1.56675e-07 9.34712e-07 1.57841e-06 8.67162e-06 2.67982e-06 1.84094e-05 2.22286e-06 5.35684e-07 1.24907e-06 4.30844e-06 1.96523e-06 9.8843e-06 0
0.0796945 0.250795 1.82485e-07 6.97175e-07 8.41979e-06 4.93385e-06 0 3.26527e-05 9.7168e-06 0 1.20611e-06 1.07717e-08 2.49745e-07 0 3.16675e-07 1.0882e-05 1.17806e-06 0 5.44845e-06 3.7375e-07
0.250164 0.213484 1.00624e-07 2.02436e-06 4.22744e-06 1.22211e-05 3.38111e-06 9.06496e-07 1.59013e-05 1.38165e-06 3.9048e-06 2.92412e-05 2.76884e-05 1.43033e-05 3.98868e-06 5.96177e-06 6.10431e-06 4.56143e-06 5.28808e-05 5.63093e-07
0.160987 0.0204833 0 1.2006e-05 4.41984e-05 5.82862e-05 6.81305e-06 0 1.7053e-05 2.79637e-06 0 5.06e-07 0 1.19405e-06 5.91271e-06 3.16154e-06 5.28033e-06 0 2.85465e-07 0.000202675
0.252752 0.134904 7.16989e-07 0 1.79806e-05 7.78643e-06 3.49616e-07 3.8855e-08 5.54287e-07 3.30749e-06 7.45631e-06 4.55517e-07 1.9923e-05 3.73998e-06 1.76817e-06 3.89101e-06 6.85094e-06 1.82631e-06 3.72358e-06 8.86537e-07
0.112667 0.251017 1.21749e-07 0 0 0 0 3.03864e-05 0 0 0 2.99053e-07 0 8.0204e-06 2.7454e-06 0 0 4.21171e-07 0 0
0.200654 0.251043 7.00142e-08 1.97471e-06 4.76795e-06 3.28595e-06 3.15058e-06 4.58919e-06 5.83467e-06 9.34502e-07 2.4589e-05 1.57235e-07 1.6676e-05 2.77969e-05 9.45821e-07 5.92193e-07 1.06429e-05 3.72705e-06 4.1045e-06 4.22732e-06
0.140465 0.218545 5.65629e-08 4.57247e-05 0.000519144 6.9905e-05 0.000612956 1.9303e-05 0.000985615 2.01964e-05 0.0018275 0.000116221 2.42062e-05 0.000146888 0.000263308 4.00756e-05 0.000180204 0.000315366 5.63826e-05 0.000103206
0.0660081 0.0471704 3.37341e-07 7.05703e-05 3.75926e-05 0.000779456 0.000130989 1.54022e-06 0.000214461 3.02396e-05 0.000662139 0.000216406 4.85421e-06 4.96104e-05 0.000204813 0.000443693 0.000177472 0.000123775 5.86535e-05 0.000148497
0.165601 0.250516 1.94934e-08 0 1.80747e-06 7.50819e-07 1.25139e-06 1.34506e-07 0 9.40632e-09 2.04648e-07 2.24042e-06 3.37965e-07 7.39216e-07 2.34582e-06 1.00855e-07 8.65339e-07 4.29778e-08 0 0
0.213351 0.107493 3.90017e-07 1.28082e-05 1.42436e-05 0.000721094 3.17712e-05 1.17836e-07 8.44485e-05 3.64399e-05 6.614e-05 0.000262631 1.48108e-05 1.95997e-05 0.000200259 0.000122475 2.9944e-05 6.2959e-05 1.23317e-05 2.23626e-05
0.237058 0.191024 5.62313e-08 2.42765e-06 2.69343e-05 4.56756e-05 5.45852e-05 7.43562e-07 1.60856e-05 4.52749e-06 7.35105e-05 3.13825e-05 0 1.45688e-05 6.75442e-05 2.24366e-05 3.55046e-05 1.99317e-05 5.01077e-05 1.20611e-05
0.178018 0.250665 4.03651e-08 0 1.31749e-05 4.26442e-07 6.65347e-07 6.2383e-07 0 7.71856e-08 1.00799e-05 3.26316e-06 2.72469e-06 6.83766e-06 8.9085e-07 1.31931e-07 3.37198e-07 1.47629e-06 0 6.11959e-07
0.159589 0.102301 8.42837e-07 0.000188354 6.12912e-05 0.00120685 0.000221253 9.4389e-07 0.000108592 0.000118638 0.000827627 0.000141905 0 8.29513e-05 0.000277699 0.00103923 0.00011573 0.000178541 0.000215959 0.000438411
0.252068 0.138573 6.33908e-07 7.42821e-07 0 2.37845e-05 1.77956e-07 3.07394e-08 0 2.43907e-06 8.33244e-06 7.95341e-07 9.59722e-06 7.0741e-06 1.42292e-06 3.03457e-06 5.14923e-06 2.28959e-07 3.53432e-06 4.43268e-07
0.106006 0.250393 1.59467e-07 0 5.10194e-06 0 0 3.82889e-05 2.38266e-07 6.97158e-09 0 2.71788e-07 2.17744e-07 5.30291e-06 2.27633e-06 2.74621e-06 9.94403e-07 4.16091e-07 0 0
0.0715783 0.252217 6.05812e-08 2.26183e-06 2.77367e-05 8.58764e-06 5.50341e-06 0 2.64398e-06 3.9534e-08 0 0 1.81255e-06 1.65948e-05 0 3.01729e-05 1.66277e-07 3.88681e-06 0 0
0.162115 0.208536 1.10698e-07 0 0.000119943 0.000231222 0.000328064 4.90338e-06 0.000113336 2.86573e-05 0.000494401 5.01082e-05 0 9.63854e-05 0.000377906 0.000105543 0.000216191 9.65104e-05 1.93015e-05 6.71304e-05
0.16824 0.18834 3.07523e-07 0.000112551 0.000394927 0.000278125 0.000823595 6.76795e-06 0.000783985 5.96623e-05 0.00153361 0.000118605 1.38272e-05 7.05063e-05 0.00050965 9.48035e-05 0.000328434 0.000260283 4.36766e-05 0.000198693
0.252989 0.150511 4.00645e-07 8.88815e-06 1.72308e-05 1.49405e-05 0 1.43567e-08 0 5.2594e-07 1.81841e-06 0 0 4.72449e-06 2.29548e-07 2.43418e-07 2.31075e-06 1.87818e-06 0 0
0.251816 0.0774412 8.75452e-07 2.13685e-05 2.64055e-05 4.16448e-06 3.218e-06 0 2.47239e-06 1.7887e-06 0 0 1.9863e-05 7.4128e-07 2.96136e-06 8.90476e-07 1.27911e-06 5.37107e-06 0 5.70373e-05
0.251821 0.179139 9.1093e-08 9.85175e-07 4.42755e-05 1.26261e-05 4.63946e-07 2.76768e-07 8.50937e-07 1.05442e-07 4.13216e-07 2.54546e-07 4.2355e-06 6.56759e-06 2.00676e-08 3.75755e-07 1.23258e-06 3.69748e-07 0 0
0.135532 0.250451 5.91489e-08 0 1.6565e-05 0 8.6387e-06 1.4556e-05 0 1.28736e-08 1.87151e-06 1.18248e-06 4.13417e-07 3.18595e-05 5.08949e-06 3.05649e-07 1.6851e-06 4.82924e-06 0 5.80294e-06
0.0874038 0.230213 0 0 0.000107773 0 9.0561e-05 2.313e-05 0 0 0 9.69596e-05 1.27285e-05 2.01547e-05 0 0.000234302 0 0 0 0
0.251026 0.198475 8.33167e-08 2.37048e-06 2.87605e-06 1.05964e-05 1.79856e-06 4.23985e-07 8.84599e-06 7.89807e-07 1.06804e-06 2.64837e-05 1.62748e-05 9.48789e-06 3.52535e-06 5.89253e-06 2.70743e-06 4.41097e-07 4.76201e-05 5.04065e-07
0.155402 0.251358 2.79579e-09 8.0539e-07 2.43781e-06 2.77265e-07 1.81904e-06 0 1.22046e-06 1.36199e-07 1.23936e-05 1.1521e-07 1.14968e-06 9.49012e-09 0 0 2.52223e-07 0 3.57731e-06 0
0.062604 0.252455 4.03875e-08 1.74057e-06 2.51519e-05 1.08168e-05 4.44192e-06 1.69713e-06 4.27876e-06 2.89904e-07 0 0 1.20837e-06 2.1096e-05 8.90577e-08 2.4713e-05 1.10851e-07 2.82897e-06 0 0
0.252436 0.126535 8.388e-07 0 1.62968e-05 1.81817e-07 5.18405e-07 3.7974e-08 8.74303e-07 4.51917e-06 9.87238e-06 1.23053e-06 2.95202e-05 1.91143e-06 2.80521e-06 5.75267e-06 9.32491e-06 2.26543e-06 7.25789e-06 8.86537e-07
0.173099 0.240706 8.817e-08 0 0 0 0 0 0 0 0 0 1.84995e-06 0 0 0 0 0 0 0
0.135532 0.250451 5.91489e-08 0 1.6565e-05 0 8.6387e-06 1.4556e-05 0 1.28736e-08 1.87151e-06 1.18248e-06 4.13417e-07 3.18595e-05 5.08949e-06 3.05649e-07 1.6851e-06 4.82924e-06 0 5.80294e-06
0.222455 0.167711 2.46727e-07 7.3653e-07 0 0.000130983 3.59737e-05 2.64152e-06 1.12887e-05 5.57096e-07 0 1.71371e-06 6.35015e-06 4.69864e-05 0.000112575 3.92051e-05 2.24946e-05 9.13214e-06 1.00909e-06 1.71371e-05
0.030534 0.102242 6.34128e-08 0 0.000268938 7.35279e-06 2.71943e-05 2.14981e-05 6.5657e-05 3.89998e-06 0 0.000118777 8.06078e-06 5.07297e-06 0.000110428 0.000285274 0.000135385 2.64419e-05 7.43978e-06 9.46082e-05
0.169166 0.221348 1.21159e-08 0 0 0.000194645 0.000128666 2.8402e-07 0 3.99647e-06 0 0 0 7.70166e-05 0.000336109 9.57445e-05 0.000120492 0 0 1.56149e-05
0.0951802 0.252172 9.71431e-08 0 5.10194e-06 0 0 2.0189e-05 3.82588e-06 0 0 3.09824e-07 0 0 2.18265e-06 2.74621e-06 9.94403e-07 0 0 0
0.00297896 0.00304256 0 0 0 0 0 4.00419e-06 0 1.195e-05 0 0 1.97274e-05 7.75206e-06 9.80852e-06 0 0 0 7.51067e-06 9.20393e-05
0.103067 0.15775 7.79991e-07 0.000671934 3.97121e-05 0.000341725 0.000125817 0 0.000557542 0.000163077 0.0022876 4.81792e-05 8.9046e-06 2.74177e-05 3.68021e-05 0.000322456 0.000375718 1.45353e-05 0.000283701 0.000585263
0.0326829 0.238998 0 9.21239e-07 0.000751171 4.31359e-05 0.000433338 2.19046e-05 7.18764e-05 8.71699e-05 0.000217181 3.63794e-05 1.24326e-05 0 0.000463355 8.6526e-05 1.70769e-05 5.08221e-05 0 3.54553e-05
0.122651 0.133635 2.58492e-07 0.000313477 0.000209764 0.000266233 0 2.99356e-05 0.00134855 4.69088e-05 0.00183273 4.65027e-06 2.53423e-05 0.000132176 8.45499e-05 0.000894116 0.000504425 0.00013922 0.000407681 5.15606e-05
0.181468 0.250895 1.28003e-08 8.10957e-07 0 7.22125e-07 0 1.34318e-06 2.97148e-08 1.2501e-07 1.0246e-05 2.38478e-06 4.0868e-06 1.0902e-05 3.22543e-06 1.86908e-07 1.5318e-06 8.56187e-07 8.13644e-07 2.7054e-06
0.084424 0.0904565 3.49908e-07 0.00036233 0.000117483 0.000663479 0 3.79466e-06 0 6.74096e-05 0.00158178 0 2.27313e-05 3.49901e-06 0.000144994 0.0010707 0.000289701 0 0.000272357 0.000328159
