0 1 0.91779 1 0.516271 1 0 0 0.609652 0.162358 0.147345 1 0 0.712325 1 0.215744 0.357349 0.0249574 0 0
0 0 0 0 1.48504e-11 0 0 0.404942 3.74439e-11 0 0 0.0167357 0 1 0 0.524227 0.0540952 0 0 0
0 0 0 0 5.79313e-12 0 0 0.719251 5.05459e-11 0 0 0.0395591 0 1 0 0.214786 0.0264036 0 0 0
0 0 0 0 6.93286e-12 0 0 0.524156 1.20117e-10 0 0 0.0286998 0 1 0 0.412453 0.0346913 0 0 0
0 0 0 0 1.00296e-12 0 0 0.381789 6.91608e-11 0 0 0.0366182 0 1 0 0.541803 0.0397902 0 0 0
0 0 0 0 3.2868e-12 0 0 0.277667 4.23042e-11 0 0 0.0310379 0 1 0 0.645546 0.0457488 0 0 0
0 0 0 0 1.84015e-12 0 0 0.250395 1.35073e-10 0 0 0.0201589 0 1 0 0.678919 0.0505275 0 0 0
0 0 0 0 7.78699e-12 0 0 0.469494 2.33194e-11 0 0 0.0170344 0 1 0 0.478359 0.0351128 0 0 0
0 0 0 0 2.26205e-12 0 0 0.22982 4.46169e-11 0 0 0.03664 0 1 0 0.683524 0.0500159 0 0 0
0 0 0 0 3.38999e-13 0 0 0.4272 1.05496e-10 0 0 0.0277281 0 1 0 0.507489 0.0375834 0 0 0
0 0 0 0 1.81197e-12 0 0 0.864768 1.36465e-10 0 0 0.00712217 0 1 0 0.118241 0.00986901 0 0 0
0 0 0 0 0 0 0 0.808782 8.4492e-11 0 0 0.0499172 0 1 0 0.126018 0.0152835 0 0 0
0 0 0 0 3.94823e-12 0 0 0.114683 6.01201e-11 0 0 0.0423642 0 1 0 0.785297 0.0576551 0 0 0
0 0 0 0 4.76896e-12 0 0 0.557167 2.87551e-11 0 0 0.0009085 0 1 0 0.414938 0.0269866 0 0 0
0 0 0 0 1.11735e-11 0 0 0.290751 1.67355e-11 0 0 0.0199053 0 1 0 0.640011 0.0493335 0 0 0
0 0 0 0 8.61773e-12 0 0 0.569113 3.61845e-11 0 0 0.0469503 0 1 0 0.346623 0.0373137 0 0 0
0 0 0 0 3.48679e-12 0 0 0.449672 5.49071e-11 0 0 0.0433028 0 1 0 0.469462 0.0375634 0 0 0
0 0 0 0 0 0 0 0.370218 6.56684e-11 0 0 0.0555783 0 1 0 0.539976 0.0342281 0 0 0
0 0 0 0 7.30668e-12 0 0 0.333717 4.85901e-11 0 0 0.0640325 0 1 0 0.556754 0.0454963 0 0 0
0 0 0 0 6.32147e-12 0 0 0.509871 3.5724e-11 0 0 0.0438339 0 1 0 0.409127 0.0371676 0 0 0
0 0 0 0 4.46272e-12 0 0 0.385976 3.90047e-11 0 0 0.00301224 0 1 0 0.573762 0.0372499 0 0 0
0 0 0 0 6.64282e-12 0 0 0.746249 8.0069e-11 0 0 0.0913252 0 1 0 0.137096 0.0253295 0 0 0
0 0 0 0 4.6502e-12 0 0 0.751174 4.87088e-11 0 0 0.0245666 0 1 0 0.204972 0.0192871 0 0 0
0 0 0 0 4.43641e-12 0 0 0.706307 8.8395e-11 0 0 0.0204865 0 1 0 0.256462 0.0167444 0 0 0
0 0 0 0 2.33206e-12 0 0 0.711777 1.15024e-10 0 0 0.0155811 0 1 0 0.252092 0.0205495 0 0 0
0 0 0 0 3.85804e-12 0 0 0.62592 4.80142e-11 0 0 0.0248075 0 1 0 0.325697 0.0235758 0 0 0
0 0 0 0 8.6802e-12 0 0 0.538642 3.94308e-11 0 0 0.0945069 0 1 0 0.326005 0.0408464 0 0 0
0 0 0 0 5.05829e-12 0 0 0.0171481 1.13941e-10 0 0 0.0269904 0 1 0 0.890754 0.0651077 0 0 0
0 0 0 0 3.8935e-12 0 0 0.497449 6.38266e-11 0 0 0.0123384 0 1 0 0.458812 0.0314003 0 0 0
0 0 0 0 0 0 0 0.569877 1.42976e-10 0 0 0.00771696 0 1 0 0.396005 0.0264014 0 0 0
0 0 0 0 0 0 0 0.369024 5.75535e-11 0 0 0.0016147 0 1 0 0.592334 0.037027 0 0 0
0 0 0 0 1.91576e-11 0 0 0.375135 1.60818e-11 0 0 0.0905836 0 1 0 0.472796 0.0614856 0 0 0
0 0 0 0 4.39578e-12 0 0 0.437749 4.63654e-11 0 0 0.00950712 0 1 0 0.51527 0.0374744 0 0 0
0 0 0 0 7.75437e-12 0 0 0.380968 3.52562e-11 0 0 0.0119793 0 1 0 0.560415 0.0466376 0 0 0
0 0 0 0 1.96495e-12 0 0 0.479825 1.32381e-10 0 0 0.030708 0 1 0 0.454609 0.0348584 0 0 0
0 0 0 0 2.06527e-12 0 0 0.335363 1.36216e-10 0 0 0.0207522 0 1 0 0.599794 0.0440909 0 0 0
0 0 0 0 0 0 0 0.171309 8.04726e-11 0 0 0.0287024 0 1 0 0.750226 0.0497629 0 0 0
0 0 0 0 4.09466e-12 0 0 0.433971 4.4951e-11 0 0 0.0483202 0 1 0 0.478713 0.0389959 0 0 0
0 0 0 0 9.49528e-12 0 0 0.065655 5.26674e-11 0 0 0.0436889 0 1 0 0.826437 0.0642187 0 0 0
0 0 0 0 1.12214e-12 0 0 0.181741 1.15399e-11 0 0 0.0222744 0 1 0 0.747888 0.0480965 0 0 0
0 0 0 0 1.4155e-12 0 0 0.407631 5.27403e-11 0 0 0.0114561 0 1 0 0.544734 0.0361791 0 0 0
0 0 0 0 2.04949e-12 0 0 0.490699 7.17482e-11 0 0 0.00929154 0 1 0 0.468163 0.0318458 0 0 0
0 0 0 0 0 0 0 0.483699 6.84975e-11 0 0 0.0080727 0 1 0 0.476693 0.0315353 0 0 0
0 0 0 0 4.51359e-12 0 0 0.322828 5.30083e-11 0 0 0.00854179 0 1 0 0.626905 0.0417246 0 0 0
0 0 0 0 4.73587e-12 0 0 0.468252 4.07579e-11 0 0 0.00797774 0 1 0 0.487499 0.0362707 0 0 0
0 0 0 0 4.62056e-13 0 0 0.412448 6.47681e-11 0 0 0.00184826 0 1 0 0.55087 0.0348335 0 0 0
0 0 0 0 8.57964e-12 0 0 0.429421 4.19699e-11 0 0 0.0455716 0 1 0 0.481399 0.0436079 0 0 0
0 0 0 0 3.80909e-12 0 0 0.604681 9.11691e-11 0 0 0.0246866 0 1 0 0.34544 0.025193 0 0 0
0 0 0 0 0 0 0 0.681237 2.94517e-11 0 0 0.0504149 0 1 0 0.254948 0.0133997 0 0 0
0 0 0 0 7.15497e-12 0 0 0.447123 4.92891e-11 0 0 0.0707239 0 1 0 0.439433 0.0427202 0 0 0
0 0 0 0 8.57964e-12 0 0 0.429421 4.19699e-11 0 0 0.0455716 0 1 0 0.481399 0.0436079 0 0 0
0 0 0 0 7.56978e-13 0 0 0.298835 5.80622e-11 0 0 0.00854159 0 1 0 0.651644 0.040979 0 0 0
0 0 0 0 2.06527e-12 0 0 0.335363 1.36216e-10 0 0 0.0207522 0 1 0 0.599794 0.0440909 0 0 0
0 0 0 0 5.90562e-12 0 0 0.401083 3.78156e-11 0 0 0.028608 0 1 0 0.53261 0.0376987 0 0 0
0 0 0 0 0 0 0 0.461486 1.15642e-10 0 0 0.00108771 0 1 0 0.503976 0.0334499 0 0 0
0 0 0 0 0 0 0 0.170384 3.69774e-11 0 0 0.0555043 0 1 0 0.725344 0.0487675 0 0 0
0 0 0 0 3.2868e-12 0 0 0.403967 4.49148e-11 0 0 0.0336214 0 1 0 0.523595 0.0388162 0 0 0
0 0 0 0 1.48464e-12 0 0 0.439939 1.11706e-10 0 0 0.0338922 0 1 0 0.487814 0.0383555 0 0 0
0 0 0 0 2.33206e-12 0 0 0.711777 1.15024e-10 0 0 0.0155811 0 1 0 0.252092 0.0205495 0 0 0
0 0 0 0 1.46605e-12 0 0 0.511577 3.99518e-11 0 0 0.00330631 0 1 0 0.455054 0.0300627 0 0 0
0 0 0 0 0 0 0 0.238714 2.76894e-11 0 0 0.0275537 0 1 0 0.683413 0.0503193 0 0 0
0 0 0 0 0 0 0 0.339179 8.09956e-11 0 0 0.0104903 0 1 0 0.612585 0.0377459 0 0 0
0 0 0 0 2.03368e-12 0 0 0.636965 6.41281e-11 0 0 0.0837212 0 1 0 0.252528 0.0267862 0 0 0
0 0 0 0 0 0 0 0.170384 3.69774e-11 0 0 0.0555043 0 1 0 0.725344 0.0487675 0 0 0
0 0 0 0 2.978e-12 0 0 0.935718 1.22489e-10 0 0 0.0110542 0 1 0 0.0462847 0.00694308 0 0 0
0 0 0 0 7.21642e-12 0 0 0.533813 2.29079e-11 0 0 0.00963791 0 1 0 0.425279 0.0312703 0 0 0
0 0 0 0 1.81197e-12 0 0 0.864768 1.36465e-10 0 0 0.00712217 0 1 0 0.118241 0.00986901 0 0 0
0 0 0 0 3.46643e-12 0 0 0.34727 7.85471e-11 0 0 0.042102 0 1 0 0.568898 0.0417294 0 0 0
0 0 0 0 9.773e-13 0 0 0.922054 9.38217e-11 0 0 0.0538636 0 1 0 0.0135364 0.0105459 0 0 0
0 0 0 0 1.07209e-12 0 0 0.794671 7.05798e-11 0 0 0.0341528 0 1 0 0.155064 0.0161119 0 0 0
0 0 0 0 7.66258e-12 0 0 0.636767 7.96302e-12 0 0 0.0135852 0 1 0 0.31918 0.0304684 0 0 0
0 0 0 0 3.22975e-12 0 0 0.368277 2.85905e-11 0 0 0.00229368 0 1 0 0.589118 0.0403113 0 0 0
0 0 0 0 7.0145e-12 0 0 0.702553 4.89657e-11 0 0 0.00772333 0 1 0 0.268377 0.0213468 0 0 0
0 0 0 0 0 0 0 0.486621 8.55455e-11 0 0 0.00739569 0 1 0 0.475597 0.0303857 0 0 0
0 0 0 0 1.6235e-11 0 0 0.195985 2.50835e-11 0 0 0.102795 0 1 0 0.6353 0.0659205 0 0 0
0 0 0 0 2.63621e-12 0 0 0.369294 6.01027e-11 0 0 0.0238571 0 1 0 0.566547 0.0403014 0 0 0
0 0 0 0 0 0 0 0.370218 6.56684e-11 0 0 0.0555783 0 1 0 0.539976 0.0342281 0 0 0
0 0 0 0 4.1001e-12 0 0 0.615899 2.22782e-11 0 0 0.0247452 0 1 0 0.336476 0.0228796 0 0 0
0 0 0 0 0 0 0 0.500365 3.48834e-11 0 0 0.0376936 0 1 0 0.431889 0.0300522 0 0 0
0 0 0 0 5.40713e-12 0 0 0.702067 1.0853e-10 0 0 0.00453454 0 1 0 0.27708 0.0163185 0 0 0
0 0 0 0 0 0 0 0.186353 6.05767e-11 0 0 0.0161471 0 1 0 0.749593 0.0479072 0 0 0
0 0 0 0 4.28543e-12 0 0 0.433794 4.1593e-11 0 0 0.00472968 0 1 0 0.526395 0.0350815 0 0 0
0 0 0 0 8.65958e-12 0 0 0.500068 1.63772e-11 0 0 0.0011493 0 1 0 0.464874 0.033909 0 0 0
0 0 0 0 4.51359e-12 0 0 0.322828 5.30083e-11 0 0 0.00854179 0 1 0 0.626905 0.0417246 0 0 0
0 0 0 0 2.21777e-12 0 0 0.773325 5.92776e-11 0 0 0.0137349 0 1 0 0.196877 0.0160637 0 0 0
0 0 0 0 2.80943e-12 0 0 0.557872 7.99694e-11 0 0 0.0246012 0 1 0 0.387844 0.0296828 0 0 0
0 0 0 0 4.73316e-12 0 0 0.354738 4.42964e-11 0 0 0.0590498 0 1 0 0.541008 0.0452039 0 0 0
0 0 0 0 4.96741e-12 0 0 0.0416544 1.34245e-10 0 0 0.00779539 0 1 0 0.887968 0.0625825 0 0 0
0 0 0 0 0 0 0 0.483699 6.84975e-11 0 0 0.0080727 0 1 0 0.476693 0.0315353 0 0 0
0 0 0 0 0 0 0 0.500365 3.48834e-11 0 0 0.0376936 0 1 0 0.431889 0.0300522 0 0 0
0 0 0 0 3.64114e-12 0 0 0.145429 6.08042e-11 0 0 0.0406454 0 1 0 0.759997 0.0539289 0 0 0
0 0 0 0 7.39999e-12 0 0 0.0222159 7.74943e-11 0 0 0.00642626 0 1 0 0.907749 0.0636087 0 0 0
0 0 0 0 6.3968e-12 0 0 0.10619 4.2482e-11 0 0 0.0509417 0 1 0 0.784972 0.0578963 0 0 0
0 0 0 0 5.32631e-12 0 0 0.0248571 1.05311e-10 0 0 0.0310708 0 1 0 0.879163 0.0649088 0 0 0
0 0 0 0 4.43641e-12 0 0 0.706307 8.8395e-11 0 0 0.0204865 0 1 0 0.256462 0.0167444 0 0 0
0 0 0 0 5.21402e-12 0 0 0.245763 4.49275e-11 0 0 0.0443128 0 1 0 0.660598 0.0493266 0 0 0
0 0 0 0 6.45427e-12 0 0 0.701108 4.52473e-11 0 0 0.0232447 0 1 0 0.252563 0.0230849 0 0 0
0 0 0 0 5.90562e-12 0 0 0.401083 3.78156e-11 0 0 0.028608 0 1 0 0.53261 0.0376987 0 0 0
0 0 0 0 2.82152e-12 0 0 0.446232 3.57683e-11 0 0 0.00340618 0 1 0 0.517491 0.0328712 0 0 0
0 0 0 0 7.3715e-12 0 0 0.249622 4.26552e-11 0 0 0.0454658 0 1 0 0.649484 0.0554284 0 0 0
0 0 0 0 2.978e-12 0 0 0.935718 1.22489e-10 0 0 0.0110542 0 1 0 0.0462847 0.00694308 0 0 0
0 0 0 0 7.14004e-12 0 0 0.317845 5.67322e-11 0 0 0.122488 0 1 0 0.507247 0.0524202 0 0 0
0 0 0 0 2.84847e-12 0 0 0.524909 4.98184e-11 0 0 0.0310549 0 1 0 0.411849 0.0321871 0 0 0
0 0 0 0 1.04019e-12 0 0 0.684848 1.07803e-10 0 0 0.00249811 0 1 0 0.294225 0.0184286 0 0 0
0 0 0 0 3.94823e-12 0 0 0.114683 6.01201e-11 0 0 0.0423642 0 1 0 0.785297 0.0576551 0 0 0
0 0 0 0 9.39693e-12 0 0 0.215608 4.61484e-11 0 0 0.0568832 0 1 0 0.672339 0.0551703 0 0 0
0 0 0 0 4.3932e-12 0 0 0.384523 8.46737e-11 0 0 0.0428985 0 1 0 0.530244 0.042334 0 0 0
0 0 0 0 3.19382e-12 0 0 0.750944 4.86544e-11 0 0 0.0348314 0 1 0 0.197944 0.0162796 0 0 0
0 0 0 0 0 0 0 0.397711 7.81985e-11 0 0 0.028956 0 1 0 0.542081 0.0312524 0 0 0
0 0 0 0 9.6134e-12 0 0 0.071228 4.58416e-11 0 0 0.0462582 0 1 0 0.818569 0.0639451 0 0 0
0 0 0 0 0 0 0 0.339179 8.09956e-11 0 0 0.0104903 0 1 0 0.612585 0.0377459 0 0 0
0 0 0 0 2.63621e-12 0 0 0.369294 6.01027e-11 0 0 0.0238571 0 1 0 0.566547 0.0403014 0 0 0
0 0 0 0 7.56978e-13 0 0 0.298835 5.80622e-11 0 0 0.00854159 0 1 0 0.651644 0.040979 0 0 0
0 0 0 0 0 0 0 0.447837 6.67573e-11 0 0 0.0071489 0 1 0 0.51193 0.0330837 0 0 0
0 0 0 0 4.07066e-12 0 0 0.333146 5.46614e-11 0 0 0.0023031 0 1 0 0.624076 0.040475 0 0 0
0 0 0 0 4.2273e-12 0 0 0.672432 8.93197e-11 0 0 0.0218865 0 1 0 0.286121 0.0195606 0 0 0
0 0 0 0 3.22975e-12 0 0 0.368277 2.85905e-11 0 0 0.00229368 0 1 0 0.589118 0.0403113 0 0 0
0 0 0 0 8.0517e-12 0 0 0.484135 3.21764e-11 0 0 0.0515176 0 1 0 0.42124 0.0431074 0 0 0
0 0 0 0 8.43989e-14 0 0 0.451551 7.15585e-11 0 0 0.0268602 0 1 0 0.486893 0.0346962 0 0 0
0 0 0 0 2.1575e-12 0 0 0.212882 4.50793e-11 0 0 0.03734 0 1 0 0.698354 0.051424 0 0 0
0 0 0 0 7.63131e-12 0 0 0.237189 8.31431e-12 0 0 0.0613186 0 1 0 0.65073 0.0507614 0 0 0
0 0 0 0 5.6836e-12 0 0 0.277473 3.92063e-11 0 0 0.0100809 0 1 0 0.665914 0.0465311 0 0 0
0 0 0 0 3.02161e-12 0 0 0.490418 5.1713e-11 0 0 0.0304077 0 1 0 0.444333 0.0348407 0 0 0
0 0 0 0 2.1695e-12 0 0 0.659476 1.19172e-10 0 0 0.0119791 0 1 0 0.306495 0.0220498 0 0 0
0 0 0 0 6.93286e-12 0 0 0.524156 1.20117e-10 0 0 0.0286998 0 1 0 0.412453 0.0346913 0 0 0
0 0 0 0 2.38799e-12 0 0 0.713353 9.85581e-11 0 0 0.0384047 0 1 0 0.227687 0.0205546 0 0 0
0 0 0 0 3.59306e-12 0 0 0.591599 5.40212e-11 0 0 0.0548295 0 1 0 0.325578 0.0279941 0 0 0
0 0 0 0 6.70993e-12 0 0 0.51542 4.26031e-11 0 0 0.0877187 0 1 0 0.35629 0.0405717 0 0 0
0 0 0 0 2.06029e-12 0 0 0.58194 5.10259e-11 0 0 0.0378911 0 1 0 0.351832 0.0283371 0 0 0
0 0 0 0 3.8935e-12 0 0 0.478057 5.44325e-11 0 0 0.012215 0 1 0 0.476978 0.0327493 0 0 0
0 0 0 0 1.65854e-12 0 0 0.579285 5.1823e-11 0 0 0.0579905 0 1 0 0.333864 0.028861 0 0 0
0 0 0 0 4.32578e-12 0 0 0.406789 4.85752e-11 0 0 0.0801782 0 1 0 0.471084 0.0419485 0 0 0
0 0 0 0 5.83661e-12 0 0 0.334656 4.73516e-11 0 0 0.0824234 0 1 0 0.534537 0.0483839 0 0 0
0 0 0 0 2.978e-12 0 0 0.935718 1.22489e-10 0 0 0.0110542 0 1 0 0.0462847 0.00694308 0 0 0
0 0 0 0 2.70815e-12 0 0 0.830667 5.29171e-11 0 0 0.0410743 0 1 0 0.116886 0.0113723 0 0 0
0 0 0 0 1.1609e-12 0 0 0.832544 4.99296e-11 0 0 0.0283016 0 1 0 0.12856 0.0105939 0 0 0
0 0 0 0 1.96495e-12 0 0 0.479825 1.32381e-10 0 0 0.030708 0 1 0 0.454609 0.0348584 0 0 0
0 0 0 0 4.56883e-13 0 0 0.43954 7.12916e-11 0 0 0.0432665 0 1 0 0.478889 0.0383051 0 0 0
0 0 0 0 8.61773e-12 0 0 0.569113 3.61845e-11 0 0 0.0469503 0 1 0 0.346623 0.0373137 0 0 0
0 0 0 0 4.07066e-12 0 0 0.333146 5.46614e-11 0 0 0.0023031 0 1 0 0.624076 0.040475 0 0 0
0 0 0 0 5.05829e-12 0 0 0.0171481 1.13941e-10 0 0 0.0269904 0 1 0 0.890754 0.0651077 0 0 0
0 0 0 0 0 0 0 0.394858 4.69782e-11 0 0 0.0142257 0 1 0 0.55611 0.0348064 0 0 0
0 0 0 0 8.48705e-13 0 0 0.518615 7.07356e-11 0 0 0.0177502 0 1 0 0.434051 0.029584 0 0 0
0 0 0 0 4.10815e-12 0 0 0.481612 4.41813e-11 0 0 0.00644711 0 1 0 0.479027 0.032913 0 0 0
0 0 0 0 5.02777e-12 0 0 0.0292027 6.74739e-11 0 0 0.0446609 0 1 0 0.862204 0.0639326 0 0 0
0 0 0 0 3.05109e-12 0 0 0.155623 1.12159e-10 0 0 0.0159195 0 1 0 0.773102 0.0553551 0 0 0
0 0 0 0 8.6802e-12 0 0 0.538642 3.94308e-11 0 0 0.0945069 0 1 0 0.326005 0.0408464 0 0 0
0 0 0 0 2.80943e-12 0 0 0.557872 7.99694e-11 0 0 0.0246012 0 1 0 0.387844 0.0296828 0 0 0
0 0 0 0 2.0701e-12 0 0 0.148122 1.05433e-10 0 0 0.0391795 0 1 0 0.762326 0.0503718 0 0 0
0 0 0 0 1.85133e-12 0 0 0.130923 8.38254e-11 0 0 0.0433339 0 1 0 0.770925 0.0548177 0 0 0
0 0 0 0 2.21777e-12 0 0 0.773325 5.92776e-11 0 0 0.0137349 0 1 0 0.196877 0.0160637 0 0 0
0 0 0 0 6.78412e-12 0 0 0.447679 4.08563e-11 0 0 0.149407 0 1 0 0.358823 0.0440918 0 0 0
0 0 0 0 1.31588e-11 0 0 0.691847 8.27384e-12 0 0 0.0051407 0 1 0 0.276939 0.0260732 0 0 0
0 0 0 0 1.18214e-11 0 0 0.137696 4.34962e-11 0 0 0.0750426 0 1 0 0.724942 0.062319 0 0 0
0 0 0 0 3.97131e-12 0 0 0.549634 5.00841e-11 0 0 0.0425639 0 1 0 0.375647 0.0321544 0 0 0
0 0 0 0 0 0 0 0.186353 6.05767e-11 0 0 0.0161471 0 1 0 0.749593 0.0479072 0 0 0
0 0 0 0 5.83661e-12 0 0 0.334656 4.73516e-11 0 0 0.0824234 0 1 0 0.534537 0.0483839 0 0 0
0 0 0 0 9.11838e-12 0 0 0.412235 3.7654e-11 0 0 0.0614977 0 1 0 0.481827 0.0444397 0 0 0
0 0 0 0 9.773e-13 0 0 0.922054 9.38217e-11 0 0 0.0538636 0 1 0 0.0135364 0.0105459 0 0 0
0 0 0 0 3.2868e-12 0 0 0.403967 4.49148e-11 0 0 0.0336214 0 1 0 0.523595 0.0388162 0 0 0
0 0 0 0 4.6502e-12 0 0 0.751174 4.87088e-11 0 0 0.0245666 0 1 0 0.204972 0.0192871 0 0 0
0 0 0 0 3.05506e-12 0 0 0.409251 3.92113e-11 0 0 0.010983 0 1 0 0.543905 0.0358609 0 0 0
0 0 0 0 4.32933e-12 0 0 0.692218 9.6412e-11 0 0 0.0552206 0 1 0 0.227205 0.0253568 0 0 0
0 0 0 0 5.19946e-12 0 0 0.470646 4.6237e-11 0 0 0.0461578 0 1 0 0.445487 0.0377093 0 0 0
0 0 0 0 1.21392e-11 0 0 0.364919 1.03253e-11 0 0 0.0224803 0 1 0 0.567218 0.0453821 0 0 0
0 0 0 0 0 0 0 0.447837 6.67573e-11 0 0 0.0071489 0 1 0 0.51193 0.0330837 0 0 0
0 0 0 0 3.8935e-12 0 0 0.497449 6.38266e-11 0 0 0.0123384 0 1 0 0.458812 0.0314003 0 0 0
0 0 0 0 1.12214e-12 0 0 0.181741 1.15399e-11 0 0 0.0222744 0 1 0 0.747888 0.0480965 0 0 0
0 0 0 0 3.85804e-12 0 0 0.62592 4.80142e-11 0 0 0.0248075 0 1 0 0.325697 0.0235758 0 0 0
0 0 0 0 2.04949e-12 0 0 0.490699 7.17482e-11 0 0 0.00929154 0 1 0 0.468163 0.0318458 0 0 0
0 0 0 0 9.41806e-12 0 0 0.678481 6.63647e-11 0 0 0.108973 0 1 0 0.176791 0.0357553 0 0 0
0 0 0 0 3.08976e-12 0 0 0.372231 5.47379e-11 0 0 0.0528961 0 1 0 0.532056 0.0428169 0 0 0
0 0 0 0 5.38408e-12 0 0 0.137733 6.07284e-11 0 0 0.0339397 0 1 0 0.771885 0.0564421 0 0 0
0 0 0 0 4.6502e-12 0 0 0.751174 4.87088e-11 0 0 0.0245666 0 1 0 0.204972 0.0192871 0 0 0
0 0 0 0 2.33206e-12 0 0 0.711777 1.15024e-10 0 0 0.0155811 0 1 0 0.252092 0.0205495 0 0 0
0 0 0 0 4.32933e-12 0 0 0.692218 9.6412e-11 0 0 0.0552206 0 1 0 0.227205 0.0253568 0 0 0
0 0 0 0 9.49528e-12 0 0 0.065655 5.26674e-11 0 0 0.0436889 0 1 0 0.826437 0.0642187 0 0 0
0 0 0 0 1.12422e-11 0 0 0.771355 5.17102e-12 0 0 0.0680042 0 1 0 0.136071 0.0245698 0 0 0
0 0 0 0 0 0 0 0.886014 6.23153e-11 0 0 0.00877935 0 1 0 0.101687 0.00351993 0 0 0
0 0 0 0 0 0 0 0.681237 2.94517e-11 0 0 0.0504149 0 1 0 0.254948 0.0133997 0 0 0
0 0 0 0 3.46643e-12 0 0 0.34727 7.85471e-11 0 0 0.042102 0 1 0 0.568898 0.0417294 0 0 0
0 0 0 0 4.28543e-12 0 0 0.433794 4.1593e-11 0 0 0.00472968 0 1 0 0.526395 0.0350815 0 0 0
0 0 0 0 5.79313e-12 0 0 0.719251 5.05459e-11 0 0 0.0395591 0 1 0 0.214786 0.0264036 0 0 0
0 0 0 0 0 0 0 0.279222 1.01758e-10 0 0 0.00843109 0 1 0 0.673839 0.0385076 0 0 0
0 0 0 0 6.58369e-13 0 0 0.356994 3.30685e-11 0 0 0.007223 0 1 0 0.596603 0.0391799 0 0 0
0 0 0 0 4.1001e-12 0 0 0.615899 2.22782e-11 0 0 0.0247452 0 1 0 0.336476 0.0228796 0 0 0
0 0 0 0 7.15497e-12 0 0 0.447123 4.92891e-11 0 0 0.0707239 0 1 0 0.439433 0.0427202 0 0 0
0 0 0 0 6.45427e-12 0 0 0.701108 4.52473e-11 0 0 0.0232447 0 1 0 0.252563 0.0230849 0 0 0
0 0 0 0 1.07209e-12 0 0 0.794671 7.05798e-11 0 0 0.0341528 0 1 0 0.155064 0.0161119 0 0 0
0 0 0 0 0 0 0 0.486621 8.55455e-11 0 0 0.00739569 0 1 0 0.475597 0.0303857 0 0 0
0 0 0 0 0 0 0 0.496964 2.31439e-11 0 0 0.0725031 0 1 0 0.401802 0.0287317 0 0 0
0 0 0 0 4.76957e-12 0 0 0.565471 8.09766e-11 0 0 0.0222038 0 1 0 0.380563 0.031762 0 0 0
0 0 0 0 4.32685e-13 0 0 0.39005 1.26207e-10 0 0 0.0194194 0 1 0 0.551277 0.0392537 0 0 0
0 0 0 0 6.50585e-12 0 0 0.263594 3.34304e-11 0 0 0.0178972 0 1 0 0.67042 0.0480883 0 0 0
0 0 0 0 5.21402e-12 0 0 0.245763 4.49275e-11 0 0 0.0443128 0 1 0 0.660598 0.0493266 0 0 0
0 0 0 0 1.91576e-11 0 0 0.375135 1.60818e-11 0 0 0.0905836 0 1 0 0.472796 0.0614856 0 0 0
0 0 0 0 4.10815e-12 0 0 0.481612 4.41813e-11 0 0 0.00644711 0 1 0 0.479027 0.032913 0 0 0
0 0 0 0 1.43881e-11 0 0 0.0695026 3.76747e-11 0 0 0.0817963 0 1 0 0.77898 0.0697215 0 0 0
0 0 0 0 8.65958e-12 0 0 0.500068 1.63772e-11 0 0 0.0011493 0 1 0 0.464874 0.033909 0 0 0
0 0 0 0 9.39693e-12 0 0 0.215608 4.61484e-11 0 0 0.0568832 0 1 0 0.672339 0.0551703 0 0 0
0 0 0 0 1.96495e-12 0 0 0.479825 1.32381e-10 0 0 0.030708 0 1 0 0.454609 0.0348584 0 0 0
0 0 0 0 1.8259e-12 0 0 0.162497 7.68235e-11 0 0 0.0405692 0 1 0 0.744354 0.0525804 0 0 0
0 0 0 0 3.05109e-12 0 0 0.155623 1.12159e-10 0 0 0.0159195 0 1 0 0.773102 0.0553551 0 0 0
0 0 0 0 1.65854e-12 0 0 0.579285 5.1823e-11 0 0 0.0579905 0 1 0 0.333864 0.028861 0 0 0
0 0 0 0 2.82152e-12 0 0 0.446232 3.57683e-11 0 0 0.00340618 0 1 0 0.517491 0.0328712 0 0 0
0 0 0 0 7.30668e-12 0 0 0.333717 4.85901e-11 0 0 0.0640325 0 1 0 0.556754 0.0454963 0 0 0
0 0 0 0 1.89584e-13 0 0 0.554016 3.80081e-11 0 0 0.0104957 0 1 0 0.409073 0.0264155 0 0 0
0 0 0 0 0 0 0 0.569877 1.42976e-10 0 0 0.00771696 0 1 0 0.396005 0.0264014 0 0 0
0 0 0 0 7.66258e-12 0 0 0.636767 7.96302e-12 0 0 0.0135852 0 1 0 0.31918 0.0304684 0 0 0
0 0 0 0 1.59872e-12 0 0 0.515196 1.25897e-10 0 0 0.0266661 0 1 0 0.425335 0.0328035 0 0 0
0 0 0 0 3.80909e-12 0 0 0.604681 9.11691e-11 0 0 0.0246866 0 1 0 0.34544 0.025193 0 0 0
0 0 0 0 4.62056e-13 0 0 0.412448 6.47681e-11 0 0 0.00184826 0 1 0 0.55087 0.0348335 0 0 0
0 0 0 0 4.73316e-12 0 0 0.354738 4.42964e-11 0 0 0.0590498 0 1 0 0.541008 0.0452039 0 0 0
0 0 0 0 0 0 0 0.536135 7.44767e-11 0 0 0.0124459 0 1 0 0.421786 0.0296328 0 0 0
0 0 0 0 4.90397e-12 0 0 0.547594 5.25889e-11 0 0 0.0278714 0 1 0 0.388181 0.0363534 0 0 0
0 0 0 0 4.43396e-12 0 0 0.741824 6.40458e-11 0 0 0.0514617 0 1 0 0.186125 0.0205888 0 0 0
0 0 0 0 7.39999e-12 0 0 0.0222159 7.74943e-11 0 0 0.00642626 0 1 0 0.907749 0.0636087 0 0 0
0 0 0 0 0 0 0 0.397711 7.81985e-11 0 0 0.028956 0 1 0 0.542081 0.0312524 0 0 0
0 0 0 0 1.04019e-12 0 0 0.684848 1.07803e-10 0 0 0.00249811 0 1 0 0.294225 0.0184286 0 0 0
0 0 0 0 2.20622e-12 0 0 0.762366 1.39165e-10 0 0 1.46369e-05 0 1 0 0.222115 0.0155042 0 0 0
0 0 0 0 5.6836e-12 0 0 0.277473 3.92063e-11 0 0 0.0100809 0 1 0 0.665914 0.0465311 0 0 0
0 0 0 0 4.39578e-12 0 0 0.437749 4.63654e-11 0 0 0.00950712 0 1 0 0.51527 0.0374744 0 0 0
0 0 0 0 7.14004e-12 0 0 0.317845 5.67322e-11 0 0 0.122488 0 1 0 0.507247 0.0524202 0 0 0
0 0 0 0 8.48705e-13 0 0 0.518615 7.07356e-11 0 0 0.0177502 0 1 0 0.434051 0.029584 0 0 0
0 0 0 0 2.70815e-12 0 0 0.830667 5.29171e-11 0 0 0.0410743 0 1 0 0.116886 0.0113723 0 0 0
0 0 0 0 7.65577e-12 0 0 0.312668 3.85428e-11 0 0 0.0533455 0 1 0 0.585167 0.048819 0 0 0
0 0 0 0 1.4613e-12 0 0 0.426802 6.38805e-11 0 0 0.00429678 0 1 0 0.53401 0.0348912 0 0 0
0 0 0 0 3.97131e-12 0 0 0.549634 5.00841e-11 0 0 0.0425639 0 1 0 0.375647 0.0321544 0 0 0
0 0 0 0 4.66688e-12 0 0 0.500103 3.21716e-11 0 0 0.00160975 0 1 0 0.467879 0.0304077 0 0 0
0 0 0 0 2.0701e-12 0 0 0.148122 1.05433e-10 0 0 0.0391795 0 1 0 0.762326 0.0503718 0 0 0
0 0 0 0 2.33206e-12 0 0 0.711777 1.15024e-10 0 0 0.0155811 0 1 0 0.252092 0.0205495 0 0 0
0 0 0 0 0 0 0 0.238714 2.76894e-11 0 0 0.0275537 0 1 0 0.683413 0.0503193 0 0 0
0 0 0 0 5.16586e-12 0 0 0.161979 4.53552e-11 0 0 0.0296695 0 1 0 0.754637 0.0537141 0 0 0
0 0 0 0 7.78699e-12 0 0 0.469494 2.33194e-11 0 0 0.0170344 0 1 0 0.478359 0.0351128 0 0 0
0 0 0 0 1.27717e-11 0 0 0.306885 2.3047e-11 0 0 0.0788905 0 1 0 0.556979 0.0572462 0 0 0
0 0 0 0 4.52741e-12 0 0 0.381622 3.74649e-11 0 0 0.000901072 0 1 0 0.580031 0.0374461 0 0 0
0 0 0 0 3.8935e-12 0 0 0.478057 5.44325e-11 0 0 0.012215 0 1 0 0.476978 0.0327493 0 0 0
0 0 0 0 4.54898e-12 0 0 0.125447 1.45517e-10 0 0 0.0241061 0 1 0 0.79179 0.0586571 0 0 0
0 0 0 0 1.84015e-12 0 0 0.408464 9.47429e-11 0 0 0.0206901 0 1 0 0.53176 0.0390868 0 0 0
0 0 0 0 1.43881e-11 0 0 0.0695026 3.76747e-11 0 0 0.0817963 0 1 0 0.77898 0.0697215 0 0 0
0 0 0 0 5.86236e-12 0 0 0.0402749 8.80501e-11 0 0 0.0392315 0 1 0 0.855982 0.0645112 0 0 0
0 0 0 0 2.978e-12 0 0 0.935718 1.22489e-10 0 0 0.0110542 0 1 0 0.0462847 0.00694308 0 0 0
0 0 0 0 4.43641e-12 0 0 0.706307 8.8395e-11 0 0 0.0204865 0 1 0 0.256462 0.0167444 0 0 0
0 0 0 0 4.73587e-12 0 0 0.468252 4.07579e-11 0 0 0.00797774 0 1 0 0.487499 0.0362707 0 0 0
0 0 0 0 6.32147e-12 0 0 0.509871 3.5724e-11 0 0 0.0438339 0 1 0 0.409127 0.0371676 0 0 0
0 0 0 0 9.39693e-12 0 0 0.215608 4.61484e-11 0 0 0.0568832 0 1 0 0.672339 0.0551703 0 0 0
0 0 0 0 1.8259e-12 0 0 0.162497 7.68235e-11 0 0 0.0405692 0 1 0 0.744354 0.0525804 0 0 0
0 0 0 0 5.40713e-12 0 0 0.702067 1.0853e-10 0 0 0.00453454 0 1 0 0.27708 0.0163185 0 0 0
0 0 0 0 4.90306e-12 0 0 0.311515 4.04263e-11 0 0 0.0215513 0 1 0 0.623449 0.0434844 0 0 0
0 0 0 0 5.32631e-12 0 0 0.0248571 1.05311e-10 0 0 0.0310708 0 1 0 0.879163 0.0649088 0 0 0
0 0 0 0 2.1575e-12 0 0 0.212882 4.50793e-11 0 0 0.03734 0 1 0 0.698354 0.051424 0 0 0
0 0 0 0 2.26205e-12 0 0 0.22982 4.46169e-11 0 0 0.03664 0 1 0 0.683524 0.0500159 0 0 0
0 0 0 0 4.54898e-12 0 0 0.125447 1.45517e-10 0 0 0.0241061 0 1 0 0.79179 0.0586571 0 0 0
0 0 0 0 3.72455e-13 0 0 0.405962 4.39403e-11 0 0 0.0777037 0 1 0 0.477578 0.0387559 0 0 0
0 0 0 0 4.01819e-12 0 0 0.638556 9.02444e-11 0 0 0.0232865 0 1 0 0.31578 0.0223768 0 0 0
0 0 0 0 3.38999e-13 0 0 0.4272 1.05496e-10 0 0 0.0277281 0 1 0 0.507489 0.0375834 0 0 0
0 0 0 0 3.02161e-12 0 0 0.490418 5.1713e-11 0 0 0.0304077 0 1 0 0.444333 0.0348407 0 0 0
0 0 0 0 7.63131e-12 0 0 0.237189 8.31431e-12 0 0 0.0613186 0 1 0 0.65073 0.0507614 0 0 0
0 0 0 0 3.16974e-12 0 0 0.242662 6.49159e-11 0 0 0.0245555 0 1 0 0.685629 0.0471525 0 0 0
0 0 0 0 6.3968e-12 0 0 0.10619 4.2482e-11 0 0 0.0509417 0 1 0 0.784972 0.0578963 0 0 0
0 0 0 0 1.77282e-12 0 0 0.605463 8.5165e-11 0 0 0.0182173 0 1 0 0.351123 0.0251971 0 0 0
0 0 0 0 2.06177e-12 0 0 0.580989 4.06381e-11 0 0 0.043966 0 1 0 0.347178 0.0278671 0 0 0
0 0 0 0 4.43641e-12 0 0 0.706307 8.8395e-11 0 0 0.0204865 0 1 0 0.256462 0.0167444 0 0 0
0 0 0 0 5.86236e-12 0 0 0.0402749 8.80501e-11 0 0 0.0392315 0 1 0 0.855982 0.0645112 0 0 0
0 0 0 0 5.69403e-12 0 0 0.540773 4.59958e-11 0 0 0.0282823 0 1 0 0.39561 0.0353345 0 0 0
0 0 0 0 4.01819e-12 0 0 0.638556 9.02444e-11 0 0 0.0232865 0 1 0 0.31578 0.0223768 0 0 0
0 0 0 0 7.75437e-12 0 0 0.380968 3.52562e-11 0 0 0.0119793 0 1 0 0.560415 0.0466376 0 0 0
0 0 0 0 1.48504e-11 0 0 0.404942 3.74439e-11 0 0 0.0167357 0 1 0 0.524227 0.0540952 0 0 0
0 0 0 0 4.96741e-12 0 0 0.0416544 1.34245e-10 0 0 0.00779539 0 1 0 0.887968 0.0625825 0 0 0
0 0 0 0 4.46272e-12 0 0 0.385976 3.90047e-11 0 0 0.00301224 0 1 0 0.573762 0.0372499 0 0 0
0 0 0 0 0 0 0 0.461486 1.15642e-10 0 0 0.00108771 0 1 0 0.503976 0.0334499 0 0 0
0 0 0 0 2.1695e-12 0 0 0.659476 1.19172e-10 0 0 0.0119791 0 1 0 0.306495 0.0220498 0 0 0
0 0 0 0 1.23352e-11 0 0 0.656672 5.39948e-11 0 0 0.107607 0 1 0 0.19812 0.0376005 0 0 0
0 0 0 0 8.90845e-12 0 0 0.529499 2.03423e-11 0 0 0.0124865 0 1 0 0.425749 0.0322649 0 0 0
0 0 0 0 0 0 0 0.171309 8.04726e-11 0 0 0.0287024 0 1 0 0.750226 0.0497629 0 0 0
0 0 0 0 8.0517e-12 0 0 0.484135 3.21764e-11 0 0 0.0515176 0 1 0 0.42124 0.0431074 0 0 0
0 0 0 0 4.32578e-12 0 0 0.406789 4.85752e-11 0 0 0.0801782 0 1 0 0.471084 0.0419485 0 0 0
0 0 0 0 1.00296e-12 0 0 0.381789 6.91608e-11 0 0 0.0366182 0 1 0 0.541803 0.0397902 0 0 0
0 0 0 0 1.27717e-11 0 0 0.306885 2.3047e-11 0 0 0.0788905 0 1 0 0.556979 0.0572462 0 0 0
0 0 0 0 0 0 0 0.33987 7.54781e-11 0 0 0.026155 0 1 0 0.591768 0.0422069 0 0 0
0 0 0 0 6.70993e-12 0 0 0.51542 4.26031e-11 0 0 0.0877187 0 1 0 0.35629 0.0405717 0 0 0
0 0 0 0 3.16974e-12 0 0 0.242662 6.49159e-11 0 0 0.0245555 0 1 0 0.685629 0.0471525 0 0 0
0 0 0 0 0 0 0 0.170384 3.69774e-11 0 0 0.0555043 0 1 0 0.725344 0.0487675 0 0 0
0 0 0 0 0 0 0 0.170384 3.69774e-11 0 0 0.0555043 0 1 0 0.725344 0.0487675 0 0 0
0 0 0 0 9.11838e-12 0 0 0.412235 3.7654e-11 0 0 0.0614977 0 1 0 0.481827 0.0444397 0 0 0
0 0 0 0 2.70215e-12 0 0 0.282044 4.68054e-11 0 0 0.0526665 0 1 0 0.619005 0.0462847 0 0 0
0 0 0 0 4.2273e-12 0 0 0.672432 8.93197e-11 0 0 0.0218865 0 1 0 0.286121 0.0195606 0 0 0
0 0 0 0 5.19811e-12 0 0 0.413888 4.80063e-11 0 0 0.0716938 0 1 0 0.472242 0.0421759 0 0 0
0 0 0 0 4.3932e-12 0 0 0.384523 8.46737e-11 0 0 0.0428985 0 1 0 0.530244 0.042334 0 0 0
0 0 0 0 3.45615e-12 0 0 0.513204 4.56057e-11 0 0 0.0375906 0 1 0 0.416418 0.0327879 0 0 0
0 0 0 0 3.2868e-12 0 0 0.277667 4.23042e-11 0 0 0.0310379 0 1 0 0.645546 0.0457488 0 0 0
0 0 0 0 6.64282e-12 0 0 0.746249 8.0069e-11 0 0 0.0913252 0 1 0 0.137096 0.0253295 0 0 0
0 0 0 0 1.84015e-12 0 0 0.250395 1.35073e-10 0 0 0.0201589 0 1 0 0.678919 0.0505275 0 0 0
0 0 0 0 1.21134e-11 0 0 0.213004 3.99173e-11 0 0 0.0777963 0 1 0 0.652218 0.0569816 0 0 0
0 0 0 0 1.1609e-12 0 0 0.832544 4.99296e-11 0 0 0.0283016 0 1 0 0.12856 0.0105939 0 0 0
0 0 0 0 4.6502e-12 0 0 0.751174 4.87088e-11 0 0 0.0245666 0 1 0 0.204972 0.0192871 0 0 0
0 0 0 0 9.41806e-12 0 0 0.678481 6.63647e-11 0 0 0.108973 0 1 0 0.176791 0.0357553 0 0 0
0 0 0 0 4.92979e-12 0 0 0.312013 4.58908e-11 0 0 0.0181659 0 1 0 0.626592 0.0432293 0 0 0
0 0 0 0 4.20705e-12 0 0 0.537991 4.46174e-11 0 0 0.01315 0 1 0 0.415437 0.0334225 0 0 0
0 0 0 0 1.12422e-11 0 0 0.771355 5.17102e-12 0 0 0.0680042 0 1 0 0.136071 0.0245698 0 0 0
