3.55313e-07 1.08727
3.44564 0
0.767722 0.767671
1.00221 1.16814e-22
0.343563 1.03079
0.932986 0.559787
0.15366 1.07614
0.558681 0.931115
1.00221 1.16814e-22
1.00221 1.16814e-22
0.0723027 1.08479
0.857545 0.66698
0.993525 0.451558
0.449481 0.988891
0.666515 0.856961
1.00221 1.16814e-22
0.244441 1.05898
0.197969 1.06889
0.964998 0.505444
1.00221 1.16814e-22
0.503938 0.962082
0.814313 0.718443
0.718279 0.814076
1.00221 1.16814e-22
0.897142 0.613863
1.00221 1.16814e-22
0.395849 1.01168
0.0349636 1.08667
0.613099 0.896055
0.111837 1.08136
1.00221 1.16814e-22
1.00221 1.16814e-22
0.292687 1.04654
1.00221 1.16814e-22
1.00221 1.16814e-22
0.0533779 1.08591
0.476642 0.975991
0.175421 1.0728
0.132342 1.079
0.949507 0.532632
0.69265 0.835973
0.915589 0.586862
0.585974 0.914095
0.422498 1.00077
0.220808 1.06427
1.00221 1.16814e-22
0.877826 0.640532
1.00221 1.16814e-22
0.836367 0.692983
0.36951 1.02167
0.74331 0.791262
0.531309 0.947128
0.0172442 1.08712
0.979653 0.47838
0.0917992 1.0833
0.79135 0.743403
1.00221 1.16814e-22
1.00221 1.16814e-22
0.318037 1.03907
1.00221 1.16814e-22
1.00221 1.16814e-22
0.639956 0.877003
1.00221 1.16814e-22
1.00221 1.16814e-22
0.268294 1.0531
1.00221 1.16814e-22
0.121992 1.08023
1.00221 1.16814e-22
0.802914 0.73104
0.847091 0.680043
1.00221 1.16814e-22
0.330759 1.03505
0.972446 0.491915
0.544999 0.939257
0.755586 0.779591
0.209375 1.0666
0.164559 1.07452
1.00221 1.16814e-22
0.941378 0.546227
1.00221 1.16814e-22
0.957384 0.518977
0.490293 0.969169
0.705537 0.82514
0.906534 0.600385
0.679624 0.846584
0.924367 0.573367
0.232503 1.06172
0.0627905 1.0854
0.599567 0.905205
0.887573 0.62725
0.38265 1.0168
1.00221 1.16814e-22
1.00221 1.16814e-22
0.044128 1.08633
1.00221 1.16814e-22
0.43597 0.994957
0.730851 0.802806
0.986661 0.464976
0.462995 0.982562
0.825456 0.705769
0.08197 1.08409
0.186695 1.07083
0.8678 0.653798
0.142947 1.07761
1.00036 0.437924
1.00221 1.16814e-22
0.0260575 1.08693
0.779604 0.755678
1.00221 1.16814e-22
1.00221 1.16814e-22
0.65326 0.867106
0.305451 1.04286
0.517628 0.954754
0.626535 0.886658
0.409124 1.00635
1.00221 1.16814e-22
0.256255 1.05616
1.00221 1.16814e-22
0.101708 1.0824
1.00221 1.16814e-22
1.00221 1.16814e-22
0.356533 1.02632
1.00221 1.16814e-22
0.280504 1.04987
1.00221 1.16814e-22
0.00849832 1.08723
1.00221 1.16814e-22
0.572383 0.922698
1.00221 1.16814e-22
0.565515 0.926942
1.00221 1.16814e-22
0.180936 1.07185
0.203584 1.06773
0.12714 1.07962
1.00221 1.16814e-22
1.00221 1.16814e-22
1.00221 1.16814e-22
0.415834 1.00357
1.00221 1.16814e-22
0.349957 1.0286
0.0487527 1.08613
0.976056 0.485155
1.00221 1.16814e-22
0.538132 0.943218
0.65989 0.862068
0.761683 0.773707
0.337171 1.03293
0.892413 0.620528
0.169723 1.07371
0.429243 0.997883
0.524441 0.95096
1.00221 1.16814e-22
0.551801 0.935221
0.819884 0.712142
0.324321 1.03708
0.968764 0.498673
0.22671 1.06299
0.389234 1.01427
0.841751 0.686556
0.953457 0.525814
1.00221 1.16814e-22
0.48347 0.972625
0.945458 0.539409
0.238433 1.06037
0.711921 0.81964
0.592766 0.90969
0.673073 0.851804
0.901868 0.607106
1.00221 1.16814e-22
0.911073 0.59366
0.773687 0.761742
0.961143 0.512281
0.0127314 1.08718
0.872816 0.64721
0.0580849 1.08566
0.920028 0.580101
0.159121 1.07534
0.749445 0.785507
0.148269 1.07688
0.852315 0.673562
1.00221 1.16814e-22
0.46979 0.979323
0.724606 0.808459
0.699124 0.830583
1.00221 1.16814e-22
1.00221 1.16814e-22
0.376044 1.01927
0.686158 0.841302
0.882738 0.633893
0.633261 0.881862
0.83093 0.699421
0.928727 0.566562
0.785518 0.749562
0.737136 0.797051
1.00221 1.16814e-22
1.00221 1.16814e-22
0.646613 0.872097
1.00221 1.16814e-22
0.619844 0.891374
0.192246 1.06987
0.937173 0.553019
0.442709 0.991965
0.808644 0.72476
1.00221 1.16814e-22
0.510792 0.958443
0.990182 0.458168
0.862687 0.660422
0.0966911 1.08287
1.00221 1.16814e-22
0.0395568 1.08651
1.00221 1.16814e-22
1.00221 1.16814e-22
0.983201 0.471636
0.299162 1.04468
0.797177 0.737243
1.00221 1.16814e-22
1.00221 1.16814e-22
1.00221 1.16814e-22
1.00221 1.16814e-22
0.116876 1.08083
0.362949 1.02405
0.274509 1.05147
0.21514 1.06544
1.00221 1.16814e-22
1.00221 1.16814e-22
0.3117 1.04101
0.250404 1.05759
0.262354 1.05463
0.497149 0.965636
0.106731 1.0819
1.00221 1.16814e-22
1.00221 1.16814e-22
0.00397954 1.08726
0.606328 0.900673
1.00221 1.16814e-22
1.00221 1.16814e-22
0.579171 0.918436
0.0771334 1.08446
0.137669 1.07832
0.996864 0.44491
0.0215119 1.08703
0.0868929 1.08371
1.00221 1.16814e-22
0.286671 1.0482
1.00221 1.16814e-22
1.00221 1.16814e-22
0.402513 1.00903
1.00221 1.16814e-22
0.456286 0.985719
0.0305211 1.08681
1.00221 1.16814e-22
1.00221 1.16814e-22
0.0675618 1.0851
1.00221 1.16814e-22
1.00221 1.16814e-22
1.00221 1.16814e-22
1.00221 1.16814e-22
1.00221 1.16814e-22
0.452877 0.98728
1.00221 1.16814e-22
1.00221 1.16814e-22
1.00221 1.16814e-22
1.00221 1.16814e-22
0.0238293 1.08698
0.794296 0.740318
1.00221 1.16814e-22
1.00221 1.16814e-22
1.00221 1.16814e-22
0.0651638 1.08525
0.493713 0.967425
0.084413 1.0839
0.333958 1.03399
0.805787 0.727907
0.609704 0.898374
0.562107 0.92903
1.00221 1.16814e-22
0.140329 1.07796
0.314881 1.04004
1.00221 1.16814e-22
0.104221 1.08216
0.119446 1.08053
0.412485 1.00496
0.995305 0.448088
1.00221 1.16814e-22
0.353194 1.02748
0.015061 1.08715
1.00221 1.16814e-22
0.200585 1.0683
0.0557332 1.08579
0.20635 1.06722
0.939286 0.549614
0.844435 0.683316
0.129805 1.07932
0.991864 0.454852
0.970579 0.495283
0.6959 0.833278
0.734002 0.799907
0.425891 0.999327
0.974266 0.4885
0.764697 0.770717
