1.37504e-13 4.20765e-07 1.28755
1.05639e-06 0 3.23258
3.95195 0 0
0.581917 0.578957 0.582712
1.00486 0 0
2.49688e-07 2.117e-07 1.00171
0.00227117 0.00195976 1.00167
0.0020319 1.00718 0.000161936
0.00262899 1.00713 0.00306565
1.00482 0.00273453 0.0132496
0.706031 0.706386 0.102164
0.0950698 0.692634 0.725942
0.234411 0.23361 0.946549
0.23949 0.947011 0.241616
0.27309 0.678275 0.692557
0.709041 0.0994785 0.707214
0.946419 0.23558 0.237369
0.67948 0.687564 0.278079
0.680316 0.274134 0.687146
1.00469 0.0114037 0.000170047
0.144381 0.885211 0.457425
3.29161e-07 1.00724 0
1.00486 0 0
1.00475 0.000853834 0.0217401
0.388159 0.515473 0.774998
0.772591 0.385144 0.515056
0.314752 0.93911 0.181367
0.0275361 1.00634 0.00232168
1.00486 0 0
0.444733 0.149605 0.887166
0.0097829 1.00704 0.000579506
0.931566 0.32094 0.192478
0.390146 0.772781 0.516973
0.773658 0.514277 0.383775
0.512523 0.381017 0.776514
0.310236 0.187222 0.935283
0.00287263 0.00240855 1.00167
0.00230364 1.00705 0.0128551
0.000488361 0.000430326 1.0017
0.0021396 0.00183085 1.00167
0.142441 0.434827 0.895356
0.520916 0.772354 0.392289
0.882694 0.146603 0.455974
0.193158 0.933566 0.323682
0.449596 0.888426 0.140383
0.186155 0.314236 0.934806
1.00486 0 0
0.888414 0.445162 0.138736
0.00525718 1.00703 0.00613083
0.935924 0.188124 0.309475
0.0010307 0.000904289 1.00169
1.00461 0.0165296 0
0.00511133 1.00636 0.0404497
0.000876661 0.000781083 1.00169
0.00344392 0.00285146 1.00167
0.0983486 0.999992 0.063069
0.145771 0.994367 0.0486355
0.633013 0.458099 0.635189
0.783226 0.625728 0.0170247
0.852709 0.209673 0.487829
0.996612 0.106785 0.0628782
0.973597 0.0369735 0.243645
0.381604 0.382375 0.848863
0.498765 0.499637 0.718089
0.990848 0.0498357 0.155422
0.0642749 0.102396 0.995676
0.2463 0.973697 0.0369547
0.228009 0.0420857 0.976924
0.120186 0.965432 0.258569
0.813038 0.513287 0.295302
0.136972 0.68434 0.724937
0.181543 0.978832 0.144443
0.141619 0.178941 0.976175
0.364927 0.895686 0.279395
0.460105 0.631013 0.638335
0.895488 0.358636 0.278347
0.056477 0.993316 0.154028
0.295254 0.810816 0.520263
0.510781 0.816623 0.29257
0.845226 0.497055 0.214768
0.0752547 0.0745907 0.996473
0.357124 0.272325 0.897514
0.508319 0.29004 0.816988
0.715541 0.495679 0.503431
0.503631 0.716395 0.49778
0.978207 0.139803 0.178022
0.0990564 0.0603468 0.995417
0.236924 0.970989 0.113936
0.0655109 0.999136 0.107255
0.382725 0.925685 0.0756664
0.846624 0.381331 0.383956
0.197984 0.684306 0.712176
0.920075 0.0976002 0.390113
0.177607 0.138429 0.976376
0.359639 0.664916 0.672793
0.66344 0.358405 0.666191
0.149777 0.0535211 0.990342
0.385958 0.843813 0.389892
0.487032 0.209036 0.852348
0.707924 0.0606517 0.710617
0.246578 0.115659 0.965315
0.290718 0.508134 0.819284
0.275243 0.35711 0.89681
0.215924 0.844734 0.504267
0.145333 0.978064 0.187924
0.669265 0.666018 0.364354
0.976537 0.183058 0.145327
0.0908536 0.928191 0.379623
0.694345 0.698217 0.199033
0.969454 0.236972 0.111569
0.00257476 0.65714 0.766484
0.27882 0.897304 0.360534
0.969607 0.258294 0.0450121
0.0515612 0.142856 0.993868
0.998656 0.0755263 0.075215
0.81777 0.290769 0.504654
0.378444 0.0923642 0.92552
0.897285 0.275609 0.357731
0.212397 0.477247 0.858734
0.493587 0.850482 0.217694
0.693316 0.197481 0.70098
0.0787541 1.00042 0.0807445
0.996568 0.0669058 0.106277
0.627436 0.638535 0.465492
0.730113 0.685866 0.0616964
0.109147 0.241778 0.968591
0.991457 0.148767 0.0527835
0.0883707 0.356023 0.93659
0.040786 0.968731 0.271474
0.743051 0.0122187 0.679755
0.967337 0.114953 0.243973
0.687929 0.716329 0.150907
0.686234 0.147246 0.71982
0.915479 0.398665 0.0975569
0.0622327 0.708117 0.713483
0.0425168 0.235123 0.979528
0.0059599 1.0071 0.000374984
1.00484 0.00184585 0.00198737
1.00486 0 0
0.98313 0.0371318 0.201985
0.00119496 1.0072 0.000144893
0.748926 0.232519 0.629053
0.00131473 1.00718 0.0015329
0.910567 0.38947 0.161842
0.00119496 1.0072 0.000144893
0.385396 0.915159 0.162704
0.178629 0.921136 0.364585
0.190001 0.81339 0.562397
0.00256929 1.00717 0.000204548
0.970154 0.22538 0.126452
0.468124 0.422894 0.785283
0.909894 0.161295 0.394347
1.00485 0.000546923 0.00264985
0.263678 0.944105 0.224763
0.626967 0.721818 0.316048
0.605546 0.401479 0.696965
0.785421 0.265478 0.567978
0.07374 0.0854778 0.995785
0.135138 0.84445 0.531548
0.0059599 1.0071 0.000374984
0.470675 0.785297 0.429057
0.832717 0.463925 0.319101
0.162184 0.981449 0.15212
0.429229 0.904612 0.074709
1.00486 0 0
0.572576 0.513367 0.649593
0.00168314 0.00149451 1.00168
0.32052 0.460237 0.834189
0.97894 0.163322 0.150954
0.709657 0.4494 0.554372
0.169273 0.605197 0.784904
0.255498 0.216266 0.945254
0.174125 0.989601 0.0412304
0.328701 0.102248 0.942453
0.818866 0.547209 0.193282
0.00128578 0.00113877 1.00169
0.780951 0.463784 0.429218
0.426133 0.779774 0.473465
0.45097 0.0848493 0.893315
0.313062 0.621672 0.733696
0.1146 0.0595035 0.99389
0.998467 0.071141 0.0828217
0.323975 0.298159 0.902144
0.554135 0.450818 0.712347
0.647936 0.572265 0.515899
0.160731 0.383659 0.914839
0.277491 0.107979 0.957991
0.998232 0.0888094 0.0658871
0.0558656 0.1275 0.994456
0.516724 0.646811 0.577294
0.193715 0.978473 0.131449
0.237488 0.86832 0.451697
0.164178 0.90704 0.404916
0.492415 0.875479 0.039692
0.0689302 0.0931678 0.995774
0.434673 0.229447 0.875408
0.321362 0.832204 0.467073
0.644413 0.516424 0.575848
0.466429 0.833674 0.324964
0.195393 0.128886 0.974376
0.0010307 0.000904289 1.00169
0.217141 0.257049 0.944458
0.303389 0.899674 0.334186
0.998291 0.0667609 0.0904332
0.709276 0.556215 0.447115
0.129435 0.979279 0.195679
0.417274 0.346559 0.845563
0.923568 0.17613 0.352089
0.518099 0.575531 0.644071
0.403428 0.694736 0.612013
0.940237 0.286852 0.203652
0.451218 0.550861 0.715817
0.116737 0.48458 0.874325
0.562091 0.261553 0.790449
1.00484 0.00314477 0.00132491
0.753666 0.346607 0.5682
0.393884 0.891709 0.255587
0.350714 0.753565 0.570502
0.442177 0.874098 0.229267
0.402696 0.606983 0.69754
0.563063 0.344571 0.757785
0.624102 0.230402 0.754089
0.159598 0.146022 0.9785
0.978816 0.216283 0.0488531
0.457513 0.0182905 0.894989
0.864282 0.451663 0.239668
0.997068 0.106186 0.0566665
0.129021 0.970936 0.231953
3.29161e-07 1.00724 0
0.694858 0.4033 0.607909
0.98782 0.0524042 0.17578
0.263882 0.560755 0.793175
1.00484 0.00109383 0.00529968
1.00472 0.00835476 0
0.979739 0.149044 0.160407
0.427817 0.467804 0.784754
0.900887 0.326554 0.298059
0.885748 0.398297 0.255472
3.29161e-07 1.00724 0
0.944555 0.22121 0.260903
0.348636 0.416364 0.84643
0.126861 0.0560203 0.993406
0.942188 0.201936 0.282259
0.00307533 0.00258183 1.00167
0.113197 0.580666 0.815104
0.394384 0.158985 0.909301
0.078869 1.00141 0.069393
0.993633 0.0589952 0.134013
0.206273 0.941029 0.291781
0.204565 0.0445139 0.982155
0.284847 0.942352 0.207597
0.0021396 0.00183085 1.00167
0.280227 0.198916 0.941839
0.201123 0.2811 0.941568
0.108926 0.960137 0.283531
0.568814 0.823207 0.0765511
0.743917 0.63252 0.233659
0.353866 0.840632 0.426784
0.874747 0.233229 0.432749
0.840761 0.422588 0.351576
1.00484 0.00273459 0
0.164484 0.769047 0.629257
0.907736 0.428079 0
0.301922 0.039849 0.957271
0.843382 0.347806 0.419215
0.0638672 0.997843 0.121949
0.00554894 1.00711 0.00039203
0.455392 0.708029 0.555635
0.0954436 0.0692655 0.994847
0.207349 0.977782 0.119103
0.62216 0.30535 0.728917
0.772157 0.619216 0.169498
0.268271 0.964074 0.107389
0.395183 0.251561 0.887207
0.778747 0.42469 0.471829
0.264523 0.783257 0.576588
0.0444948 0.9851 0.20318
0.552856 0.711908 0.456591
0.572562 0.645818 0.522314
0.943624 0.261278 0.220888
0.843629 0.135801 0.529323
0.958609 0.278164 0.105682
0.0786389 0.999424 0.0920935
0.232658 0.61609 0.760906
0.889213 0.457079 0.0846752
0.092633 0.999452 0.0724467
0.0880456 0.887459 0.467847
0.831803 0.31917 0.462366
0.564121 0.789314 0.267004
0.223039 0.944582 0.265175
0.756346 0.567261 0.3508
0.0480402 0.155829 0.992547
0.572539 0.752754 0.351448
0.235534 0.744359 0.638145
0.00344392 0.00285146 1.00167
0.252192 0.391005 0.889853
0.0725708 0.529552 0.855885
0.299197 0.327885 0.900184
0.552341 0.819883 0.198728
0.148049 0.158703 0.978415
