3.08757e-26 9.44802e-20 2.89112e-13 8.84688e-07 2.70717
3.32927 0 0 0 0
9.26848e-07 3.00411e-07 0 0 2.98143
0.245495 0.164604 0.1948 0 2.93967
3.56045e-07 6.01445e-07 4.4085e-07 2.52865 0
0.446695 0.470912 0.483625 0.371336 0.481917
0.442527 0.373215 0 0.00429179 0.822685
0.696732 0.189843 0.00137954 0.702343 0.00274765
3.80355e-08 1.81045e-08 0.128902 0.998691 0.00152693
1.10773e-07 2.65409e-08 2.33402e-07 0.794732 0.612814
6.15943e-14 1.32382e-14 1.92784e-07 2.64026e-07 1.00038
0.983269 0 0.186855 0 0.00230968
0.898225 0 0.398665 0.245321 0.000893375
3.27018e-07 0 1.00068 0 0
5.86955e-08 4.03362e-08 0.217932 0.97863 0
0.907965 0.00137572 0.320821 0.00377788 0.377396
3.28749e-05 0.932449 0.0274093 0 0.37525
3.26741e-07 0 0.999835 0 0.0477946
0.976638 0 0.230346 0 0
0.72354 0.292662 0.021533 0.637258 0.0879058
2.78727e-07 0.852912 0.11491 0.539702 0.000202282
0.760526 0 0.00116012 0.662181 0
0.999994 0.0603864 0 0 0
0.828186 0.000597081 0 0.000781313 0.565174
3.27594e-07 1.00245 0 0 0
6.15943e-14 1.32382e-14 1.92784e-07 2.64026e-07 1.00038
6.15577e-08 0.188368 0 0 0.98964
9.83439e-08 4.23707e-08 0.327677 0.947829 0
0.0474828 0.831744 0.572812 0.00153613 0.00181203
3.26984e-07 0 1.00058 0.000737259 0.00219962
0.944621 0 0.333108 0.000738544 0.00749739
1.39605e-07 1.07273e-07 2.37507e-07 0.904684 0.430983
1.28834e-07 2.82303e-08 2.44533e-07 0.850177 0.5393
0.0528034 0.037489 0.0125044 0.0119433 0.999216
0.14236 0.889275 0.460907 0 0
3.27018e-07 0 1.00068 0 0
0.00102477 0 0.999481 0.0668519 0.0335093
0.972957 0.0250612 0.158801 0.189146 0.0982859
0.00553236 0.000952425 0.00855437 1.00033 0.00400849
1.58534e-05 0.300701 0.962467 0 0
0.999793 0.0448594 0 0 0
0.719507 0.00298446 0.00105997 0.0520487 0.69976
0.983659 0.0899694 0.115006 0.00180722 0.130301
2.66917e-07 0.816773 0.416863 0 0.475119
0.105161 0.0262574 0.664847 0.276399 0.686514
0.0341666 0.996143 0.000406453 0 0.127402
0.0745985 0.208409 0.139329 0.961048 0.161844
0.187642 0.671097 0.0582454 0 0.729876
0.99662 0.0896874 0.00200056 0.00989711 0.00464934
0.298914 0.098051 0.402144 0.0570918 0.859792
9.74325e-08 0 3.09581e-07 0.993135 0.13144
0.0797062 0.0720854 0.0391411 0.994676 0.0725599
1.00029 3.07544e-05 0.00201557 0.00200776 0
0.438774 0 0.900315 0 0
0.00112387 0.00061986 0.00986976 0.0613724 0.998937
0.00446377 0.932755 0.183845 0.326639 0.000187717
9.90242e-08 0 0.303016 0 0.957257
0.871584 0.0190433 0.263669 0.444461 0.0105674
0.0149744 0.00670717 0.0462661 0.998538 0.0461808
0.13785 0.988193 0.00121188 0.00432782 0.110598
0.00151097 6.59724e-09 1.00056 0.000993828 0.00198231
0.0343884 6.0059e-07 1.00009 0.000919848 7.39981e-05
0.252068 0.0396756 0.0246317 0.254841 0.947912
3.27594e-07 1.00245 0 0 0
0.017918 0.0149101 0.167634 0.987062 0.0572411
0.07245 0.999681 0.0142098 0.000779031 0.00127267
0.343995 0.942225 0 0 0
0.0329059 0.027125 0.0332631 0.0254933 0.998891
6.15943e-14 1.32382e-14 1.92784e-07 2.64026e-07 1.00038
0.0519927 0 0.998582 0.00292164 0.0365439
1.39669e-07 0.427389 0 0.00634092 0.918802
2.02548e-07 1.89042e-07 1.39914e-07 0.949783 0.322051
0.99997 0.000184103 0.0099095 0.00495804 0.0220497
0.00959158 1.00215 0.00943134 0.000583285 0.000374305
1.52236e-07 1.60638e-08 2.88727e-07 1.00001 0.0248646
0.802043 0.0845804 0.0142109 0.604159 0.0151922
3.27594e-07 1.00245 0 0 0
0.0502719 0 0.998327 0 0.0531928
1.70333e-07 1.48797e-07 0.692092 0.730242 0
0.0229083 0.0187724 0.0350185 0.134816 0.994504
4.81101e-08 0 0.147218 0.990679 0
0.152803 0.161866 0 0.985885 0.0486986
0.00729474 0.000745565 0.0154393 0.00534437 1.00013
0.00996834 0.00281883 0.396777 0.916363 0.161852
0.705969 0.170836 0.0227849 0.59149 0.391262
3.27018e-07 0 1.00068 0 0
0.939186 0 0.360327 0 0
0.0299692 1.00226 0 0 0.000698751
0.384039 0.0092455 0.924593 0.00359323 0.0093943
0.625167 0.0311029 0.079281 0 0.780729
0.992007 0.00822968 0.00391908 0.144282 0
5.68705e-06 0.983141 0 0.213027 0
2.45902e-07 8.542e-08 0.796573 0.617975 0.00173535
0.00166648 0.00157243 0.0040795 0.957607 0.29684
0.994474 0.0727481 0.00244854 0.000935875 0.103434
0.0483971 8.45249e-07 0.999503 0.00147567 0.00137469
0.105124 0.135758 0.177807 0.970732 0.100399
0.0211062 0.0224771 0.188812 0 0.989604
0.905818 0.427255 0 0 0
0.0245369 0.0172098 0.993714 0.137282 0.0237459
0.194333 0 0 0 0.991078
0.587323 0.00736455 0 0.0419536 0.816414
5.86899e-08 4.03321e-08 0.217911 0.978607 8.67812e-05
0.298975 0.752863 0.31905 0.0673767 0.496383
0.052571 0.239241 0.914923 0 0.371907
0.136092 0.057639 0.0786844 0.0120461 0.989047
0.00959158 1.00215 0.00943134 0.000583285 0.000374305
0.892778 0.425281 0.0182269 0.00178672 0.168984
0.00151097 6.59724e-09 1.00056 0.000993828 0.00198231
0.768673 0.381087 0.494613 0.190162 0.188695
0.639751 0.225957 0.270676 0.694061 0
0.994818 0 0.105085 0.00106442 0.00227488
3.27594e-07 1.00245 0 0 0
0.0441783 0.979534 0 0.167838 0.156287
3.27018e-07 0 1.00068 0 0
0.881115 0.00567903 0 0.0342685 0.475934
0.0261196 0.00969686 0.196853 0.981595 0
0.058778 8.27657e-06 0.999615 0.000550624 0.000676329
0.00282308 0.000286815 0.00425735 1.00041 0.00200431
1.52236e-07 1.60638e-08 2.88727e-07 1.00001 0.0248646
0.0370215 0.000446956 0.954046 0.000227716 0.307092
0.0302298 0.0326625 0.0252457 0.0555685 0.998265
0.952291 0.316399 0 0.0290353 0
0.407416 0.225582 0.0590961 0.236924 0.85928
2.84182e-07 0 0.869604 0.496813 0.0167466
0.122178 0.0183127 0.987421 0 0.128224
1.83185e-07 5.86641e-09 2.70763e-07 1.00051 0
2.97568e-07 0.910564 0.0191443 0.153019 0.414007
0.257118 0.81679 0.0640547 0.524157 0.00044041
4.29976e-08 8.33819e-09 2.84102e-07 0.879628 0.486871
3.23243e-07 0.98913 0.177715 0 0.000439945
0.205 0.560123 0.437152 0.356171 0.597835
0.288105 0.033993 0.734612 0.647535 0
0.0227297 0 0.903325 0 0.432771
0.678913 0.435598 0.551984 0.303256 0.0562913
0.631501 0.0151346 0.0322842 0.776793 0.000967763
1.58906e-07 0.486255 0.412198 0.538527 0.60842
0.095101 0.0259783 0.00101949 0.0071913 0.998486
0.490881 0.806676 0.201483 0.0554423 0.303624
0.263817 0.536905 0.792998 0.287586 0.00193652
0.531511 0 0.842429 0 0.131479
1.83185e-07 5.86641e-09 2.70763e-07 1.00051 0
3.16244e-07 0.967715 0 0.29614 0
1.00023 8.18853e-05 0.00464757 0.00299147 0.00691044
0.263704 0.00588033 0.957531 0.0290226 0.128675
0.997702 0.0114129 0.0459079 0.00342191 0.0639866
0.344578 0.220231 0.538637 0.484838 0.564116
0.234004 0.223292 0.763514 0.107266 0.573591
3.27018e-07 0 1.00068 0 0
0.591779 0.791758 0.246089 0 0
0.577781 0 0 0.826125 0
3.26741e-07 0 0.999835 0 0.0477946
3.23318e-07 0 0.989361 0.000268009 0.153419
0.327269 0.164504 0.527925 0.771939 0.000134973
0.254047 0.960757 0 0.150569 0.018207
0.70325 0.217275 0.0294013 0.0664755 0.675795
0.037901 0.0142591 0.73661 0.680038 0
1.76066e-07 0.538765 0.0184731 0 0.861986
2.7137e-07 7.32985e-08 0.860158 0 0.517322
0.0060462 0.00473897 0.00980346 0.967228 0.260272
0.0868355 0.0597431 0.149817 0.953805 0.250099
1.83185e-07 5.86641e-09 2.70763e-07 1.00051 0
0.605969 0.159505 0.739646 0.166504 0.208307
0.0656219 0.104925 0.996987 0 0.0119137
0.0543267 0.994812 0.0315526 0 0.123527
1.83185e-07 5.86641e-09 2.70763e-07 1.00051 0
3.26973e-07 1.00055 0.0890824 1.49192e-05 0.000336881
0.391478 0.832996 0 0.425282 0
1.70485e-07 2.01424e-07 0 0.807504 0.605443
0.985901 0.178811 0.000537729 0.015024 8.00112e-05
0.127631 0.134283 0.286903 6.22883e-05 0.946132
0.845628 0.403168 0.231145 0.299264 0.0248862
2.03176e-07 1.37075e-07 1.90746e-07 0.950354 0.31916
0.994529 0.0476278 0.102008 0.00412744 0.031417
0.253944 0.356294 0.211083 0.571065 0.67985
6.93137e-08 0.212102 0.0265928 0 0.985205
0.0568327 0.0184399 0.0763797 0.00893907 0.995846
0.00619438 0.00449432 0.092024 0.0227717 0.998473
0.00282308 0.000286815 0.00425735 1.00041 0.00200431
0.15857 0.966884 0 0.000242448 0.255568
0.0746844 0.252241 0.331211 0.925166 0.0248652
0.0318721 0.339773 0.94429 0.00701313 0.221153
0.079722 0.384703 0.0238298 0.949423 0.00738011
0.00268159 0.0013721 0.0033956 0.996031 0.0999791
0.261062 0.156619 0.747689 0.5642 0.207194
1.24574e-07 5.74139e-08 2.95852e-07 0.997884 0.0754066
3.27594e-07 1.00245 0 0 0
6.15943e-14 1.32382e-14 1.92784e-07 2.64026e-07 1.00038
0.224883 0 0.975415 0.000720564 0
0.571927 0.280459 0.500238 0.238719 0.561856
6.15943e-14 1.32382e-14 1.92784e-07 2.64026e-07 1.00038
0.584429 0.243003 0.0420503 0.599847 0.536941
0.935546 0 0.000325561 0 0.357925
0.633087 0.0251974 0.0672433 0.772811 0.00501988
0.891258 0.125813 0.0432576 0.442639 0.000215496
0.076284 0.0334101 0.0585889 0.336832 0.944718
0.0294336 0.997763 0.00119981 0.0161581 0.120675
0.443061 0.900463 0.0446973 0 0.000917322
0.00553236 0.000952425 0.00855437 1.00033 0.00400849
0.286985 0.941347 0.145269 0.0224311 0.283241
0.560951 0 0 0 0.836575
0.189063 0.806921 0.113113 0.375877 0.426877
0.757944 0.569151 0.301036 0.234999 0.0261892
0.024768 0.0118426 0.0925007 0.0142108 0.997694
1.00023 8.18853e-05 0.00464757 0.00299147 0.00691044
0.0912509 0.181683 0.775894 0.353916 0.514585
2.71004e-08 0 0.0829278 0.99876 0
0.546958 0.266737 0.209117 0.633455 0.455646
3.16284e-07 0.967838 0 0 0.281907
0.0107652 0 0.869723 0.496547 0.0335036
0.988131 0.028169 0.103694 0.000656344 0.142708
0.999909 0.000216836 0.0112937 0.00561294 0.0238718
3.27005e-07 2.85555e-12 1.00064 1.32702e-05 0
0.0672272 0.0287606 0.0423882 0.0107063 0.997764
0.0117642 0.00287789 0.0478358 0.0198809 0.999469
0.439409 0.434769 0.471467 0.650335 0.141265
1.83185e-07 5.86641e-09 2.70763e-07 1.00051 0
0.0502719 0 0.998327 0 0.0531928
2.93012e-07 9.57649e-08 0.943295 0.352786 0
0.0534181 0.000645379 0.953416 0.000666638 0.307178
4.10786e-08 5.90262e-09 0.126993 0 0.994926
0.0495631 0.0331353 0.049687 0.0086142 0.998277
0.0556898 0.422259 0.00648663 0 0.909765
2.99618e-07 0.916838 0.41283 0.000456828 0.00573669
3.27594e-07 1.00245 0 0 0
0.0453757 3.9624e-07 0.999576 0.000962398 0.00180917
0.0465899 0.253929 0.0159352 0.975753 0.0442444
0.308665 0.0392442 0.000390547 0.9651 0.0014042
1.94749e-07 9.44339e-08 0.662301 0 0.75517
0.0943598 0.982233 0 0.200025 0
1.00029 3.07544e-05 0.00201557 0.00200776 0
0.32189 0.539033 0.584678 0.223206 0.501008
0.540059 0.0538293 0.497075 0.706925 0.0268643
0.000779683 1.70213e-09 1.00068 0.00110052 0
0.555918 0.0623031 0.240662 0.716628 0.345979
5.53391e-14 4.2999e-14 2.14449e-07 0.65622 0.762144
0.77214 0 0.638047 0.00358413 0.000457337
0.589367 0.165212 0.11572 0.795174 0
0.998249 0.0365718 0.00686757 0.00327234 0.0636333
0.144902 0.99108 0 0.0082121 0.060319
0.222447 0.257513 0.580768 0.667295 0.367514
0.946313 0.00575347 0.0217591 0.00206797 0.325713
3.23243e-07 0.98913 0.177715 0 0.000439945
0.00959158 1.00215 0.00943134 0.000583285 0.000374305
0.410254 0.921118 0.0130599 0 0.00155673
0.00151097 6.59724e-09 1.00056 0.000993828 0.00198231
0.525468 0.647129 0.574275 0 6.04087e-05
0.0969596 0.524272 0.0253176 0.874045 0.00912923
6.15943e-14 1.32382e-14 1.92784e-07 2.64026e-07 1.00038
0.0239849 0 0.978657 0.18633 0.113142
0.300489 0.738391 0.598795 0.0012253 0.20057
0.0106226 0.00259864 0.0443458 0.00567576 0.999539
0.842082 0.16623 0.0155526 0.342931 0.390105
0.231474 0.582404 0 0.800672 0.0255345
3.27005e-07 2.85555e-12 1.00064 1.32702e-05 0
0.0150199 0.00646402 0.0467771 0.998406 0.0503061
3.27594e-07 1.00245 0 0 0
0.0115446 0.0009538 0.0221923 1.00016 0.000563838
1.68295e-07 1.29769e-07 2.45064e-07 0.992597 0.135679
3.27594e-07 1.00245 0 0 0
0.81668 0.575514 0.000160507 0.0961091 0
0.721457 0.0649017 0.690515 0.00824037 0.00072738
0.0243485 0.0170783 0.996997 0.110486 0.0170033
3.2046e-07 0.980615 0 0.233491 0
0.241037 0.0211145 0.0104917 0.114931 0.977209
0.969643 0.0966141 0.105964 0.210429 0.0102958
0.00436677 0.00245215 0.00750503 0.00946504 1.00029
0.00553236 0.000952425 0.00855437 1.00033 0.00400849
0.463816 0.753343 0.391679 0.337927 0.178841
2.24661e-07 0.687467 0.0189934 0.0582781 0.740456
0.252216 0 0.179664 0 0.958166
0.102521 0.976634 0 0.223966 0
1.52236e-07 1.60638e-08 2.88727e-07 1.00001 0.0248646
0.0581279 0.770582 0.243197 0.398132 0.470973
0.286377 0.83835 0.457096 0 0.200769
0.204434 0.0594782 0.0414913 0.974488 0.12415
0.196484 0.123115 0.751681 0.55939 0.289207
2.98187e-07 0.912459 0.0226609 0.0127511 0.422526
0.927495 0.0433007 0.0659787 0.392704 0.0216727
0.620708 0.547065 0.00449667 0.181546 0.572751
0.0676611 0.999952 0.00949246 0.000487282 0.00108535
3.27468e-07 1.00206 0 0.00469099 0.0300615
0.46403 0 0.887565 0 0
1.00018 4.09408e-05 0.0132818 0.00311016 0.00457586
0.0549324 0.34734 0.87861 0.00623534 0.373021
0.104277 0.0774776 0.112586 0.974094 0.159347
0.00828841 0.57615 0.0256501 0.831359 0.00107296
1.00017 0.00016376 0.00692498 0.00367359 0.0138209
0.00480448 0.99758 0.0928894 0.0542619 0.0139993
0.998868 0.0596782 0.00605743 0.010836 0.0104108
0.206943 0.0271073 0.000734388 0.000479099 0.990226
0.015195 0.00527545 0.0287919 1.00001 0.0083004
0.0163177 0.00351409 0.0324963 0.999836 0.00187355
0.223455 0.0744404 0.189766 0.916766 0.269215
0.391492 0.780681 0.32453 0.441567 0.0188802
0.882288 0.00568658 0.00843801 0.0343157 0.473516
0.138583 0.111031 0.249953 0.58746 0.751803
0.303249 0.395573 0.219371 0.0421208 0.844365
0.264715 0.827495 0.213143 0.313981 0.35026
0.00729474 0.000745565 0.0154393 0.00534437 1.00013
