0 624.04
857.083 0
12.7304 12.7306
19.0956 6.36532
6.36531 19.0956
15.913 9.54796
3.18289 22.2781
9.54798 15.913
22.2779 3.18308
23.8693 1.59164
1.59143 23.8695
14.3217 11.1392
17.5045 7.95649
7.95647 17.5045
11.1391 14.3219
20.6865 4.77452
4.77504 20.6859
3.97901 21.4819
16.7087 8.75225
21.4822 3.97879
8.7523 16.7087
13.526 11.9349
11.9347 13.5262
23.0735 2.38748
15.1174 10.3436
24.6654 0.795554
7.16084 18.3001
0.795386 24.6656
10.3437 15.1173
2.38677 23.0742
18.2998 7.16118
19.8904 5.5706
5.56958 19.8914
20.2884 5.17253
24.2674 1.19354
1.19348 24.2675
8.3544 17.1066
3.58078 21.8802
2.78502 22.6759
16.3108 9.15011
11.5369 13.9241
15.5152 9.94576
9.94587 15.5151
7.55867 17.9023
4.37727 21.0837
18.6979 6.76307
14.7195 10.7415
23.4715 1.98941
13.9238 11.5372
6.763 18.698
12.3324 13.1285
9.15 16.3109
0.397678 25.0633
17.1068 8.35417
1.98907 23.4719
13.128 12.3329
17.9021 7.55887
25.0634 0.397587
5.96719 19.4938
22.6754 2.78552
21.8798 3.58118
10.7411 14.7198
21.0849 4.37619
19.4929 5.9681
5.17242 20.2885
20.8857 4.57533
2.58581 22.8751
18.4988 6.96217
13.327 12.134
14.1227 11.3382
20.0895 5.3715
6.16616 19.2948
16.9077 8.55328
9.34903 16.1119
12.5314 12.9296
4.17834 21.2826
3.3818 22.0792
20.4874 4.9736
16.1119 9.34903
24.0682 1.39275
16.5097 8.9512
8.5534 16.9076
11.7358 13.7252
15.3163 10.1446
11.338 14.123
15.7141 9.74683
4.57617 20.8848
1.39253 24.0684
10.1448 15.3162
14.9184 10.5426
6.96189 18.4991
18.8967 6.56421
24.4663 0.994684
0.994242 24.4667
22.0786 3.38239
7.75764 17.7033
12.1336 13.3274
17.3056 8.15532
8.15558 17.3054
13.725 11.736
1.79018 23.6708
3.7802 21.6808
14.5205 10.9404
2.98379 22.4772
17.7032 7.75772
21.681 3.77997
0.596622 24.8643
12.9292 12.5317
18.101 7.35994
19.6916 5.76938
10.9398 14.5211
5.76827 19.6927
8.951 16.51
10.5424 14.9186
7.35946 18.1015
22.8748 2.58614
4.97373 20.4872
21.2836 4.17747
2.18771 23.2732
22.4765 2.98447
24.8641 0.596899
6.56442 18.8965
23.6709 1.79011
5.37093 20.09
19.2941 6.16683
0.198424 25.2625
23.2732 2.18774
9.74751 15.7135
25.2635 0.197558
9.64781 15.8132
23.1731 2.28783
3.68038 21.7806
4.07859 21.3824
2.68542 22.7755
24.9638 0.497184
22.1782 3.2828
25.164 0.297037
7.45913 18.0018
20.5869 4.87406
6.46484 18.9961
1.09392 24.367
17.0073 8.45369
18.5983 6.86267
9.24953 16.2114
11.0396 14.4214
12.6309 12.8301
6.26584 19.1951
15.0179 10.443
3.48126 21.9797
7.6582 17.8028
9.05045 16.4105
20.3879 5.07307
9.44853 16.0124
13.6255 11.8355
6.06663 19.3943
16.8082 8.6528
4.47671 20.9842
7.06134 18.3996
14.0232 11.4377
16.4103 9.05065
18.0015 7.45945
8.45385 17.0071
16.2114 9.24958
4.67559 20.7854
11.8352 13.6258
10.0453 15.4157
11.2385 14.2225
15.2168 10.2441
24.3668 1.0941
15.4158 10.0452
12.8298 12.6312
16.6093 8.85165
0.297782 25.1632
14.6199 10.841
1.29312 24.1679
15.6146 9.84636
3.28229 22.1787
12.432 13.029
3.0835 22.3775
14.2222 11.2388
18.3994 7.06156
8.25497 17.206
12.0342 13.4268
11.6364 13.8246
21.5816 3.87938
20.7858 4.67512
6.86251 18.5984
11.4375 14.0235
14.819 10.642
10.6417 14.8192
13.8244 11.6366
15.8135 9.64746
13.0286 12.4323
12.2331 13.2279
24.1676 1.29337
19.791 5.66994
10.8405 14.6205
18.2004 7.2606
10.443 15.0179
3.87968 21.5813
16.0123 9.44862
7.85697 17.604
13.4267 12.0342
22.7755 2.68546
8.8517 16.6093
17.4049 8.05602
14.421 11.0399
2.08842 23.3725
20.9857 4.47547
0.894962 24.566
23.5708 1.89011
17.8025 7.65843
17.2064 8.25458
5.66901 19.792
13.2278 12.2332
23.9689 1.49201
19.9902 5.47071
18.7975 6.66346
19.3936 6.06737
2.486 22.975
6.66379 18.7972
5.27168 20.1893
4.27801 21.183
18.9964 6.46455
24.7648 0.696143
5.86749 19.5935
4.87427 20.5867
5.07319 20.3878
8.6531 16.8079
2.28752 23.1734
21.3827 4.07824
22.5763 2.8847
0.0991654 25.3618
10.244 15.217
19.195 6.26597
20.1886 5.27236
9.84674 15.6142
1.69114 23.7698
2.88411 22.5769
17.6041 7.85682
0.496796 24.9642
1.89002 23.5709
22.9738 2.48714
5.46994 19.9911
21.9788 3.48217
21.1846 4.27653
7.26048 18.2005
23.7698 1.69114
8.05641 17.4046
0.696294 24.7647
21.7809 3.68017
22.3767 3.08426
1.49254 23.9684
19.5918 5.8692
23.3719 2.08904
25.362 0.0989741
24.5649 0.896163
25.1138 0.347183
8.00656 17.4544
24.6148 0.846185
19.6417 5.81928
19.9403 5.52064
21.7309 3.73011
0.546672 24.9143
13.1779 12.2831
22.4266 3.0344
21.1347 4.32636
20.2384 5.22252
1.44237 24.0186
8.60325 16.8577
1.84003 23.6209
6.21596 19.245
13.3769 12.084
10.2938 15.1672
9.59779 15.8632
20.9357 4.52532
2.93391 22.5271
5.91738 19.5436
18.3496 7.11137
2.23751 23.2235
2.53599 22.925
7.40934 18.0516
17.5544 7.90659
18.6481 6.81286
6.51463 18.9463
0.347945 25.1131
23.0236 2.43734
4.02884 21.4321
1.24335 24.2176
4.12857 21.3324
16.0622 9.39878
14.073 11.388
2.73515 22.7258
17.4547 8.00625
16.8579 8.60305
11.5866 13.8743
12.1833 13.2776
7.60842 17.8525
16.9575 8.50345
12.6806 12.7803
