0.71095 0.713602
0.710981 0.713587
0.710948 0.713594
0.710964 0.713592
0.71095 0.713594
0.71096 0.713593
0.710948 0.713596
0.710952 0.713593
0.710971 0.713589
0.710976 0.713588
0.71095 0.713591
0.710957 0.713594
0.710958 0.713593
0.71095 0.713595
0.710952 0.713594
0.710968 0.713591
0.71095 0.713594
0.71095 0.713597
0.710957 0.713592
0.71097 0.71359
0.710952 0.713593
0.710957 0.713594
0.710947 0.713595
0.710975 0.713589
0.710957 0.713593
0.71098 0.713587
0.71095 0.713594
0.71095 0.713601
0.710952 0.713594
0.710949 0.713592
0.71096 0.713592
0.710966 0.713591
0.710949 0.713594
0.710967 0.713591
0.710983 0.713587
0.710949 0.713594
0.710952 0.713594
0.710951 0.713596
0.71095 0.713597
0.710958 0.713592
0.710952 0.713594
0.710955 0.713593
0.710953 0.713593
0.71095 0.713593
0.71095 0.713597
0.710961 0.713593
0.710957 0.713593
0.710974 0.713589
0.710955 0.713594
0.71095 0.713594
0.710955 0.713595
0.710953 0.713594
0.71095 0.713598
0.710955 0.713592
0.71095 0.7136
0.710957 0.713594
0.710957 0.713592
0.710981 0.713587
0.710949 0.713593
0.71097 0.713589
0.71097 0.71359
0.710953 0.713595
0.71097 0.71359
0.710966 0.713591
0.71095 0.713595
0.710968 0.713591
0.710949 0.713594
0.710963 0.713592
0.710956 0.713594
0.710957 0.713593
0.710967 0.713591
0.710949 0.713593
0.71096 0.713593
0.710952 0.713594
0.710954 0.713594
0.710949 0.713593
0.71095 0.7136
0.710968 0.713591
0.71096 0.713593
0.710976 0.713588
0.710958 0.713593
0.710952 0.713593
0.710951 0.713594
0.710958 0.713593
0.710954 0.713594
0.710958 0.713593
0.71095 0.713596
0.710949 0.713593
0.710952 0.713594
0.710958 0.713593
0.71095 0.713594
0.71096 0.713592
0.710983 0.713587
0.71095 0.713594
0.710971 0.71359
0.710949 0.713593
0.710954 0.713594
0.710955 0.713593
0.710949 0.713593
0.710957 0.713593
0.710949 0.713592
0.71095 0.713597
0.710955 0.713593
0.710948 0.713596
0.710961 0.713592
0.71097 0.71359
0.71095 0.713595
0.710956 0.713594
0.710964 0.713592
0.710967 0.713591
0.710953 0.713594
0.710949 0.713593
0.710952 0.713594
0.710954 0.713594
0.71095 0.713594
0.710971 0.713589
0.71095 0.713593
0.71097 0.71359
0.710948 0.713593
0.71097 0.713589
0.710981 0.713587
0.710949 0.713593
0.710975 0.713588
0.71095 0.713594
0.710967 0.713592
0.71095 0.713595
0.710975 0.713588
0.710952 0.713594
0.710982 0.713587
0.710952 0.713594
0.710974 0.713589
0.710949 0.713595
0.71095 0.713596
0.71095 0.7136
0.710983 0.713587
0.71097 0.71359
0.710981 0.713587
0.71095 0.713594
0.710968 0.713591
0.710949 0.713592
0.710949 0.713594
0.710957 0.713592
0.710962 0.713592
0.710952 0.713594
0.710953 0.713594
0.710956 0.713595
0.71095 0.713593
0.710957 0.713593
0.710949 0.713597
0.71095 0.713593
0.710952 0.713593
0.710968 0.713591
0.710952 0.713594
0.710956 0.713593
0.710949 0.713593
0.71096 0.713592
0.71095 0.713597
0.71095 0.713593
0.710957 0.713594
0.710958 0.713593
0.710961 0.713592
0.710952 0.713594
0.710959 0.713593
0.71095 0.713597
0.710952 0.713594
0.710952 0.713594
0.710953 0.713594
0.710956 0.713594
0.71098 0.713587
0.710956 0.713593
0.710956 0.713593
0.710959 0.713593
0.71095 0.713594
0.710956 0.713593
0.710951 0.713608
0.710955 0.713593
0.710949 0.713595
0.710948 0.713594
0.71095 0.7136
0.71095 0.713594
0.71096 0.713592
0.710952 0.713594
0.710955 0.713594
0.710954 0.713595
0.71097 0.713589
0.710968 0.713591
0.710951 0.713593
0.710951 0.713594
0.710958 0.713593
0.710952 0.713594
0.710957 0.713593
0.710957 0.713593
0.710956 0.713594
0.71095 0.713595
0.710976 0.713588
0.710967 0.713591
0.710953 0.713594
0.710964 0.713593
0.710952 0.713594
0.710949 0.713597
0.710955 0.713593
0.71095 0.713594
0.710956 0.713593
0.710971 0.713589
0.710952 0.713594
0.710955 0.713592
0.710957 0.713593
0.71095 0.713602
0.710969 0.713591
0.71095 0.713594
0.710975 0.713588
0.71096 0.713592
0.71096 0.713592
0.71095 0.713593
0.710955 0.713594
0.710976 0.713588
0.710967 0.713591
0.710962 0.713592
0.710967 0.713591
0.71095 0.713597
0.71095 0.713594
0.71095 0.713595
0.71095 0.713597
0.710965 0.713593
0.710978 0.713588
0.710949 0.713593
0.71095 0.713594
0.710949 0.713592
0.710952 0.713594
0.710949 0.713595
0.710969 0.71359
0.710971 0.713589
0.71095 0.713594
0.710952 0.713594
0.710967 0.713591
0.710968 0.713591
0.710952 0.713594
0.71095 0.713599
0.71095 0.7136
0.71096 0.713592
0.710949 0.713594
0.71095 0.713603
0.710974 0.713589
0.71095 0.713594
0.71097 0.71359
0.710969 0.71359
0.71095 0.713593
0.710977 0.713588
0.710952 0.713593
0.71095 0.713593
0.71097 0.71359
0.710971 0.713589
0.710948 0.713593
0.710967 0.713592
0.710974 0.713589
0.710986 0.713586
0.71098 0.713587
0.710981 0.713587
0.71095 0.713593
0.71098 0.713587
0.710967 0.713591
0.710967 0.713592
0.71097 0.71359
0.710949 0.713597
0.710955 0.713594
0.71097 0.713589
0.71097 0.71359
0.710967 0.713591
0.71095 0.713601
0.71095 0.713593
0.71095 0.713599
0.71095 0.713594
0.710956 0.713594
0.710952 0.713595
0.710952 0.713594
0.710969 0.713591
0.71095 0.713594
0.710949 0.713593
0.710958 0.713593
0.710948 0.713597
0.71095 0.713591
0.710951 0.713593
0.710961 0.713592
0.710963 0.713592
0.710949 0.713593
0.71095 0.713598
0.710972 0.713589
0.71095 0.713596
0.710949 0.713597
0.71095 0.713597
0.710957 0.713592
0.710955 0.713595
0.710948 0.713597
0.710958 0.713593
0.710958 0.713592
0.71095 0.713595
0.710949 0.713593
0.710949 0.713593
0.71096 0.713593
0.710956 0.713594
