0 0 1050.67
95.7672 0 979.511
148.771 886.765 0
27.1481 27.1174 27.0521
81.0373 0.145169 0.030542
0.0086423 0.0122827 81.1934
0.335048 0.162918 80.7229
0.161101 81.0496 0.00177144
0 80.7206 0.495427
79.8107 0.543525 1.03496
37.9389 37.9994 5.60834
5.35594 37.0369 38.8258
13.4812 13.4377 54.412
13.6394 53.8897 13.8021
13.562 33.5069 34.1993
37.7689 5.42399 38.0547
54.1755 13.415 13.621
33.5729 34.0178 13.6291
33.6571 13.4918 34.0779
80.1335 1.07335 0
8.13153 48.3085 24.7749
0.00618049 81.1971 0.00396034
81.2062 0 0
79.3781 0 1.84543
18.6788 24.9652 37.5962
37.6274 18.7074 24.9287
17.7243 52.9149 10.6956
2.55468 78.8552 0
81.1532 0 0.0680074
24.421 8.19364 48.6834
0.805413 80.4098 0
52.5386 18.1764 10.64
18.823 37.2389 25.1776
37.6417 24.951 18.7639
24.9734 18.714 37.6141
17.7516 10.6332 53.0497
0.218692 0.190523 80.8092
0.351421 79.7438 1.25816
0.148391 0.0441166 81.0231
0.173467 0.212872 80.8296
7.92664 23.9642 49.3502
25.1709 37.2159 18.9402
48.2578 8.30518 24.7073
10.7689 52.401 18.0526
24.5534 48.643 8.28662
10.6869 17.7367 52.811
81.2062 0 0
48.7722 24.2466 8.18734
0.436902 80.3543 0.542569
53.009 10.6604 17.5429
0.0333241 0.292767 80.9204
79.849 1.363 0
0.0945951 77.9675 3.34912
0.321915 0.0703717 80.8388
0.234051 2.24329 78.7609
6.89967 69.9574 4.41928
9.94119 67.9151 3.70065
29.8161 21.5525 29.9074
44.4827 35.4927 1.23278
44.5807 11.2977 25.6233
69.2192 7.5053 4.51115
62.8684 2.6069 15.7582
19.28 19.2957 42.714
23.7631 23.6494 33.8787
66.944 3.72861 10.5625
4.42775 7.16344 69.6244
15.8464 62.6563 2.75476
14.8678 2.71275 63.6785
7.25581 58.3765 15.613
40.6251 25.7863 14.8628
7.71426 35.5463 37.9687
11.3101 60.99 8.96417
8.77775 11.2488 61.3484
19.0261 47.2981 14.9525
21.7012 29.548 29.9793
47.616 19.0493 14.6714
3.69822 67.1516 10.3722
14.6206 40.622 26.0068
25.6215 40.8376 14.7883
43.9483 25.9571 11.3404
5.31504 5.24587 70.6511
18.9947 14.5717 47.6642
25.5649 14.5534 41.153
33.7585 23.716 23.8307
23.5216 33.7891 23.9056
61.3986 8.67327 11.1689
6.94283 4.29617 69.9716
14.5895 59.7386 6.92326
4.52544 69.4715 7.3626
22.1571 53.5877 5.65286
42.8071 19.1854 19.4243
10.5227 34.5678 36.1857
53.0305 5.63075 22.5665
11.1192 8.72811 61.5819
17.1692 31.8057 32.248
31.8307 17.2214 32.1695
10.1532 3.70915 67.348
19.4306 42.4219 19.473
25.4782 11.039 44.7555
38.9244 3.21042 39.095
14.9846 7.06254 59.202
14.6503 25.5192 41.0773
14.6276 18.9486 47.6442
11.248 43.9455 26.0578
9.06778 60.5535 11.6203
32.1015 31.8356 17.3824
60.812 11.3968 9.03203
5.45485 53.9129 21.8691
35.3981 35.3876 10.4227
59.8512 14.5814 6.79138
1.52341 37.0585 42.9611
14.7586 47.4783 19.0323
61.7411 16.5039 3.1119
3.60138 9.88438 67.8639
70.5595 5.39477 5.3168
41.2025 14.735 25.5197
22.2052 5.45858 53.5451
47.7391 14.5821 18.8923
11.0598 25.1928 45.0276
25.7211 44.2888 11.2959
35.4968 10.3491 35.7194
5.56788 70.1708 5.54087
69.1182 4.61743 7.47423
29.6002 30.0385 21.6552
40.1167 37.7051 3.50507
7.02867 14.9109 59.2731
67.4556 10.0482 3.74513
5.20136 20.987 55.0782
2.76474 61.3473 17.1532
41.6982 1.60196 38.1984
59.2831 7.02035 14.9733
35.9596 37.594 7.9694
35.9184 7.68955 37.6153
52.7422 23.0734 5.48017
3.24431 38.9055 39.2692
2.74446 15.2736 63.2257
0.740216 80.4929 0
80.8304 0.164856 0.239054
81.1219 0.0955322 0
64.7684 3.14921 13.328
0.00308089 80.9544 0.249667
37.7135 11.8109 31.76
0 80.7206 0.495427
50.7128 21.4529 9.0423
0.0971567 81.1103 0.00204211
21.5609 50.6293 9.11271
10.0059 51.107 20.1498
10.065 42.1119 29.0461
0.217639 80.99 0.00075031
59.6596 13.8318 7.78491
22.5408 20.6206 38.0936
50.463 8.92927 21.8204
80.8438 0.1236 0.261263
15.0165 53.3778 12.8498
30.6556 35.1816 15.3931
28.9187 19.0546 33.2878
39.537 13.1886 28.5775
5.12872 5.99272 70.1043
7.30598 45.1929 28.7288
0.48388 80.7286 0.00102111
22.6245 37.7898 20.7944
41.9476 23.2907 16.1141
10.1472 61.4983 9.56751
24.624 52.0543 4.80217
81.2062 0 0
26.9059 24.116 30.2455
3.11255 0 78.4149
16.1648 23.2164 41.8296
61.6399 10.179 9.51935
33.5446 21.3555 26.3421
8.88961 31.6317 40.7063
14.7591 12.424 54.2113
11.5893 66.0696 3.56772
19.3952 6.07068 55.7436
42.486 28.6699 10.065
0.249198 0.0960319 80.8726
37.955 22.6431 20.7234
20.7186 37.7014 22.9031
25.4318 4.80014 51.0958
15.1672 30.3448 35.7983
7.86059 4.10513 69.241
70.2563 5.07725 5.91245
17.1798 15.9221 48.1359
26.2592 21.2516 33.7343
30.3049 26.8719 24.2641
8.85925 21.5065 50.8405
16.7671 6.50279 57.947
70.3798 6.30722 4.65961
4.00462 8.63877 68.5936
24.2086 30.0897 26.926
12.0799 61.1411 8.02103
12.2672 45.3406 23.6722
9.04899 49.9105 22.3056
28.416 50.4752 2.37176
4.78323 6.53215 69.8972
23.0012 12.0886 46.1916
16.1322 41.7325 23.3668
30.1896 24.0576 27.0172
23.3923 41.6509 16.2043
12.1006 8.04657 61.1985
0.0873744 0.0774245 81.0664
12.5035 14.6733 54.1007
16.0785 47.482 17.6798
70.1432 4.70062 6.38163
33.664 26.4761 21.4831
8.03501 61.0143 12.23
20.9444 17.5584 42.8044
51.6919 9.82752 19.7078
24.1173 26.7833 30.3212
19.2152 32.9731 29.0193
53.3835 16.3443 11.5601
21.3831 26.114 33.913
7.05357 26.5098 47.6917
28.2927 13.1804 39.7947
80.2523 0.381847 0.64819
36.6742 16.8411 27.759
20.7067 47.0551 13.463
16.9769 36.4828 27.7533
23.1651 45.6762 12.4196
19.3432 28.8276 33.1675
27.3492 16.767 37.1168
31.5169 11.718 38.0253
10.1296 9.24027 61.9816
63.7376 14.1063 3.41026
26.885 2.10891 52.2227
45.1997 23.6303 12.3949
69.868 7.44868 3.92919
7.82064 59.2614 14.1655
0.00618049 81.1971 0.00396034
33.1331 19.1291 28.9697
66.0324 3.43754 11.7809
13.1777 28.2266 39.8682
80.5654 0 0.646201
80.4236 0.783798 0
61.7861 9.32215 10.1088
20.6399 22.607 37.9716
47.881 17.415 16.1019
46.7102 21.1362 13.5385
0.00618049 81.1971 0.00396034
53.6304 12.6757 14.9029
17.563 21.1223 42.5637
8.8264 3.85712 68.5359
53.7302 11.3777 16.1057
0.238274 0.401948 80.6064
6.2214 31.1591 43.8866
21.7478 8.95506 50.574
5.5005 70.923 4.78345
68.0374 4.08162 9.14031
11.7062 53.1987 16.3371
13.5248 3.15617 64.6324
16.0919 53.5117 11.7321
0.100429 4.43639 76.9495
16.0887 11.3568 53.8384
11.5069 15.9326 53.7998
6.53842 57.7085 17.0597
31.6042 45.5766 4.05747
37.4631 31.8951 11.8657
17.7896 42.0251 21.4672
46.292 12.4013 22.5807
42.3915 21.1873 17.7581
80.7885 0.225841 0.239559
8.82055 39.8298 32.5783
53.807 25.286 2.17072
18.696 2.52837 59.9863
42.4883 17.6254 21.2042
4.21209 68.6829 8.40147
0.451243 80.769 0.0010212
21.4181 33.4524 26.3918
6.69639 4.82294 69.7531
12.9367 61.0311 7.28049
30.4559 15.138 35.6426
40.0277 32.4691 8.71716
16.2884 58.475 6.54264
20.8601 13.4007 46.9905
37.8545 20.6321 22.92
13.2304 39.2302 28.7527
3.04243 64.6284 13.5906
26.0865 33.6728 21.5002
26.8973 30.0796 24.3591
53.7818 14.8701 12.5679
45.2422 7.48047 28.4903
58.1494 16.8226 6.38832
5.43362 69.449 6.38368
11.83 31.0892 38.2982
50.7224 26.069 4.61514
6.70139 69.6002 4.93727
4.68975 50.0954 26.4384
41.8696 16.1464 23.3555
28.3673 39.5346 13.3557
12.6497 53.5618 15.062
36.5745 27.7095 17.1068
3.04963 10.8562 67.3408
27.8558 36.2473 17.1629
11.8648 37.4099 31.9379
0.282203 0.296178 80.6288
13.4325 20.7005 47.0829
4.08285 29.6606 47.4629
15.9103 17.4218 47.8801
28.5661 42.4923 10.1999
9.3808 10.0651 61.9158
