0 0 0.0333058 0.774111 27.7254
0.23459 0 0.083405 0 32.9944
1 0.515847 0 0.760704 26.5034
0.24583 0.296337 1 0 28.0527
0.85875 0.859263 0.863316 0.859244 3.24452
0.789653 0.783773 0.857564 0.794606 4.00112
0.877552 0.88995 0 0.034216 7.10871
0.860127 0.861118 0.733771 0.865758 3.76821
0.744957 0.864763 0.865006 0.86068 3.71588
0 0 0 0.877195 9.07245
0.133448 0.0111434 0.0123533 0.286694 10.6528
0.864433 0.860121 0.865901 0.692937 4.1474
0.8556 0.650021 0.861782 0.861028 4.37822
0.220122 0.837081 0.879761 0.258035 6.05986
0.253345 0.290936 0.867516 0.8862 6.34686
0.870321 0.139274 0.865587 0.108953 6.73156
0.710308 0.92697 0.788135 0.136554 6.64
0.261531 0.0992868 0.873743 0.280404 7.6541
0.8617 0.758666 0.862126 0.861545 3.59208
0.858874 0.864177 0.25746 0.86116 4.53372
0.254016 0.863985 0.859318 0.860971 4.609
0.863115 0.771936 0.748421 0.866144 4.02737
0.859403 0.865967 0.749045 0.764785 4.0459
0.85961 0.0472212 0.0438971 0.0336271 9.74128
0.847611 0.846739 0.698613 0.859468 4.06351
0.0143491 0 0 0.790964 9.57351
0.0190456 0.858443 0.0608027 0.0636915 9.20931
0.8598 0.715601 0.864751 0.861648 3.8939
0.862496 0.863412 0.865095 0.746242 3.74239
0.258183 0.261023 0.882026 0.23236 7.43396
0.869446 0.839815 0.868312 0.700996 4.11076
0.842791 0.0608605 0.24283 0.857177 6.38644
0.102917 0.720582 0.218874 0.820436 7.37655
0.29395 0.27279 0.131516 0.2669 9.35251
0.805748 0.864932 0.864832 0.862378 3.36672
0.864908 0.865409 0.871349 0.225727 4.60514
0.638754 0.865272 0.871857 0.862788 4.52619
0.864771 0.250871 0.86032 0.867047 4.51585
0.7879 0.868335 0.822094 0.878079 3.53506
0.848706 0.854664 0.872042 0.252234 4.57872
0.863572 0.86177 0.861339 0.762825 3.62726
0.904483 0.148736 0.0701348 0.223057 8.69342
0.868997 0.849483 0.868747 0.262884 4.55507
0.131651 0.86197 0.858712 0.681801 5.85875
0.277805 0.292411 0.875645 0.87202 6.05983
0.863392 0.880493 0.0886159 0.292205 6.41805
0.254016 0.863985 0.859318 0.860971 4.609
0.817814 0.895099 0.262521 0.277046 6.22379
0.863364 0.860735 0.742787 0.860826 3.70249
0.868883 0.281061 0.845198 0.283698 6.03977
0.143333 0.167186 0.0179205 0.863173 8.3526
0.858874 0.864177 0.25746 0.86116 4.53372
0.854323 0.862847 0.63645 0.86061 4.4897
0.878777 0.240678 0.880232 0.282982 6.19782
0.0956014 0.0366629 0.101186 0.289167 10.3409
0.716838 0.865246 0.856469 0.860605 3.92667
0.0325056 0.187153 0.876226 0.13789 8.12073
0.859711 0.704195 0.864971 0.860817 3.98035
0.855542 0.637614 0.864084 0.860612 4.46158
0.85398 0.859436 0.644775 0.863433 4.43408
0.860956 0.737973 0.860513 0.861053 3.73217
0.868997 0.849483 0.868747 0.262884 4.55507
0.845622 0.255753 0.22273 0.839151 6.0913
0.727853 0.851114 0.864733 0.78285 4.11827
0.864771 0.250871 0.86032 0.867047 4.51585
0.864912 0.866514 0.865192 0.698946 4.10478
0.858882 0.861558 0.684314 0.867535 4.14433
0.196523 0.232104 0.236396 0.165883 9.18808
0.144781 0.00742032 0.00179949 0.000654018 10.89
0.856249 0.634034 0.862431 0.859599 4.48453
0.120551 0.827223 0.269171 0.103671 8.49801
0.123993 0.0817651 0.843993 0.849224 7.07378
0.893638 0.703733 0.876384 0.81255 4.15126
0.862368 0.867127 0.75922 0.851703 3.59758
0.858874 0.864177 0.25746 0.86116 4.53372
0.861125 0.862021 0.777392 0.861687 3.48167
0.275518 0.869854 0.854724 0.817424 4.70691
0.864103 0.869459 0.864239 0.676985 4.27782
0.696362 0.860955 0.860719 0.854374 4.084
0.204887 0.253957 0.17334 0.733834 8.53461
0.643291 0.868686 0.867324 0.861839 4.49557
0.855567 0.859852 0.703244 0.857735 3.99949
0.0502863 0.113961 0.12397 0.121909 10.2696
0.203567 0.845787 0.867 0.885442 4.71026
0.858453 0.880893 0.101423 0.870498 4.80951
0.868997 0.849483 0.868747 0.262884 4.55507
0.867685 0.20931 0.860148 0.871874 4.54206
0.858874 0.864177 0.25746 0.86116 4.53372
0.864771 0.250871 0.86032 0.867047 4.51585
0.830387 0.191588 0.735459 0.141433 7.2986
0.855167 0.771279 0.22527 0.884737 4.94001
0.263173 0.870706 0.719205 0.881177 5.43729
0.779625 0.862472 0.861975 0.85205 3.48764
0.227308 0.135803 0.0790242 0.857249 8.10035
0.854263 0.859249 0.295364 0.701009 5.40355
0.863023 0.866928 0.862339 0.731006 3.84832
0.722889 0.861172 0.867882 0.855739 3.87725
0.0911642 0.264378 0.879121 0.0222946 8.18332
0.860881 0.859118 0.757131 0.280567 5.00774
0.743798 0.864069 0.865212 0.857899 3.72313
0.85903 0.0603649 0.124554 0.12425 9.1862
0.900939 0.177228 0.108347 0.219486 8.48345
0.860158 0.73661 0.862849 0.861471 3.74053
0.828416 0.859846 0.875338 0.241584 4.64035
0.271038 0.846231 0.903483 0.693103 5.61758
0.778209 0.295929 0.28225 0.169394 8.64113
0.772405 0.867759 0.868004 0.854495 3.53602
0.868997 0.849483 0.868747 0.262884 4.55507
0.729827 0.783366 0.864348 0.879412 4.17211
0.861506 0.870171 0.862652 0.714067 3.98043
0.857369 0.715448 0.860602 0.860074 3.89607
0.864969 0.858919 0.868194 0.663391 4.37627
0.25706 0.85028 0.169261 0.306538 7.90461
0.687171 0.841739 0.768389 0.854594 4.65832
0.690904 0.863399 0.86507 0.856035 4.12939
0.860635 0.121534 0.201814 0.280684 8.33971
0.802842 0.242428 0.871548 0.85546 4.71568
0.85866 0.714568 0.863446 0.861367 3.9014
0.654294 0.863005 0.862707 0.857898 4.4089
0.851773 0.250452 0.226452 0.868152 6.03358
0.289887 0.832918 0.881095 0.18517 6.31838
0.218588 0.213692 0.232819 0.183419 9.13637
0.859794 0.862342 0.756731 0.858943 3.60751
0.86939 0.842606 0.331555 0.678775 5.67917
0.254016 0.863985 0.859318 0.860971 4.609
0.880499 0.775643 0.865046 0.304588 4.86836
0.874224 0.249884 0.847599 0.867877 4.52975
0.696401 0.878389 0.228318 0.8708 5.63678
0.80157 0.86952 0.750404 0.864617 3.86493
0.293135 0.292337 0.147535 0.87938 7.70878
0.633261 0.86403 0.863701 0.85966 4.55773
0.263619 0.863712 0.866644 0.848987 4.62272
0.864783 0.787695 0.857632 0.86044 3.42945
0.293345 0.0738474 0.853455 0.81468 6.80823
0.862391 0.862193 0.863757 0.773821 3.55679
0.862054 0.744701 0.859595 0.861044 3.68594
0.242001 0.86749 0.858477 0.864286 4.61583
0.773156 0.193653 0.13915 0.0463704 9.33157
0.862658 0.869036 0.833331 0.681085 4.29274
0.728097 0.862195 0.856954 0.86037 3.83625
0.862305 0.241403 0.864096 0.617704 6.02421
0.26321 0.668292 0.862619 0.867046 5.86116
0.861112 0.861053 0.738856 0.863305 3.72989
0.868124 0.718288 0.747457 0.892037 4.46166
0.864771 0.250871 0.86032 0.867047 4.51585
0.878161 0.757193 0.863338 0.316628 5.0108
0.864771 0.250871 0.86032 0.867047 4.51585
0.759204 0.731853 0.932911 0.755131 5.00769
0.862956 0.860274 0.865385 0.775705 3.54712
0.865894 0.858707 0.851923 0.819414 3.33315
0.858734 0.863892 0.647492 0.864242 4.41461
0.250359 0.251594 0.876396 0.274214 7.39874
0.13823 0.0432743 0.908189 0.0500213 8.5192
0.860761 0.741725 0.860627 0.860917 3.70639
0.858021 0.858786 0.712725 0.865365 3.92443
0.868816 0.899879 0.204135 0.285367 6.18098
0.857978 0.682364 0.863532 0.860861 4.14396
0.0736276 0.831667 0.268044 0.237924 8.25177
0.0205512 0.0590019 0.851871 0.0623863 8.70349
0.846575 0.83141 0.235178 0.87682 4.61762
0.650982 0.723027 0.863627 0.857575 5.0852
0.855964 0.649206 0.862195 0.860742 4.38395
0.857531 0.679131 0.862501 0.860314 4.16893
0.864629 0.858297 0.867565 0.67051 4.32191
0.797154 0.859306 0.71886 0.72093 4.92632
0.214739 0.854165 0.881479 0.865455 4.65741
0.709913 0.862301 0.862709 0.854208 3.97797
0.84871 0.853039 0.631562 0.860786 4.52707
0.14418 0.125653 0.303834 0.819581 8.46137
0.863348 0.862272 0.861263 0.734718 3.82369
0.747028 0.252818 0.872075 0.0230623 6.8997
0.859002 0.85867 0.695731 0.863956 4.05799
0.0412867 0.236246 0.85914 0.894632 6.82674
0.859926 0.735378 0.862991 0.861629 3.74924
0.733858 0.855116 0.674663 0.894811 5.02536
0.121233 0.836657 0.197011 0.257101 8.19499
0.321327 0.12318 0.268981 0.289343 9.31689
0.0437347 0.0767673 0.210838 0.199291 10.0749
0.750513 0.846686 0.687131 0.863637 4.74687
0.864886 0.862801 0.24052 0.720322 5.32189
0.675328 0.86198 0.861713 0.856136 4.2493
0.24657 0.857524 0.857813 0.798348 4.81204
0.864932 0.857516 0.784893 0.866326 3.44442
0.145351 0.353855 0.220752 0.887093 7.92822
0.859057 0.703098 0.863615 0.861199 3.98804
0.856454 0.265308 0.630017 0.868348 5.89068
0.662628 0.867301 0.869046 0.861524 4.35204
0 0 0 0 10.9729
0.868699 0.794725 0.864993 0.301835 4.75923
0.875917 0.821788 0.86775 0.277716 4.61948
0.0425637 0.0950374 0.0283899 0.0010678 10.9048
0.869695 0.775374 0.253555 0.884725 4.90784
0.857366 0.109613 0.15787 0.31638 8.53587
0.8632 0.761746 0.859467 0.860336 3.57403
0.859405 0.861597 0.734629 0.859365 3.76068
0.279012 0.292938 0.273157 0.878547 7.5498
0.254538 0.847364 0.910753 0.707152 5.52364
0.868997 0.849483 0.868747 0.262884 4.55507
0.746206 0.871828 0.850275 0.855416 3.70052
0.847764 0.854051 0.817504 0.137541 4.87093
0.872212 0.118757 0.251886 0.142721 8.73339
0.767569 0.865314 0.256136 0.871861 4.96142
0.863926 0.85792 0.863337 0.799221 3.42153
0.204018 0.244937 0.314918 0.109306 9.37055
0.864798 0.850429 0.827189 0.69346 4.27227
0.265422 0.77374 0.870279 0.876924 4.94429
0.711412 0.859225 0.863087 0.853244 3.96704
0.864349 0.758989 0.709391 0.886236 4.42761
0.237973 0.888559 0.0760624 0.0213476 8.7277
0.30527 0.285026 0.879556 0.863952 6.06596
0.866698 0.268597 0.876875 0.775643 4.85873
0.85554 0.813909 0.264311 0.86174 4.65768
0.855889 0.652224 0.861732 0.860419 4.36383
0.32187 0.195793 0.228486 0.178348 9.15701
0.0924145 0.0356853 0.280037 0.204814 9.97234
0.794974 0.806435 0.835191 0.861361 3.58092
0.86001 0.863356 0.709731 0.863955 3.94777
0.883196 0.260152 0.872959 0.781868 4.81627
0.290278 0.718061 0.872469 0.860861 5.3091
0.717533 0.202646 0.888073 0.0719977 7.08451
0.0370093 0 0.800627 0.0210404 9.43178
0.264403 0.259305 0.284876 0.0883722 9.29204
0.25689 0.888255 0.303617 0.234202 7.84177
0.863638 0.856957 0.865225 0.700161 4.09063
0.859905 0.86825 0.80932 0.748017 3.85915
0.86364 0.768139 0.860317 0.861096 3.53498
0.692333 0.864282 0.864047 0.853023 4.11375
0.858368 0.862018 0.666763 0.860675 4.27462
0.119945 0.24302 0.855485 0.116864 7.96692
0.855445 0.860771 0.221619 0.862685 4.55105
0.857475 0.670633 0.863226 0.860598 4.23081
0.806189 0.860808 0.868716 0.652705 4.54869
0.856246 0.649615 0.862978 0.860234 4.38034
0.864417 0.858951 0.865505 0.708477 4.02447
0.863261 0.222561 0.859346 0.866723 4.52675
0.300416 0.182872 0.176563 0.870539 7.87697
0.868997 0.849483 0.868747 0.262884 4.55507
0.858194 0.860402 0.689744 0.86302 4.10055
0.871411 0.876201 0.279408 0.25273 6.15345
0.86306 0.864178 0.663647 0.777886 4.66804
0.671642 0.862998 0.860001 0.862587 4.30308
0.864901 0.864475 0.62706 0.20492 6.00245
0.868997 0.849483 0.868747 0.262884 4.55507
0.862708 0.866388 0.863079 0.7438 3.75459
0.862875 0.863515 0.779541 0.858945 3.47007
0.859707 0.708902 0.864448 0.860947 3.94414
0.863585 0.861353 0.863905 0.750118 3.7115
0.860717 0.860232 0.754876 0.865024 3.62122
0 0 0 0 10.9729
0.272017 0.758084 0.879308 0.881965 5.08127
0.863353 0.859312 0.864552 0.695592 4.12368
0.0816195 0.135808 0.224134 0.0599691 9.95151
0.848445 0.808691 0.182459 0.865498 4.83749
0.85826 0.861778 0.659586 0.868423 4.33014
0.867632 0.655857 0.860026 0.841854 4.36514
0.747913 0.2572 0.863725 0.871597 5.12713
0.213059 0.829349 0.862617 0.0388021 6.45541
0.864771 0.250871 0.86032 0.867047 4.51585
0.635412 0.8497 0.257347 0.856001 5.95898
0.253433 0.878927 0.789173 0.8719 4.88171
0.858874 0.864177 0.25746 0.86116 4.53372
0.863155 0.858883 0.862965 0.754282 3.68194
0.705652 0.867602 0.86467 0.85636 4.01264
0.859528 0.8641 0.676726 0.861393 4.20038
0.946859 0.130729 0.0912656 0.741376 7.72123
0.857664 0.846455 0.777205 0.862095 3.52298
0.242677 0.208504 0.0682274 0.0978303 9.77293
0.859158 0.708118 0.863503 0.861533 3.95025
0.861678 0.857201 0.861247 0.733996 3.82738
0.102698 0.818246 0.067884 0.72875 7.89535
0.824015 0.212352 0.744934 0.155662 7.12244
0.85898 0.858764 0.711698 0.865616 3.93301
0.169067 0.311156 0.737236 0.867526 7.57861
0.269809 0.88136 0.817791 0.861938 4.72252
0.868997 0.849483 0.868747 0.262884 4.55507
0.870332 0.782474 0.662304 0.876981 4.64483
0.854234 0.635419 0.861373 0.861376 4.47813
0.111749 0.843571 0.212015 0.193069 8.27903
0.857473 0.678203 0.862983 0.860699 4.17463
0.858874 0.864177 0.25746 0.86116 4.53372
0.864878 0.858753 0.868026 0.665289 4.36187
0.858487 0.856711 0.774036 0.285929 4.89489
0.938344 0.706062 0.892499 0.748158 4.73443
0.863624 0.862256 0.862607 0.712175 3.9962
0.76089 0.853828 0.871051 0.328186 5.02193
0.841368 0.736057 0.762266 0.895849 4.23273
0.71452 0.863859 0.856882 0.855044 3.94279
0.868415 0.773494 0.255538 0.881908 4.91402
0.739047 0.86559 0.864088 0.854246 3.75945
0.858626 0.860326 0.689126 0.865082 4.10589
0.860317 0.281148 0.0153942 0.0400364 9.18391
0.861094 0.860009 0.738442 0.86622 3.73423
0.858983 0.705827 0.864144 0.861389 3.9674
0.864771 0.250871 0.86032 0.867047 4.51585
0.863986 0.867439 0.779356 0.855679 3.47367
0.859037 0.26335 0.633364 0.864606 5.84853
0.655181 0.28838 0.865566 0.883889 5.92012
0.861969 0.854377 0.679668 0.258704 5.59127
0.76661 0.859981 0.731899 0.874889 4.24507
0.111426 0.0303888 0.000813507 0.166949 10.5027
