5.15269e-13 1.57674e-06 4.82485
954.067 0 1053.87
1638.08 0 0
2.79647 2.77797 2.79961
4.82485 0 0.00298316
5.23064e-07 1.48745e-06 4.82485
0.0154144 0.00865191 4.82484
0.00986278 4.82484 0.00216214
1.57671e-06 4.82478 0.0262889
4.82441 0 0.0661604
3.39073 3.398 0.499938
0.408996 3.32602 3.4721
1.12459 1.12398 4.55563
1.14578 4.54206 1.15899
1.31384 3.25002 3.31842
3.39737 0.478492 3.39665
4.55099 1.13113 1.14295
3.27376 3.29433 1.32709
3.26771 1.31571 3.30354
4.82448 0.0641849 0.000745799
0.7156 4.2428 2.18506
1.57674e-06 4.82485 0
4.82485 0 0
4.82374 0 0.105378
1.84787 2.46418 3.71496
3.71579 1.83439 2.47137
1.50216 4.49342 0.913231
0.155961 4.82247 0
4.82485 0 0.00298316
2.14393 0.711616 4.27123
0.0483159 4.82465 0.00200772
4.484 1.53407 0.911912
1.86684 3.69732 2.47741
3.7106 2.46461 1.86094
2.45754 1.84117 3.72401
1.50243 0.894495 4.49712
0.0147903 0.0114516 4.82483
1.57657e-06 4.82433 0.0728699
0.00030065 0.00249911 4.82485
0.00368275 0.013061 4.82484
0.679717 2.08899 4.30008
2.49136 3.68527 1.86941
4.25395 0.667063 2.1814
0.910713 4.47588 1.55517
2.15927 4.26433 0.671153
0.895933 1.50659 4.50143
4.82485 0 0
4.27241 2.13406 0.696694
1.57669e-06 4.82472 0.0364279
4.5006 0.89675 1.4903
0.00368275 0.013061 4.82484
4.82425 0.0754949 0.0119326
1.57534e-06 4.82057 0.206666
0.000852152 0.00416019 4.82485
4.41278e-08 0.135032 4.82298
0.471036 4.79246 0.302606
0.696313 4.76769 0.260354
3.03325 2.19462 3.04743
3.77389 3.01168 0.000466725
4.0946 1.03682 2.33337
4.78668 0.517895 0.328522
4.68016 0 1.1758
1.8343 1.8295 4.07168
2.38924 2.39897 3.44437
4.7594 0.264821 0.748511
0.305177 0.49434 4.78981
1.17998 4.67518 0.178581
1.10459 0.149399 4.69481
0.573353 4.62798 1.23915
3.90201 2.4863 1.41643
0.680078 3.27605 3.48641
0.872902 4.69504 0.688418
0.671774 0.865099 4.69908
1.74394 4.29202 1.35122
2.20616 3.02284 3.04869
4.30411 1.73141 1.33194
0.24734 4.7625 0.739792
1.41355 3.88224 2.49351
2.44585 3.91286 1.41199
4.06312 2.39018 1.03323
0.354448 0.361098 4.79839
1.70734 1.3178 4.31792
2.44605 1.36523 3.93051
3.42468 2.40047 2.40784
2.41752 3.41217 2.41329
4.70109 0.673355 0.851859
0.477173 0.292577 4.79256
1.13638 4.65926 0.52844
0.315001 4.78802 0.507088
1.83167 4.44499 0.408562
4.06686 1.8299 1.84327
0.983382 3.27536 3.40993
4.42072 0.457826 1.882
0.856718 0.666313 4.70123
1.70628 3.17481 3.20879
3.19769 1.71577 3.18102
0.722706 0.26 4.76386
1.8526 4.05025 1.86184
2.34105 0.997628 4.09973
3.40486 0 3.4193
1.18335 0.544469 4.64583
1.37968 2.44193 3.92833
1.32052 1.7186 4.31081
1.02748 4.04784 2.41638
0.696372 4.68971 0.896965
3.20744 3.1901 1.69079
4.69391 0.887276 0.698155
0.401168 4.45204 1.82097
3.3446 3.35661 0.98458
4.66552 1.12355 0.51214
0.0821089 3.14098 3.66162
1.33282 4.29869 1.74452
4.66372 1.22764 0.182283
0.252616 0.690319 4.7692
4.79746 0.360741 0.366851
3.92852 1.4034 2.4267
1.81333 0.45102 4.45464
4.30739 1.3244 1.72469
0.999559 2.30621 4.12191
2.35872 4.08149 1.03712
3.32778 0.9496 3.36358
0.379759 4.79434 0.386334
4.78639 0.319578 0.518726
3.02462 3.0421 2.2106
3.51437 3.30029 0.217708
0.552926 1.15121 4.6573
4.76453 0.71382 0.262966
0.417184 1.70234 4.49945
0.179026 4.64251 1.30287
3.56269 0 3.25436
4.65193 0.535822 1.17242
3.30106 3.44929 0.698724
3.2927 0.689401 3.46732
4.39544 1.931 0.486591
1.10858e-06 3.39228 3.43101
0.212618 1.12531 4.68715
0.0444421 4.8247 0.0011583
4.82483 0.00590663 0.0142298
4.82485 0 0
4.72014 0.23522 0.975532
1.57673e-06 4.82483 0.0135189
3.59641 1.11353 3.01811
1.57671e-06 4.82478 0.0262889
4.3798 1.87219 0.772999
0.00563655 4.82485 0.00123551
1.84556 4.39323 0.766298
0.858643 4.41491 1.74677
0.922613 3.89619 2.69258
0.0126803 4.82484 0.0027799
4.66568 1.08281 0.592038
2.23194 2.03866 3.76234
4.37127 0.780155 1.89078
4.82482 0 0.0178989
1.2667 4.5322 1.06842
3.00947 3.45879 1.5093
2.90477 1.92203 3.33994
3.77507 1.25807 2.72994
0.351241 0.408741 4.7948
0.584718 4.05865 2.54564
0.0280328 4.82477 0.00185327
2.24325 3.75001 2.04624
3.99338 2.22655 1.55181
0.779159 4.70625 0.726209
2.06395 4.34629 0.368142
4.82485 0 0
2.75722 2.45516 3.10862
0.188763 0 4.82134
1.54211 2.21375 4.00361
4.70604 0.783425 0.721477
3.40614 2.15643 2.65343
0.756128 2.92197 3.77226
1.23086 1.0373 4.54869
0.837507 4.74772 0.196135
1.57357 0.494206 4.53461
3.93325 2.64626 0.913401
0.00167649 0.00573603 4.82485
3.75131 2.23538 2.05431
2.05811 3.73444 2.26567
2.17082 0.409757 4.28946
1.46276 2.98408 3.49956
0.549299 0.281219 4.78562
4.79621 0.341765 0.403852
1.55941 1.42569 4.33836
2.64768 2.14827 3.41925
3.10402 2.74202 2.48645
0.746235 1.85309 4.39287
1.3346 0.509743 4.60985
4.79609 0.420909 0.318775
0.271855 0.616535 4.77772
2.47817 3.09046 2.76281
0.928759 4.69293 0.630453
1.13988 4.15733 2.16762
0.791474 4.34737 1.93785
2.36352 4.20942 0.00162369
0.322052 0.445094 4.79352
2.08881 1.09365 4.21223
1.52165 3.99544 2.23861
3.08571 2.48221 2.75763
2.2333 3.99055 1.53942
0.938978 0.612158 4.6929
0.000852152 0.00416019 4.82485
1.04434 1.23485 4.54594
1.45216 4.31376 1.604
4.79439 0.320884 0.439366
3.39827 2.66325 2.1602
0.620222 4.69329 0.937376
2.00874 1.6659 4.0597
4.44049 0.838553 1.69211
2.46713 2.75347 3.10519
1.94254 3.3121 2.92197
4.52155 1.38314 0.980518
2.15355 2.64081 3.4195
0.623751 2.32435 4.18825
2.70255 1.25317 3.7983
4.82469 0.00295323 0.0401956
3.6227 1.66017 2.72096
1.88323 4.2713 1.22795
1.67906 3.60853 2.73584
2.11486 4.18938 1.12943
1.94775 2.88939 3.33842
2.69082 1.65471 3.6493
2.99463 1.10498 3.61939
0.764967 0.702988 4.71222
4.70639 1.03524 0.254387
2.19674 0 4.29666
4.15769 2.17241 1.13054
4.7906 0.510287 0.272672
0.609005 4.65591 1.11064
1.57674e-06 4.82485 0
3.32776 1.93241 2.9108
4.74359 0.24899 0.846436
1.2688 2.68534 3.8077
4.8247 0 0.0395075
4.8247 0.0377486 0.00894947
4.71006 0.712642 0.767687
2.03602 2.23633 3.76113
4.33683 1.57097 1.41608
4.25743 1.91396 1.23141
1.57674e-06 4.82485 0
4.54089 1.05061 1.24927
1.67155 2.00777 4.05715
0.614357 0.265164 4.77838
4.53038 0.970938 1.35588
0.0100812 0.0251971 4.8248
0.491563 2.78631 3.90853
1.89322 0.770118 4.37105
0.349802 4.80082 0.334004
4.77361 0.274013 0.648516
0.989109 4.51252 1.3977
0.996727 0.177662 4.71987
1.37087 4.51867 0.991909
8.82219e-08 0.269961 4.81739
1.35145 0.961855 4.53104
0.966579 1.35227 4.5298
0.521661 4.60115 1.35561
2.74079 3.96383 0.237936
3.58265 3.03053 1.12456
1.69937 4.02456 2.04958
4.21044 1.11868 2.08109
4.04325 2.02181 1.69004
4.82483 0.00590663 0.0142298
0.787376 3.68238 3.02064
4.36166 2.05709 0.162085
1.4615 0 4.60065
4.05495 1.67054 2.01162
0.301815 4.78014 0.582715
0.0266241 4.82478 0.00154439
2.15961 3.39102 2.66867
0.456249 0.328456 4.79222
0.990227 4.68931 0.571412
2.96756 1.4826 3.50368
3.71994 2.97209 0.783772
1.28713 4.62563 0.493093
1.89905 1.21278 4.26778
3.74471 2.0336 2.26401
1.2593 3.7557 2.75952
0.216208 4.71857 0.984994
2.65547 3.40905 2.15352
2.7571 3.0695 2.50182
4.53598 1.25651 1.06128
4.04933 0.655243 2.54786
4.60893 1.33583 0.504405
0.371344 4.79079 0.43636
1.10286 2.95571 3.65073
4.27927 2.20479 0.345419
0.451477 4.79112 0.34725
0.416127 4.25277 2.24143
3.99806 1.53667 2.22151
2.70874 3.78469 1.28345
1.0677 4.53051 1.27261
3.62241 2.72191 1.6933
0.19796 0.769781 4.76002
2.73478 3.59876 1.6896
1.10752 3.56626 3.058
0.0154675 0.0172389 4.82482
1.21384 1.8808 4.27936
0.346983 2.52951 4.099
1.43685 1.58082 4.32645
2.65479 3.93058 0.951928
0.714022 0.758787 4.71162
