6.91853e-05 211.709
1346.41 0
149.699 149.701
200.843 66.9486
66.9531 200.859
181.538 108.925
29.94 209.58
108.925 181.539
209.579 29.9446
211.238 14.0856
14.0822 211.241
167.113 129.977
192.737 87.606
87.6118 192.749
129.975 167.113
206.285 47.6108
47.6176 206.283
38.5571 208.167
187.54 98.2358
208.167 38.5556
98.2358 187.541
158.746 140.072
140.069 158.747
210.583 21.789
174.725 119.55
211.598 6.82462
77.1531 197.176
6.82169 211.598
119.551 174.723
21.7825 210.585
197.151 77.1505
203.864 57.095
57.0837 203.873
205.146 52.3017
211.452 10.3995
10.3945 211.453
92.9092 190.241
34.188 208.93
25.8067 210.129
184.641 103.58
135.072 163.02
178.233 114.253
114.254 178.232
82.3567 195.057
43.0347 207.287
199.086 72.0089
171.016 124.798
210.951 17.879
163.018 135.077
72.0147 199.107
144.949 154.305
103.578 184.642
3.35355 211.682
190.239 92.9041
17.876 210.953
154.3 144.955
195.039 82.3519
211.681 3.3569
61.9691 202.447
210.128 25.8117
208.928 34.1965
124.792 171.018
207.29 43.0235
202.433 61.9779
52.3 205.148
206.804 45.3019
23.7791 210.369
198.141 74.5718
156.543 142.529
165.089 132.538
204.524 54.6852
64.4485 201.674
188.914 95.568
106.253 183.117
147.341 152.022
40.7845 207.742
32.0519 209.268
205.733 49.9436
183.115 106.253
211.354 12.2301
186.115 100.907
95.5704 188.914
137.584 160.907
176.504 116.906
132.535 165.09
179.911 111.592
45.3127 206.801
12.2152 211.356
116.908 176.503
172.895 122.182
74.574 198.165
199.986 69.4683
211.533 8.5987
8.55514 211.536
209.266 32.0588
84.9794 193.926
142.525 156.547
191.512 90.2508
90.2567 191.517
160.905 137.587
15.9654 211.106
36.3628 208.562
169.088 127.398
27.8569 209.867
193.911 84.9737
208.562 36.3616
5.07745 211.647
152.019 147.345
196.118 79.7425
203.167 59.525
127.39 169.092
59.5144 203.179
100.904 186.118
122.179 172.896
79.7446 196.142
210.367 23.7829
49.9457 205.733
207.744 40.7725
19.8137 210.78
209.866 27.8661
211.647 5.08094
69.4757 200.005
211.105 15.9644
54.6792 204.528
201.658 64.4531
1.66242 211.702
210.779 19.8128
111.601 179.906
211.701 1.65424
110.265 180.728
210.683 20.8001
35.2711 208.749
39.6671 207.958
24.7892 210.252
211.666 4.21436
209.426 30.9987
211.693 2.49877
81.0497 195.605
206.013 48.7743
68.2131 200.436
9.48491 211.496
189.583 94.2337
198.619 73.2883
104.916 183.885
128.686 168.107
148.524 150.866
65.6972 201.272
173.817 120.867
33.1181 209.102
83.6665 194.498
102.241 185.387
205.444 51.1198
107.591 182.333
159.831 138.833
63.2026 202.066
188.233 96.9015
44.1712 207.048
75.8622 197.676
164.059 133.811
185.384 102.244
195.584 81.0454
94.2377 189.586
183.884 104.917
46.4613 206.547
138.829 159.833
115.583 177.374
131.257 166.108
175.621 118.229
211.495 9.49534
177.375 115.58
150.863 148.528
186.835 99.5697
2.49222 211.694
170.057 126.101
11.3104 211.407
179.078 112.924
30.9942 209.429
146.15 153.167
28.8991 209.726
166.106 131.262
197.652 75.8572
91.5796 190.886
141.301 157.652
136.332 161.968
208.368 37.4537
206.548 46.4553
73.2946 198.642
133.808 164.06
171.962 123.491
123.488 171.963
161.968 136.334
180.731 110.26
153.164 146.154
143.741 155.43
211.405 11.3131
203.52 58.3063
126.093 170.061
196.641 78.4447
120.866 173.816
37.4575 208.368
182.332 107.591
86.2932 193.344
157.652 141.302
210.251 24.7906
99.5707 186.835
192.13 88.9286
168.105 128.691
18.8417 210.869
207.052 44.1567
7.68858 211.569
211.03 16.9221
194.481 83.663
190.883 91.5739
58.2969 203.531
155.429 143.743
211.299 13.1502
204.2 55.8818
199.542 70.7344
202.05 63.2119
22.7721 210.48
70.7439 199.56
53.4857 204.843
41.9092 207.518
200.421 68.2027
211.624 5.94826
60.7347 202.819
48.7772 206.013
51.1203 205.444
96.9055 188.232
20.7967 210.685
207.959 39.6625
210 26.8323
0.789973 211.707
118.228 175.621
201.256 65.6973
204.838 53.4944
112.93 179.075
15.0239 211.176
26.8236 210.002
193.334 86.285
4.20836 211.666
16.9209 211.032
210.478 22.7862
55.8753 204.206
209.1 33.1286
207.522 41.8919
78.4505 196.663
211.174 15.0243
88.9391 192.136
5.94035 211.625
208.749 35.2708
209.725 28.9057
13.1488 211.3
202.803 60.7544
210.867 18.8461
211.706 0.809687
211.567 7.71775
211.688 2.92118
88.2739 192.443
211.583 7.27362
202.987 60.1393
204.033 56.4887
208.656 35.8153
4.64196 211.657
154.866 144.35
209.796 28.386
207.408 42.4526
204.993 52.8983
12.6857 211.329
96.2351 188.575
16.4377 211.07
65.0732 201.474
157.099 141.916
118.888 175.175
109.592 181.137
206.929 44.7275
27.3369 209.936
61.3522 202.634
197.404 76.5028
20.3032 210.733
23.2775 210.425
80.3971 195.875
193.037 86.9441
198.853 72.649
68.8421 200.222
2.92904 211.688
210.531 22.2876
39.1116 208.064
10.851 211.431
40.226 207.851
182.726 106.921
164.575 133.176
25.2975 210.192
192.435 88.2666
188.575 96.2344
135.703 162.496
143.134 155.99
83.0111 194.779
189.251 94.901
149.113 150.285
