0 0.597707 19.1712
0 0 17.8813
0.251459 0.251961 5.14687
0.172641 0.172476 5.31894
0.252149 0.170286 5.23281
0 0 6
0.00343558 0.00177381 5.99499
0.17004 0.251125 5.23322
0.109946 0.249575 5.36882
0.25039 0.110405 5.36772
0.218082 0.2183 5.17827
0.0492973 0.250693 5.50205
0.110899 0.110419 5.5963
0.142756 0.250624 5.29138
0.098739 0.244219 5.39667
0.251609 0.0507113 5.49943
0.251748 0.143316 5.29012
0.196213 0.198915 5.22675
0.244313 0.099173 5.39539
0.2528 0.206907 5.17427
0.0889556 0.250899 5.41816
0.151747 0.250353 5.27123
0.252065 0.13345 5.3129
0.25309 0.0446442 5.51085
0.130847 0.174024 5.41013
0.252076 0.130044 5.32089
0.163509 0.250854 5.24627
0.208503 0.253407 5.17239
0.251912 0.0824704 5.43306
0.190842 0.063899 5.5271
0.188253 0.251972 5.2007
0.252442 0.164104 5.24512
0.130116 0.250432 5.32069
0.236075 0.156254 5.26549
0.174598 0.130743 5.40619
0.143494 0.0858735 5.57642
0.00246343 0.00201841 5.99556
0.0809061 0.253873 5.43657
0.00164551 0 5.99833
0.00174724 0.00203335 5.99631
0.0634431 0.187253 5.53208
0.157721 0.233486 5.26534
0.251082 0.0899415 5.41599
0.119214 0.249464 5.34666
0.183216 0.250475 5.20905
0.0858523 0.144148 5.57142
0.251473 0.15256 5.26952
0.251839 0.183506 5.20862
0.132583 0.249648 5.31504
0.250188 0.119914 5.345
0 0.00302439 5.9971
0.252099 0.187908 5.20128
0.0446553 0.25293 5.51049
0.00607118 0.000515515 5.99363
0.00305663 0.0235822 5.96888
0.161617 0.251341 5.25016
0.180236 0.250729 5.21423
0.19632 0.142539 5.3435
0.24947 0.224338 5.15721
0.251679 0.104167 5.38257
0.252008 0.162199 5.24902
0.24938 0.0606268 5.48007
0.140609 0.138941 5.45883
0.159229 0.159235 5.3747
0.251187 0.0947011 5.40492
0.0441313 0.0704543 5.82741
0.199929 0.253249 5.18326
0.133601 0.0225871 5.71238
0.106697 0.251454 5.37645
0.251831 0.165665 5.24196
0.0657882 0.252593 5.46937
0.152897 0.250124 5.26872
0.0794363 0.100832 5.69214
0.153917 0.250065 5.26653
0.141856 0.195637 5.34376
0.251958 0.154156 5.26604
0.094599 0.251605 5.40507
0.116786 0.250101 5.35245
0.165404 0.250164 5.24248
0.252383 0.17522 5.22344
0.0529704 0.0527335 5.84875
0.145603 0.112185 5.51215
0.183205 0.106296 5.44569
0.213327 0.151141 5.29854
0.151197 0.214221 5.29693
0.252312 0.132482 5.31516
0.068793 0.0426331 5.83728
0.171941 0.250882 5.22955
0.120722 0.249775 5.34305
0.191316 0.250262 5.19583
0.252824 0.142851 5.2912
0.0828947 0.252795 5.43205
0.250691 0.0755026 5.44863
0.10016 0.0782227 5.69649
0.118417 0.216797 5.36856
0.220964 0.118014 5.36639
0.0968196 0.0330284 5.78655
0.142928 0.25189 5.29097
0.190752 0.0837485 5.48334
0.253434 0.0334789 5.52966
0.131418 0.0607578 5.65881
0.105463 0.18519 5.44417
0.112338 0.144926 5.51312
0.102708 0.251702 5.38594
0.131946 0.250379 5.31637
0.191702 0.189632 5.24998
0.251493 0.153406 5.26767
0.0751883 0.252539 5.44916
0.204396 0.205507 5.20747
0.251952 0.172685 5.22821
0.0154631 0.25398 5.55575
0.131201 0.250384 5.3182
0.250888 0.199208 5.18428
0.0342646 0.0935831 5.79056
0.252551 0.143442 5.28985
0.251943 0.117458 5.35082
0.177903 0.0439297 5.58511
0.252249 0.131388 5.31772
0.0841379 0.189829 5.48553
0.174864 0.250333 5.22407
0.251347 0.0829405 5.43207
0.142325 0.250293 5.29233
0.252265 0.121155 5.34201
0.181803 0.183853 5.27933
0.231776 0.218364 5.16769
0.0618462 0.129008 5.66303
0.252326 0.180631 5.21361
0.0431847 0.171963 5.59728
0.0591907 0.252964 5.48281
0.254043 0.0169978 5.5542
0.251571 0.107463 5.3747
0.207185 0.215629 5.19239
0.249129 0.0664648 5.46807
0.252247 0.191787 5.19514
0.0332752 0.254307 5.5299
0.0249135 0.134466 5.70743
0.224732 0.251391 5.15686
0.252164 0.12591 5.33069
0.252337 0.199573 5.18375
0.249013 0.0735295 5.453
0.092609 0.251491 5.40974
0.250764 0.095667 5.40269
0.0689381 0.252931 5.4627
0.251748 0.176655 5.22078
0.164128 0.25005 5.24503
0.176236 0.250424 5.22148
0.109946 0.249575 5.36882
0.0916229 0.251092 5.41199
0.175914 0.251251 5.22207
0.251281 0.166476 5.24034
0.157115 0.144128 5.41175
0.251968 0.100868 5.39042
0.25134 0.10071 5.39078
0.14998 0.250797 5.27511
0.181608 0.208805 5.23881
0.196017 0.128803 5.37263
0.251407 0.107146 5.37548
0.0509094 0.0593208 5.83841
0.0767197 0.252665 5.44583
0.181918 0.251243 5.2113
0.14777 0.245303 5.28131
0.25327 0.158343 5.25712
0.146152 0.250128 5.28364
0.19816 0.251585 5.18564
0.252233 0.159636 5.25435
0.175811 0.157317 5.34465
0.0331561 0 5.95699
0.116831 0.169191 5.44895
0.251397 0.146701 5.28248
0.219556 0.139453 5.3192
0.0694702 0.243255 5.46274
0.121122 0.101991 5.59255
0.186392 0.250579 5.20372
0.16141 0.0501949 5.60753
0.252245 0.181965 5.21128
0.00268445 0.000955992 5.99651
0.244071 0.147414 5.28195
0.138925 0.249833 5.3002
0.205309 0.037636 5.55253
0.107859 0.21263 5.39716
0.0774372 0.0406709 5.82076
0.251736 0.136374 5.30608
0.133013 0.12233 5.51592
0.176717 0.143333 5.37428
0.189429 0.166981 5.29849
0.070043 0.169734 5.55036
0.143126 0.0546862 5.64018
0.251394 0.155966 5.26215
0.0379882 0.084827 5.80451
0.154697 0.193144 5.31941
0.159325 0.251556 5.25497
0.112961 0.250196 5.36158
0.0999048 0.253363 5.39273
0.215441 0.253822 5.16499
0.047318 0.0645849 5.83487
0.173575 0.0924179 5.49538
0.126085 0.249979 5.33031
0.192909 0.15493 5.31961
0.158203 0.250847 5.25732
0.108772 0.0720251 5.69054
0.000656647 0.000831125 5.99853
0.102275 0.120722 5.59143
0.139198 0.25049 5.2995
0.252641 0.128987 5.3234
0.207733 0.16279 5.27958
0.124414 0.249457 5.33435
0.153209 0.127914 5.45761
0.251373 0.11076 5.36681
0.158304 0.174476 5.34497
0.129293 0.220324 5.33933
0.251216 0.157501 5.25887
0.14395 0.175929 5.3748
0.0560792 0.205929 5.51987
0.203359 0.0959968 5.43695
0.251749 0.118404 5.34858
0.251671 0.120437 5.3437
0.160874 0.250847 5.2517
0.120493 0.250962 5.34356
0.168115 0.250094 5.23704
0.130825 0.194708 5.37138
0.191378 0.118042 5.40493
0.232526 0.0869016 5.42915
0.0902012 0.0837929 5.70619
0.252024 0.192234 5.19444
0.217316 0.0177098 5.56994
0.25183 0.168549 5.23622
0.252561 0.168076 5.23715
0.116002 0.250456 5.35434
0.124246 0.249547 5.3347
0.221763 0.128584 5.34057
0.249887 0.0845736 5.42838
0.0958561 0.20506 5.43655
0.250621 0.0587682 5.48374
0.252634 0.176058 5.22188
0.251327 0.139879 5.29796
0.144248 0.157115 5.41111
0.252708 0.146784 5.2823
0.251731 0.161351 5.25078
0.158293 0.250874 5.25711
0.251982 0.135976 5.30698
0.127475 0.153889 5.45636
0.0853188 0.036465 5.8086
0.25229 0.128096 5.32551
0.00258379 0.00415259 5.99357
0.0511794 0.249991 5.49847
0.173453 0.0692773 5.54755
0.148761 0.250545 5.27781
0.250866 0.104085 5.38279
0.127613 0.251584 5.32669
0.122916 0.0289151 5.73234
0.156686 0.250088 5.26056
0.00170343 0.0468243 5.93201
0.131345 0.0935622 5.58878
0.0936504 0.131025 5.58651
0.0973736 0.251316 5.39857
0.20571 0.250979 5.17564
0.220843 0.187741 5.21598
0.134948 0.250339 5.30933
0.252215 0.114479 5.35794
0.251971 0.151062 5.27279
0.252093 0.140132 5.2974
0.0796945 0.250795 5.43923
0.250164 0.213484 5.16698
0.160987 0.0204833 5.65438
0.252752 0.134904 5.30953
0.112667 0.251017 5.36221
0.200654 0.251043 5.18227
0.140465 0.218545 5.31987
0.0660081 0.0471704 5.8331
0.165601 0.250516 5.24203
0.213351 0.107493 5.39749
0.237058 0.191024 5.19985
0.178018 0.250665 5.21825
0.159589 0.102301 5.50266
0.252068 0.138573 5.30098
0.106006 0.250393 5.37814
0.0715783 0.252217 5.45707
0.162115 0.208536 5.2784
0.16824 0.18834 5.29922
0.252989 0.150511 5.27403
0.251816 0.0774412 5.44434
0.251821 0.179139 5.21627
0.135532 0.250451 5.30808
0.0874038 0.230213 5.42899
0.251026 0.198475 5.18531
0.155402 0.251358 5.2633
0.062604 0.252455 5.47592
0.252436 0.126535 5.32922
0.173099 0.240706 5.22897
0.135532 0.250451 5.30808
0.222455 0.167711 5.25038
0.030534 0.102242 5.77637
0.169166 0.221348 5.24923
0.0951802 0.252172 5.40369
0.00297896 0.00304256 5.99404
0.103067 0.15775 5.50573
0.0326829 0.238998 5.53632
0.122651 0.133635 5.51369
0.181468 0.250895 5.21208
0.084424 0.0904565 5.7041
