2.47898e-26 7.58574e-20 2.32125e-13 7.10309e-07 2.17356
8.78071e-07 0 0 1.31371e-97 2.68692
0.741102 7.24712e-92 0 8.84365e-41 2.57758
2.9609 1.54411e-42 3.99608e-43 0 0.00166323
7.47148e-07 2.28629 0.607223 9.68237e-15 0
0.51984 0.541813 0.467651 8.32548e-114 0.549944
0.44754 0.388448 4.81251e-23 4.4888e-07 0.836917
0.713847 1.57542e-05 6.083e-27 0.71377 6.19228e-21
0.00309529 1.06015e-13 7.0911e-30 1.00545 2.78115e-19
2.65066e-07 4.04068e-08 6.97598e-35 0.820479 0.629249
3.2796e-07 1.96419e-08 1.6434e-24 9.57321e-82 1.00536
1.00281 0.0546141 2.54588e-23 2.48928e-26 3.0967e-15
0.939652 0.00618857 0.425291 1.73535e-82 1.21144e-10
1.09748e-13 3.3583e-07 1.02765 0 0.000309317
0.00412559 1.4136e-13 9.58223e-30 1.00545 2.3753e-19
0.942826 0.000114228 3.69764e-17 2.49219e-13 0.404665
3.06978e-07 0.93936 1.22874e-20 8.68415e-35 0.379225
1.09748e-13 3.3583e-07 1.02765 0 0.000309317
1.00061 2.89474e-05 0.23363 6.72371e-71 5.7494e-08
0.754688 4.93247e-11 8.40671e-27 0.665352 4.14007e-21
2.81815e-07 0.862362 1.2038e-25 0.52819 1.5429e-14
0.756715 5.63958e-11 4.72582e-26 0.663149 1.5967e-21
1.00225 0.0647182 1.7053e-23 2.87671e-27 8.90817e-15
0.832941 0.000229825 3.53149e-22 3.23806e-51 0.567046
3.28217e-07 1.00435 4.15715e-23 1.73618e-30 4.16646e-14
3.2796e-07 1.96419e-08 1.6434e-24 9.57321e-82 1.00536
6.15492e-08 0.188342 1.02027e-18 1.60726e-38 0.992529
0.00812046 3.24288e-13 2.1554e-29 1.00543 1.56898e-19
2.77813e-07 0.850114 0.58653 2.53986e-124 0.007054
1.09748e-13 3.3583e-07 1.02765 0 0.000309317
0.970422 0.00234592 0.337288 3.57017e-63 1.89383e-07
0.115506 3.81934e-09 2.92961e-20 0.965555 0.441559
0.000668292 0.000115574 8.84821e-29 0.880303 0.549485
0.0533062 0.0540279 1.89168e-18 2.65524e-66 1.00316
0.141008 0.914096 0.471669 1.0143e-57 1.35646e-05
1.09744e-13 3.35821e-07 1.02762 5.97071e-167 0.000308171
0.0209529 0.0811204 1.02442 1.61031e-195 0.00045961
0.981839 2.64233e-10 3.41214e-26 0.217434 2.20379e-21
0.0184618 3.15451e-13 3.13146e-29 1.00529 1.35515e-19
0.00620381 0.30109 0.982261 0 0.000260658
1.00347 0.0454682 3.66785e-23 3.81249e-27 1.36852e-14
0.722136 0.00495924 9.57038e-17 9.38362e-49 0.705913
0.993405 0.14953 6.69117e-23 2.84089e-22 2.08e-16
0.0183707 0.874494 4.84287e-19 1.87388e-37 0.509655
0.136471 0.118408 0.714441 4.2291e-136 0.730417
0.0377008 1.00371 2.60422e-23 1.64783e-26 8.97902e-15
0.0695302 0.227152 1.65059e-31 0.984089 1.32889e-18
0.105699 0.684548 1.29179e-21 1.12101e-16 0.740118
1.00008 0.094017 6.64824e-24 1.64977e-22 4.74322e-16
0.200984 0.0462455 0.434345 1.69066e-83 0.920739
0.00309529 1.06015e-13 7.0911e-30 1.00545 2.78115e-19
0.0756164 1.5037e-10 1.50085e-27 1.00291 8.72442e-20
1.00424 0.00734684 2.27357e-23 5.46545e-26 3.37188e-15
0.450181 5.95453e-05 0.933897 0 4.58498e-13
3.2796e-07 1.96419e-08 1.6434e-24 9.57321e-82 1.00536
0.07756 0.957159 1.91423e-25 0.337063 3.02585e-21
4.52201e-08 7.4423e-08 0.266479 5.07061e-96 0.999086
0.89196 1.58141e-09 3.42738e-26 0.466057 1.90118e-21
0.0434158 4.53862e-12 1.8101e-28 1.00453 2.68277e-19
0.140323 0.995249 1.54876e-23 2.37948e-17 9.36315e-16
1.09748e-13 3.3583e-07 1.02765 0 0.000309317
0.00513832 0.031049 1.02756 1.62163e-231 0.000697388
0.272368 0.0610693 2.91573e-19 7.88036e-39 0.96824
3.28217e-07 1.00435 4.15715e-23 1.73618e-30 4.16646e-14
0.0586422 8.98721e-12 2.75993e-28 1.00377 4.96394e-19
0.0744638 1.00173 1.67838e-23 4.47603e-23 1.35824e-15
0.352643 0.94166 4.97301e-24 1.7009e-26 6.63463e-13
0.0323759 0.0473067 1.7213e-18 2.04512e-65 1.00457
3.2796e-07 1.96419e-08 1.6434e-24 9.57321e-82 1.00536
0.0443741 0.00721434 1.02709 2.13058e-144 3.54417e-05
0.0178815 0.428257 1.57908e-19 5.32359e-40 0.912398
3.17475e-07 3.37706e-08 5.30429e-33 0.976961 0.330337
1.00415 0.0169356 1.68932e-23 6.41742e-26 4.11614e-15
3.28217e-07 1.00435 4.15715e-23 1.73618e-30 4.16646e-14
0.0257032 2.94499e-12 1.23694e-28 1.00516 1.24388e-19
0.805386 0.000165155 1.69745e-26 0.60556 1.77603e-17
3.28217e-07 1.00435 4.15715e-23 1.73618e-30 4.16646e-14
0.0170565 0.0730565 1.02488 1.30196e-211 0.000312821
0.00412559 1.4136e-13 9.58223e-30 1.00545 2.3753e-19
3.67403e-08 0.112426 5.02798e-18 2.74204e-62 1.00038
0.0231352 3.09969e-12 1.42325e-28 1.00525 7.40126e-20
0.157458 1.55304e-18 3.13055e-28 0.994798 1.34879e-20
3.2796e-07 1.96419e-08 1.6434e-24 9.57321e-82 1.00536
0.0244067 3.52587e-12 1.59052e-28 1.00523 6.63308e-20
0.758187 1.22449e-10 1.56676e-26 0.661563 2.43163e-21
0.000445505 0.0122391 1.02756 6.10835e-234 0.000369832
0.959967 0.0147897 0.373687 3.71784e-85 3.84187e-11
0.0411078 1.00365 1.98657e-23 2.46647e-30 5.22783e-14
0.396897 0.00373229 0.950664 0 1.05668e-09
0.627051 0.00850198 7.5896e-19 1.63301e-48 0.788583
1.00423 0.00917567 2.736e-23 8.26095e-28 5.66166e-15
0.000242803 0.998452 6.17063e-32 0.21576 4.05092e-15
0.0209529 0.0811204 1.02442 1.61031e-195 0.00045961
3.03242e-07 1.07567e-07 2.1996e-33 0.984578 0.304402
1.00149 0.0772125 5.32772e-23 2.30538e-31 1.02678e-13
0.0495636 0.0284221 1.02642 1.58788e-224 0.000201361
0.102232 0.143782 1.18041e-27 0.996292 9.47799e-18
0.0176509 0.0957686 2.28571e-19 2.23807e-46 1.00316
0.908926 0.429211 3.03882e-23 1.06831e-15 3.05474e-17
0.0170565 0.0730565 1.02488 1.30196e-211 0.000312821
0.200674 0.00337323 2.30614e-15 2.77829e-37 0.993443
0.585652 0.00605194 7.50336e-20 8.55635e-58 0.818094
0.0184618 3.15451e-13 3.13146e-29 1.00529 1.35515e-19
0.231249 0.835082 2.33854e-13 4.08708e-22 0.546969
9.89998e-08 0.302942 0.936586 2.24442e-190 0.324204
0.143644 0.0182907 1.87526e-17 1.99894e-58 0.996077
3.28217e-07 1.00435 4.15715e-23 1.73618e-30 4.16646e-14
0.908385 0.43051 2.59447e-22 1.24536e-19 9.47277e-16
1.09748e-13 3.3583e-07 1.02765 0 0.000309317
0.804828 0.380334 0.525828 0 0.00138425
0.672485 0.193001 1.6497e-23 0.734428 4.68663e-20
1.00404 0.0217971 4.07687e-23 1.02678e-28 7.48431e-15
3.28217e-07 1.00435 4.15715e-23 1.73618e-30 4.16646e-14
0.075988 0.990884 3.15611e-35 0.195522 3.1888e-18
0.000445505 0.0122391 1.02756 6.10835e-234 0.000369832
0.888168 0.00210453 9.02571e-21 4.63282e-49 0.473927
0.0257032 2.94499e-12 1.23694e-28 1.00516 1.24388e-19
1.09744e-13 3.35821e-07 1.02762 5.97071e-167 0.000308171
4.91521e-08 0.150406 3.76633e-24 1.0036 5.35204e-14
0.0349803 9.57885e-12 2.5372e-28 1.00491 2.97632e-19
1.05152e-13 3.21768e-07 0.984618 8.09594e-108 0.324472
0.0360015 0.0350865 1.01171e-18 5.79683e-68 1.00477
0.95301 0.317821 6.3922e-24 3.43082e-21 1.90904e-16
0.422148 0.300483 5.05416e-20 7.46299e-19 0.872374
0.0209529 0.0811204 1.02442 1.61031e-195 0.00045961
0.128354 0.0288792 1.02102 1.74187e-108 0.130157
0.0131298 6.11205e-13 4.03689e-29 1.00539 8.82234e-20
3.02752e-07 0.92643 1.64525e-23 2.70407e-15 0.425154
0.225557 0.839412 1.42905e-24 0.521977 4.36812e-18
2.57608e-07 1.42862e-07 1.74227e-30 0.90139 0.494048
3.28217e-07 1.00435 4.15715e-23 1.73618e-30 4.16646e-14
0.164968 0.602784 0.533266 4.92577e-67 0.638503
0.363048 0.0056666 0.963715 6.66796e-140 1.43516e-07
3.14049e-07 3.01152e-10 0.960999 0 0.422136
0.737103 0.473471 0.578835 4.64716e-12 5.16081e-07
0.632784 2.27835e-12 2.62282e-27 0.781574 1.21529e-19
1.91532e-07 0.586094 1.23053e-28 0.502749 0.705434
0.108715 0.019088 1.48441e-17 1.66435e-58 1.0005
0.53101 0.852862 1.71207e-23 2.28283e-21 3.97441e-18
0.271977 0.552581 0.828188 8.71552e-80 0.0205999
0.547538 0.00613006 0.871079 8.59889e-221 3.05014e-07
3.28577e-07 8.29379e-18 6.12893e-34 1.00545 3.12652e-19
0.0484155 0.963818 1.32811e-26 0.29873 2.13374e-16
1.00424 0.000770062 2.53385e-23 3.87717e-26 2.39285e-15
0.291503 0.00865475 0.987632 2.53016e-51 4.51845e-12
1.00389 0.0286474 1.81554e-23 6.87868e-26 4.34631e-15
0.518817 0.0541442 0.62822 4.18344e-91 0.643727
0.253593 0.128633 0.795053 1.81076e-140 0.604201
1.09754e-13 3.35849e-07 1.0277 0 0.000120566
0.621054 0.798117 7.00572e-19 1.35435e-11 2.69501e-17
0.577305 4.20844e-11 3.07417e-27 0.823741 1.43054e-17
1.09748e-13 3.3583e-07 1.02765 0 0.000309317
1.09044e-13 3.33678e-07 1.02106 0 0.160827
0.403666 2.35614e-11 3.51145e-27 0.920903 1.10596e-19
0.253607 0.965804 3.96695e-27 0.159215 2.6348e-23
0.725167 0.209212 2.78861e-14 6.23968e-23 0.678992
0.0668909 0.00338869 1.02643 8.66663e-127 1.40127e-05
1.74811e-07 0.534925 4.5824e-20 4.45212e-35 0.857431
2.89565e-07 3.84355e-08 0.893848 0 0.526882
0.183229 2.457e-07 1.18683e-25 0.99061 1.96547e-20
0.0704846 0.0851624 3.86399e-26 0.990628 0.258272
0.0434158 4.53862e-12 1.8101e-28 1.00453 2.68277e-19
0.633421 0.163019 0.775978 2.70783e-115 0.205745
0.0649805 0.10342 1.02181 2.60849e-171 0.00141603
0.059761 1.00316 2.43753e-23 5.61979e-20 1.39994e-15
3.28577e-07 8.29379e-18 6.12893e-34 1.00545 3.12652e-19
3.28217e-07 1.00435 4.15715e-23 1.73618e-30 4.16646e-14
0.411597 0.806387 1.10149e-24 0.452643 2.17698e-22
2.31471e-07 1.41572e-07 3.65753e-26 0.830286 0.624527
0.987794 0.182044 1.80564e-23 6.18922e-28 1.35984e-14
0.200674 0.00337323 2.30614e-15 2.77829e-37 0.993443
0.875656 0.398212 2.58825e-23 0.363223 1.88879e-12
3.17475e-07 3.37706e-08 5.30429e-33 0.976961 0.330337
1.00324 0.0462264 1.9392e-23 5.01039e-25 4.55727e-15
0.0256977 0.37781 4.662e-26 0.582647 0.761213
6.72052e-08 0.205649 3.5682e-17 2.432e-47 0.98777
0.0666149 0.00445911 2.45951e-18 1.31333e-88 1.00359
3.2796e-07 1.96419e-08 1.6434e-24 9.57321e-82 1.00536
0.00412559 1.4136e-13 9.58223e-30 1.00545 2.3753e-19
0.142807 0.974077 2.4899e-22 8.58716e-18 0.253166
9.00053e-08 0.275418 5.23693e-33 0.975556 3.72922e-18
1.20781e-07 0.369593 0.975371 6.95055e-23 7.38938e-11
1.24037e-07 0.379555 2.43092e-30 0.947597 1.19779e-16
0.00309529 1.06015e-13 7.0911e-30 1.00545 2.78115e-19
0.386948 0.220404 0.899007 2.39009e-115 0.256759
0.0257032 2.94499e-12 1.23694e-28 1.00516 1.24388e-19
3.28217e-07 1.00435 4.15715e-23 1.73618e-30 4.16646e-14
3.2796e-07 1.96419e-08 1.6434e-24 9.57321e-82 1.00536
0.230937 0.00405258 1.00696 1.16179e-128 4.56783e-08
0.593423 0.332258 0.501841 5.46021e-62 0.605084
3.2796e-07 1.96419e-08 1.6434e-24 9.57321e-82 1.00536
0.618423 0.00455824 1.34809e-28 0.629636 0.542915
0.944879 1.46465e-05 1.0926e-24 1.11984e-55 0.362339
0.640887 3.61801e-08 1.16372e-25 0.775257 8.12035e-19
0.904064 0.0705681 3.33828e-26 0.446052 7.89999e-18
1.13376e-07 1.60542e-08 2.3558e-32 0.350394 0.965845
0.0301661 1.00404 3.18391e-23 6.48248e-25 7.74686e-15
0.443767 0.901877 3.68308e-22 6.23592e-22 3.62625e-17
0.0110801 5.15386e-13 3.31461e-29 1.0054 1.21295e-19
0.301292 0.925617 5.51032e-22 8.4984e-23 0.284806
0.563639 0.0150409 1.64981e-18 3.14024e-31 0.839083
0.185535 0.883034 2.80805e-29 0.468492 1.04605e-15
0.807093 0.598063 3.94691e-23 2.93134e-27 1.42939e-13
0.0271531 0.0483285 3.95039e-18 1.7781e-87 1.0041
1.00421 0.011987 1.61145e-23 6.13224e-26 3.97207e-15
6.98498e-08 0.213742 0.837708 5.70311e-231 0.577585
0.00154856 4.55376e-14 3.20133e-30 1.00545 2.94883e-19
0.5819 0.0344366 2.60389e-27 0.675085 0.515853
3.15541e-07 0.965564 8.47866e-19 6.06855e-33 0.289672
1.09748e-13 3.3583e-07 1.02765 0 0.000309317
0.9976 0.019677 1.29391e-18 2.10786e-57 0.142346
1.00417 0.0146973 2.49776e-23 5.98614e-26 3.6213e-15
1.09748e-13 3.3583e-07 1.02765 0 0.000309317
0.0666149 0.00445911 2.45951e-18 1.31333e-88 1.00359
3.2796e-07 1.96419e-08 1.6434e-24 9.57321e-82 1.00536
0.46248 0.501568 4.51391e-21 0.750743 7.62725e-13
3.28577e-07 8.29379e-18 6.12893e-34 1.00545 3.12652e-19
0.0443741 0.00721434 1.02709 2.13058e-144 3.54417e-05
1.09748e-13 3.3583e-07 1.02765 0 0.000309317
1.0528e-13 3.2216e-07 0.985817 7.45606e-90 0.322488
3.2796e-07 1.96419e-08 1.6434e-24 9.57321e-82 1.00536
0.0533062 0.0540279 1.89168e-18 2.65524e-66 1.00316
0.0178815 0.428257 1.57908e-19 5.32359e-40 0.912398
3.08379e-07 0.943648 0.422847 3.42443e-83 0.000641033
3.28217e-07 1.00435 4.15715e-23 1.73618e-30 4.16646e-14
0.0443741 0.00721434 1.02709 2.13058e-144 3.54417e-05
0.0399252 0.25331 2.9843e-32 0.979994 2.31672e-18
0.30538 3.97904e-07 6.83436e-27 0.960318 4.96177e-21
2.2041e-07 3.20733e-08 0.681564 2.91635e-91 0.784031
0.0572228 0.98966 4.09875e-28 0.206789 7.84179e-14
1.00424 0.000770062 2.53385e-23 3.87717e-26 2.39285e-15
0.0537604 0.595733 0.635214 1.76353e-56 0.566548
0.611049 1.60362e-09 2.54888e-26 0.799145 1.26558e-17
1.09744e-13 3.35821e-07 1.02762 5.97071e-167 0.000308171
0.59691 5.6754e-10 1.62379e-26 0.809628 4.66594e-18
0.000108729 1.79714e-05 9.61691e-30 0.678126 0.770308
0.800309 0.00163604 0.65112 4.03582e-84 4.70036e-07
0.59691 5.6754e-10 1.62379e-26 0.809628 4.66594e-18
1.00364 0.0407753 4.88145e-23 2.09304e-31 9.62467e-14
0.146547 0.99368 1.22481e-23 1.50292e-27 1.12554e-14
0.143185 0.335426 2.50591e-27 0.851177 0.457584
0.952123 7.2257e-05 1.74798e-22 8.16757e-57 0.328931
3.28217e-07 1.00435 4.15715e-23 1.73618e-30 4.16646e-14
3.28217e-07 1.00435 4.15715e-23 1.73618e-30 4.16646e-14
0.417981 0.919373 4.9141e-31 0.0726392 4.02288e-21
1.09748e-13 3.3583e-07 1.02765 0 0.000309317
0.551131 0.727091 0.509199 2.43998e-34 4.12515e-06
1.73657e-07 0.531394 9.74228e-24 0.867865 2.01532e-08
3.2796e-07 1.96419e-08 1.6434e-24 9.57321e-82 1.00536
0.00911178 0.0673316 1.01766 3.84051e-116 0.164694
0.210312 0.774013 0.618073 3.91588e-127 0.234048
3.2796e-07 1.96419e-08 1.6434e-24 9.57321e-82 1.00536
0.911558 0.00108694 3.84797e-19 3.0135e-31 0.432474
0.216387 0.59927 3.37355e-20 0.800496 4.77444e-18
1.09748e-13 3.3583e-07 1.02765 0 0.000309317
0.0250616 2.98609e-12 1.2825e-28 1.00518 1.09274e-19
3.28217e-07 1.00435 4.15715e-23 1.73618e-30 4.16646e-14
0.219078 7.63509e-12 1.23176e-26 0.98181 3.92304e-20
0.0317285 7.95162e-12 2.37866e-28 1.00502 2.07168e-19
3.28217e-07 1.00435 4.15715e-23 1.73618e-30 4.16646e-14
0.821537 0.584408 1.29121e-18 1.41667e-31 3.40238e-18
0.746271 0.000785845 0.713626 1.55684e-210 3.41125e-10
0.0251897 0.0890151 1.02408 8.35919e-184 0.000674417
3.21169e-07 0.982786 1.6568e-26 0.236212 1.28508e-15
0.240142 0.0228103 1.31355e-18 1.85502e-54 0.976454
0.981504 0.0766129 9.33646e-28 0.21909 3.74138e-22
0.0556223 0.00816182 1.82312e-18 2.80714e-66 1.00419
0.0184618 3.15451e-13 3.13146e-29 1.00529 1.35515e-19
0.506988 0.813162 0.404217 2.08889e-39 0.00151988
2.29128e-07 0.701138 5.17991e-20 3.42183e-19 0.730258
0.240142 0.0228103 1.31355e-18 1.85502e-54 0.976454
3.21169e-07 0.982786 1.6568e-26 0.236212 1.28508e-15
0.0020643 6.07157e-14 4.29697e-30 1.00545 2.7254e-19
2.70432e-07 0.827527 3.44093e-26 0.421807 0.471958
0.287544 0.871493 0.467525 1.11202e-109 0.000487082
0.205729 8.44135e-13 1.11537e-27 0.984793 8.04519e-20
0.252958 0.179508 0.948971 2.32797e-115 0.275275
3.02752e-07 0.92643 1.64525e-23 2.70407e-15 0.425154
0.927318 1.77036e-10 6.65598e-26 0.391896 6.24065e-22
0.595918 0.570306 1.53735e-18 1.93863e-48 0.578482
0.0688952 1.00236 1.63202e-23 1.09073e-18 3.64673e-16
0.0377008 1.00371 2.60422e-23 1.64783e-26 8.97902e-15
0.472787 0.00520436 0.913048 1.16468e-80 1.3072e-09
1.00423 0.00917567 2.736e-23 8.26095e-28 5.66166e-15
0.152282 0.361913 0.882454 1.90524e-163 0.381081
0.133212 3.80003e-12 8.11554e-28 0.996772 7.79545e-20
1.89329e-07 0.579351 2.32645e-49 0.838441 3.45329e-24
1.00415 0.0169356 1.68932e-23 6.41742e-26 4.11614e-15
0.0411078 1.00365 1.98657e-23 2.46647e-30 5.22783e-14
1.00211 0.0666456 2.03987e-23 7.6956e-26 4.74607e-15
0.209305 0.0017735 1.49397e-17 1.03667e-35 0.989273
0.0666419 5.84723e-11 1.21002e-27 1.00345 1.00669e-19
0.112911 2.42199e-08 8.73611e-25 1.00053 1.60272e-20
0.314679 4.74457e-11 2.35515e-27 0.955014 1.107e-19
0.381291 0.80889 7.52646e-23 0.474978 5.13639e-13
0.888168 0.00210453 9.02571e-21 4.63282e-49 0.473927
3.75258e-08 0.11483 3.79996e-26 0.627622 0.815429
0.33893 0.391183 1.0469e-15 3.2917e-35 0.867638
0.296765 0.902622 4.42907e-27 0.358849 3.88719e-27
3.2796e-07 1.96419e-08 1.6434e-24 9.57321e-82 1.00536
