3.33297e-07 1.0199
2.09337 0
0.723121 0.723135
0.990885 0.330278
0.322051 0.966366
0.886654 0.531993
0.144192 1.00941
0.524104 0.873501
1.04498 0.149304
1.06049 0.070711
0.0678358 1.01757
0.811449 0.631124
0.946378 0.430153
0.421456 0.927218
0.626123 0.805012
1.02246 0.235951
0.229175 0.992886
0.185579 1.00226
0.918457 0.481092
1.0347 0.191631
0.472637 0.90229
0.76861 0.678189
0.675503 0.765571
1.05352 0.10901
0.850935 0.58222
1.06613 0.0343754
0.371154 0.948514
0.0327823 1.01933
0.575387 0.840994
0.104924 1.01435
0.970457 0.379758
1.00803 0.282307
0.274671 0.981005
1.01556 0.258875
1.06347 0.0522809
0.0500931 1.01861
0.446969 0.915215
0.164643 1.00613
0.124302 1.01211
0.903041 0.506578
0.651008 0.7857
0.869281 0.557227
0.5498 0.857651
0.396164 0.938313
0.207074 0.997923
0.981111 0.354869
0.831629 0.606887
1.05718 0.0895932
0.790391 0.654916
0.346435 0.957859
0.699542 0.744688
0.498326 0.888384
0.0160471 1.01975
0.932913 0.455589
0.0860914 1.01616
0.746146 0.700958
0.958898 0.404824
1.06852 0.016948
0.298158 0.974042
1.04946 0.128908
1.04007 0.170218
0.600875 0.823465
1.02884 0.213532
0.999829 0.306116
0.251629 0.987267
1.02572 0.224695
0.11452 1.01329
0.975899 0.36729
0.757432 0.689644
0.801008 0.643083
1.01188 0.270556
0.310002 0.97032
0.925795 0.468342
0.511234 0.881059
0.711394 0.733993
0.196151 1.00019
0.154282 1.00783
1.01908 0.247387
0.894968 0.519291
1.06201 0.0614358
0.91087 0.493827
0.459795 0.908874
0.6633 0.775755
0.860221 0.569766
0.638614 0.795467
0.878072 0.544653
0.217991 0.995497
0.0588985 1.01814
0.562574 0.849367
0.841378 0.594607
0.358768 0.953309
0.986096 0.342537
1.06484 0.0432798
0.0412667 1.01902
1.04258 0.159714
0.408777 0.932888
0.687583 0.755233
0.939762 0.442872
0.434195 0.92133
0.779594 0.666619
0.076849 1.01692
0.175111 1.00431
0.821646 0.619061
0.134181 1.01082
0.952773 0.417503
1.03745 0.180851
0.0243662 1.01958
0.734703 0.71212
0.96486 0.392319
1.00402 0.294156
0.613514 0.814331
0.286323 0.977632
0.485486 0.89547
0.58817 0.832329
0.383607 0.943528
1.05155 0.118857
0.240326 0.990194
1.03183 0.202513
0.0954009 1.01531
1.04727 0.139058
1.06736 0.0256071
0.334237 0.962203
1.05888 0.0800614
0.262985 0.98424
0.99544 0.31816
0.00760185 1.01986
1.0554 0.0991982
0.536944 0.865666
1.06963 0.00828636
0.530551 0.869582
1.05448 0.104084
0.169802 1.0052
0.190868 1.00124
0.1194 1.01272
1.06794 0.0212683
1.0438 0.154501
1.06908 0.0126193
0.389871 0.940952
1.02078 0.241673
0.328166 0.964316
0.0456697 1.01883
0.929387 0.461971
0.978526 0.361071
0.504797 0.884753
0.619805 0.809725
0.717269 0.728583
0.316095 0.968358
0.846187 0.588422
0.159479 1.00704
0.402462 0.935618
0.491923 0.89196
1.01733 0.253121
0.517656 0.877304
0.774115 0.672425
0.304085 0.972198
0.922154 0.474726
0.212545 0.9967
0.364946 0.95092
0.795728 0.649015
0.906982 0.500219
0.96187 0.398552
0.453378 0.912077
0.899024 0.512939
0.223464 0.99428
0.669414 0.770676
0.55613 0.853567
0.632367 0.800263
0.855608 0.575999
1.06416 0.0477453
0.864794 0.563518
0.728918 0.717644
0.914697 0.487447
0.0117932 1.01981
0.826666 0.612992
0.0544877 1.01839
0.873705 0.550947
0.149246 1.00865
0.705482 0.739368
0.139178 1.01013
0.80625 0.637119
0.973226 0.373485
0.440567 0.918307
0.681553 0.760416
0.657168 0.78075
1.03609 0.18622
1.0241 0.230327
0.352576 0.955619
0.644826 0.790604
0.836555 0.600748
0.594524 0.827907
0.785018 0.660786
0.882401 0.538322
0.740433 0.706558
0.693575 0.749978
1.06275 0.056814
1.00606 0.288203
0.607196 0.818898
0.967652 0.386004
0.58179 0.836711
0.18027 1.00331
0.89083 0.525656
0.41511 0.930071
0.763055 0.683928
1.05052 0.12385
0.479059 0.898911
0.943115 0.436492
0.816553 0.625105
0.0907424 1.01576
1.0273 0.21907
0.0371224 1.01918
1.05804 0.08483
0.955813 0.411195
0.936382 0.449218
0.28045 0.979351
0.751848 0.695316
1.06126 0.0660526
1.00999 0.276402
0.983644 0.348679
0.997664 0.312119
0.109694 1.01385
0.340351 0.960034
0.25732 0.985776
0.201718 0.999022
0.988534 0.3364
1.06676 0.0299857
0.29222 0.975854
0.234726 0.991544
0.245976 0.988735
0.466226 0.905602
0.100169 1.01485
1.03328 0.197066
1.04838 0.133951
0.0035264 1.01988
0.568972 0.8452
0.993195 0.324211
1.01372 0.264736
0.543379 0.861648
0.0723611 1.01726
0.12917 1.01149
0.949609 0.423811
0.0202379 1.01967
0.0814991 1.01655
1.05254 0.11393
0.268833 0.982633
1.04134 0.164974
1.03036 0.207985
0.377375 0.946041
1.05969 0.075382
0.42785 0.924279
0.0285238 1.01947
1.03879 0.175485
1.04614 0.144158
0.0633093 1.01786
1.00193 0.300156
1.0563 0.0943985
1.07015 0.00411302
1.06549 0.0388459
1.06881 0.0147528
0.424635 0.925769
1.06581 0.0365951
1.00298 0.297158
1.00901 0.279352
1.03812 0.178175
0.0223677 1.01962
0.748991 0.698139
1.04671 0.141612
1.02961 0.210734
1.01464 0.261807
0.0611099 1.018
0.46301 0.907245
0.0791704 1.01674
0.313079 0.969322
0.760264 0.686785
0.572217 0.843053
0.527276 0.871536
1.02651 0.221884
0.131685 1.01116
0.295191 0.974952
0.971857 0.376638
0.0977799 1.01509
0.112107 1.01357
0.386741 0.942245
0.948 0.426993
0.979832 0.357954
0.331209 0.963242
0.0140073 1.01978
1.05303 0.111476
0.188297 1.00176
0.0522865 1.0185
0.193591 1.0007
0.892904 0.522477
0.798371 0.646055
0.121847 1.01242
0.944727 0.43335
0.923978 0.471533
0.654094 0.783239
0.69058 0.752606
0.399301 0.936974
0.927609 0.465153
0.720198 0.725859
