0.000151096 0.00261253 0.0452473 0.783656 13.5724
0.00194038 9.66444e-05 0.0390059 0.784107 15.7623
0.0365627 0.0162737 0.0020455 0.784038 15.3599
0.166265 0.166265 0.748119 0.0376335 16.3597
0.591917 0.590718 1.08569 1.23943 0.765367
0.705495 0.697762 0.590702 0.693708 1.47826
0.0666459 0.775837 0.0668911 0.0671375 9.1318
0.766263 0.0935778 0.0942731 6.36811 0.783466
0.019151 0.119326 0.763033 4.87764 0.782172
0.00530958 0.0641728 0.00618297 0.781838 9.48177
0.23831 0.016994 0.0170372 0.747291 11.0045
0.847158 0.674444 0.716052 0.537725 1.42323
0.193464 0.0547882 0.713248 2.62866 0.843068
0.082639 0.2599 0.686281 0.230123 2.48225
0.0390078 0.0609909 0.777532 8.38654 0.78427
0.629466 0.117891 0.423136 0.143757 4.16962
0.174544 0.712811 0.1797 0.185009 3.17671
0.163617 0.0482723 0.739324 0.175071 3.37478
0.546669 0.300909 1.5065 0.675427 0.940668
0.178455 0.673297 0.169938 2.93875 1.27351
0.0611595 0.196492 0.705388 2.51866 0.878533
0.781679 0.0417705 0.0418301 14.6698 0.785025
1.15936 0.510518 0.524719 0.567952 1.34066
0.77089 0.0728516 0.0731762 0.100484 8.29851
0.166606 0.708255 0.171153 3.17746 0.949576
0.0290852 0.0285335 0.0323016 0.783102 11.8203
0.0690881 0.773631 0.0693627 0.08447 8.78311
0.0630196 0.0533723 0.775128 7.3165 0.783924
0.511405 1.23464 0.688631 0.622711 1.16282
0.151649 0.0883759 0.736418 0.180438 3.26524
0.964583 0.420305 0.796884 0.546715 1.39964
0.129445 0.0377297 0.149018 0.750001 2.89778
0.0499159 0.170048 0.107625 0.747635 2.79757
0.403563 0.490995 0.156999 0.429673 5.83887
0.482454 0.898947 1.32454 0.692528 0.851539
0.600035 0.258331 0.270598 0.292893 1.84776
0.214184 0.517085 1.35121 0.605802 1.22229
0.486948 0.23437 0.725171 0.985085 1.48717
0.365637 0.467725 0.345217 1.65797 0.882889
0.274356 0.274356 0.93671 0.419966 1.67202
0.742695 0.812993 1.10116 0.645044 1.07648
0.486129 0.0658941 0.0664967 0.606667 5.7767
0.692149 0.35828 0.55839 0.397134 1.70969
0.0822273 0.263874 0.886955 0.289497 2.41102
0.166877 0.183468 0.598747 0.495805 1.82597
0.14403 0.639926 0.11623 0.408405 4.40966
0.198333 0.474975 0.32382 1.4681 1.21445
0.211036 0.671396 0.221215 0.231885 2.46025
1.13902 0.672353 0.547862 0.854069 1.10499
0.24938 0.105038 0.653282 0.292893 1.84776
0.0671664 0.135879 0.0306511 0.764719 3.85817
0.42045 0.361925 0.230906 1.45071 1.23869
0.417362 0.757531 0.358251 0.969982 1.47741
0.24938 0.105038 0.653282 0.292893 1.84776
0.10651 0.0279391 0.112061 0.767043 5.70494
0.300901 0.726438 0.858062 1.30314 0.973295
0.0392501 0.133531 0.755418 0.141522 4.23932
0.502476 0.210116 0.829474 1.42319 0.994918
0.386381 0.211228 0.444801 1.51106 1.15106
0.716488 0.665197 0.404965 0.769339 1.51271
0.517788 0.285012 1.42691 0.639744 1.09787
0.573161 0.31347 0.270598 0.292893 1.84776
0.452748 0.187534 0.202986 0.551756 1.84776
0.473737 1.1437 0.512769 0.555017 1.37715
0.192974 0.0636792 0.698737 2.50216 0.954377
0.851735 0.873684 0.505404 0.547046 1.39876
0.358657 0.696388 0.330763 1.3579 1.19713
0.326523 0.457807 0.428715 0.292893 1.84776
0.753467 0.213279 0.0395596 0.03961 15.5401
0.524283 0.217165 1.37002 0.614235 1.1932
0.108901 0.701424 0.306154 0.120019 5.03873
0.0545644 0.0403024 0.212538 0.741424 2.57309
1.10349 0.457081 0.625255 0.558429 1.3677
0.549046 1.32551 0.594282 0.703602 1.04563
0.100733 0.768297 0.0835892 7.22473 0.783887
0.63748 0.225734 0.239468 2.026 0.840546
0.222102 0.536201 0.904655 0.445206 1.62682
0.640216 0.265186 1.01676 0.509668 1.49206
0.0160036 0.110179 0.766508 5.33253 0.782677
0.125767 0.469192 0.117109 0.596453 3.22743
0.0961949 0.136445 0.729224 3.26769 0.970115
0.523074 0.516775 0.167832 3.3043 0.87296
0.130616 0.315334 0.394378 0.560141 1.84776
0.0566261 0.190292 0.667192 2.33927 1.19043
0.0945901 0.278495 0.0998971 0.914542 2.19569
0.541252 0.753796 0.413147 0.420759 1.67066
0.178901 0.0845067 0.477665 1.2482 1.47468
0.446228 0.680332 0.337011 0.706902 1.65068
0.488712 0.202461 1.21234 0.547889 1.3965
0.69598 0.135236 0.290638 0.148891 4.01723
0.693454 0.165615 0.164255 3.17569 1.18766
0.120129 0.737381 0.123174 4.75455 1.24609
0.0842198 0.206987 0.696894 2.28232 0.81354
0.147178 0.0722397 0.0509882 0.759791 3.447
0.413285 0.541422 0.282135 0.375581 1.82082
0.513335 1.2393 0.555629 0.601408 1.23702
0.235903 0.373965 0.485064 1.58455 1.02879
0.0536837 0.549237 0.551854 0.0762818 8.02271
0.67057 0.283213 0.419927 0.34809 1.78119
0.25941 0.48453 1.32686 1.01935 0.947788
0.753578 0.0747436 0.0751103 0.189047 7.90563
0.719023 0.103214 0.104272 0.272331 5.45282
0.129484 0.0225636 0.758788 4.44579 0.781553
0.524898 0.21742 0.547755 0.326894 1.8084
0.164037 0.387674 0.69263 0.335727 1.79732
0.608968 0.292298 0.334012 0.197257 3.44562
0.347875 0.519105 1.50862 0.676375 0.936005
0.555921 0.358813 0.295731 0.300198 1.83974
0.377029 0.406569 1.33863 0.600165 1.24113
0.982857 0.407113 0.886992 0.573727 1.32376
0.957193 0.396483 0.42915 1.20438 1.1366
0.41621 1.00482 0.450502 0.48762 1.54155
0.141073 0.687502 0.139602 0.311312 3.92314
0.347745 0.839529 0.376396 0.867283 1.5101
0.203528 0.491359 1.28398 0.575662 1.31801
0.668555 0.103673 0.374054 0.11988 5.04481
0.112765 0.0765907 0.756691 4.26801 0.781246
0.666607 0.276118 1.36268 0.638682 1.10208
0.0446015 0.775514 0.103613 13.6263 0.784966
0.772546 0.0402858 0.127193 15.0341 0.785043
0.173504 0.713791 0.178556 0.183755 3.20058
0.314552 0.238022 0.352924 0.552842 1.84776
0.725375 1.08414 0.540311 0.972828 1.02963
0.491269 0.39029 0.259891 0.352948 1.84776
0.069113 0.210613 0.675488 2.16646 0.967691
0.263603 0.228959 0.842931 0.377921 1.73918
0.756438 0.099406 0.154045 6.66238 0.783629
0.130904 0.316029 0.141689 0.669852 1.84776
0.442718 1.06882 0.479194 1.03181 1.16934
0.0623176 0.20563 0.0651164 0.74084 2.55436
0.196464 0.631191 2.14125 0.691846 1.17423
0.314046 0.748018 0.69896 0.494373 1.61521
0.427813 0.177206 1.11793 1.38273 0.78986
0.164306 0.0440257 0.634829 0.413453 2.89778
1.15563 0.483314 0.975879 0.657729 1.02273
0.733418 0.145886 0.148744 3.83302 0.85242
0.144905 0.349831 0.610907 0.814281 1.67939
0.712283 0.280775 0.123698 0.107232 5.66254
1.03418 0.445034 0.466351 0.504775 1.50337
0.281378 0.525562 1.38141 0.623207 1.161
0.24938 0.105038 0.653282 0.292893 1.84776
0.0857207 0.206948 0.380447 1.06586 1.63372
0.239209 0.577223 0.258811 1.63275 0.936347
0.869788 0.361247 0.390116 0.98968 1.40759
0.607823 0.172975 2.22065 0.657047 1.50412
0.782684 0.324198 0.35091 0.379822 1.73635
0.643741 0.287915 0.738839 0.682452 1.57832
0.33173 0.189262 0.922042 0.41339 1.68318
0.363159 0.541912 1.45255 0.659555 1.01466
0.592306 0.245341 1.54777 0.693929 0.843716
0.781192 0.0444006 0.0444722 13.7888 0.784976
0.186761 0.123258 0.701614 0.234873 2.42364
0.0905996 0.0300307 0.771612 0.0961742 6.33331
0.48695 0.205398 0.928615 1.39701 0.952217
0.73311 0.863411 0.469165 1.01022 1.21508
0.440624 0.420853 0.16517 0.451696 2.86364
0.210252 0.0658111 0.704539 2.36065 0.77343
0.087504 0.711783 0.300588 0.0955937 6.37275
0.046753 0.06992 0.774739 0.0846049 7.22017
0.397477 0.532836 0.156371 2.90311 1.63172
0.216127 0.276435 0.413698 1.30964 1.41088
0.775198 0.0369859 0.112654 16.4365 0.785101
0.906447 0.375462 0.986712 0.57637 1.3159
0.62211 0.873727 0.54959 0.499203 1.51602
0.347835 0.839748 0.376494 0.407514 1.69293
0.038603 0.762312 0.179292 15.4833 0.785063
0.232707 0.561805 1.46807 0.658195 1.02068
0.204179 0.492931 0.230192 1.40286 1.30166
0.0722649 0.0588647 0.149881 0.758302 3.34503
1.11896 0.498744 0.801197 0.606329 1.2205
0.15939 0.0207822 0.760364 0.0981181 6.20459
0.887307 0.764706 0.485194 0.776318 1.33784
0.0201179 0.118294 0.757601 4.84292 0.978668
1.12449 0.465778 0.971992 0.645188 1.07589
0.359278 0.534503 0.347065 0.756159 1.70088
0.102149 0.620597 0.104781 0.452885 4.87064
0.444855 0.129215 0.511641 0.35307 2.70774
0.0487524 0.0880638 0.727317 0.272428 5.9491
0.137509 0.732964 0.139908 4.04442 1.00137
0.315572 0.481131 0.238334 0.444871 1.84776
0.155855 0.373106 0.589345 1.58636 0.986229
0.153254 0.369988 0.966824 0.433467 1.64833
0.197091 0.686155 0.204975 2.58687 0.804364
0.0600477 0.183932 0.0945946 0.744537 2.67938
0.471543 0.19532 1.2322 0.974377 1.12773
0.319631 0.13359 0.190717 0.954707 1.71235
0.320953 0.774849 0.778089 0.918678 1.35912
0.100815 0.622478 0.390625 0.253957 7.67445
0.683814 0.346469 0.317527 0.343689 1.78701
0.799526 0.331175 0.536389 0.421732 1.66898
0.254109 0.589325 0.222312 0.374596 2.76453
0.469028 0.226922 0.220295 0.989896 1.6432
0.662372 0.0991589 0.100264 0.392051 5.2271
0.882898 0.175898 0.179355 3.80302 0.803162
0.625422 0.223625 0.23749 1.97277 0.917485
0.224312 0.19161 0.122196 0.695575 1.84776
0.263749 0.610378 0.522214 0.350208 1.77835
0.919269 0.380774 0.412146 0.446104 1.62514
0.0785094 0.762162 0.146429 7.69076 0.784061
0.189762 0.0516403 0.722672 0.203815 2.85225
0.707215 0.1054 0.296306 0.115352 5.25068
0.257369 0.517087 0.239248 0.926704 1.65842
0.569183 1.37413 0.700448 0.680978 0.91293
0.211961 0.391288 0.628898 0.131954 4.56361
1.04948 0.457297 0.474183 0.513252 1.48364
0.20093 0.344741 0.963325 0.600998 1.59737
0.0275589 0.0475995 0.78088 11.1139 0.784751
0.826617 0.351555 0.372075 0.955968 1.46315
0.087136 0.768874 0.0876935 0.0882548 6.91555
0.104854 0.0549506 0.747425 4.77787 1.26463
0.664339 0.275178 0.675954 0.466772 1.67575
0.762411 0.486105 0.37453 0.558303 1.65241
0.712597 0.15453 3.36243 0.746107 1.06409
0.546857 0.246918 0.36615 0.302822 1.84776
0.146531 0.0650767 0.605091 0.4713 6.57467
0.72714 0.646629 0.768278 1.178 1.03692
0.358048 0.494824 0.253605 1.5966 1.00672
0.425639 0.176305 0.994818 0.45411 1.60993
0.056955 0.0692567 0.773259 6.71294 0.783655
0.516068 0.0796985 0.57018 0.119403 5.06577
0.067021 0.00996061 0.778518 0.068013 9.01279
0.471824 0.448515 0.417732 0.121427 5.69742
0.17052 0.716551 0.175282 0.180176 3.27043
0.367197 0.847354 0.952546 0.549546 1.39205
1.23988 0.513575 0.55589 0.60169 1.23608
0.513727 0.361864 1.51704 0.680152 0.917125
0.166606 0.708255 0.171153 3.17746 0.949576
0.733267 0.264786 0.0621951 9.80336 0.784569
0.0287734 0.165742 0.751421 0.133678 4.50184
0.199273 0.325124 0.157954 0.996473 1.68424
0.844162 0.352883 0.93243 0.835914 1.26281
0.415338 0.810553 0.62623 0.457826 1.60273
0.526675 0.218156 0.86524 1.27106 1.1449
0.798369 0.818943 0.739727 0.564191 1.35146
0.240689 0.110312 0.460171 1.28171 1.44061
0.210511 0.0659343 0.0690927 0.73804 2.46924
0.543323 0.225052 0.647617 0.362349 1.76166
0.553291 0.230413 0.248259 1.54763 1.08811
0.408685 0.592556 0.200659 0.20831 2.78288
0.891017 0.38825 0.402587 0.493368 1.62784
0.299338 0.478813 0.909906 1.07088 1.3063
0.480835 0.442238 0.270598 0.292893 1.84776
0.533045 0.220795 0.492228 0.314141 1.82377
1.25082 0.518106 0.639986 0.620293 1.17161
0.377502 0.911369 0.408604 1.43908 0.888249
0.65116 0.207372 2.1858 0.716004 0.980122
0.695592 0.824347 1.06794 0.628716 1.14054
0.269824 0.691737 0.159017 3.54556 0.842957
0.542176 0.0617399 0.240169 0.51024 10.8911
0.129968 0.313771 0.819923 0.96599 1.50972
0.842694 0.504079 0.867926 0.542845 1.40989
0.170983 0.294611 0.613598 0.327581 2.60269
0.114742 0.268925 0.121108 0.764026 1.82102
0.220014 0.531162 0.238142 1.50235 1.16434
0.453953 0.188033 1.18623 0.531838 1.43825
0.236097 0.104699 0.497341 1.35293 1.36218
0.0968199 0.141331 0.738903 0.175858 3.35831
0.628986 0.0321463 0.466968 15.3407 0.785057
0.169285 0.350808 0.205778 1.06354 1.63549
0.106314 0.254604 0.383122 1.13983 1.57413
0.205755 0.496735 0.223287 0.869836 1.70424
0.949853 0.616229 1.03156 0.634447 1.11866
0.244566 0.553316 1.46049 0.654798 1.03549
0.354632 0.657461 0.141981 4.00059 0.949827
0.461134 0.0831416 0.0844822 0.619389 4.33304
1.15761 0.556252 0.531983 1.07895 0.950469
0.658261 0.352331 0.107994 0.2086 5.41122
0.486357 0.203376 0.415384 1.62031 0.961326
0.600264 1.19119 0.596902 0.605312 1.22395
0.0910818 0.492234 0.0926278 0.592308 4.2209
0.64336 0.133166 0.389482 0.158088 3.76819
0.370352 0.569902 0.217519 2.22982 0.973851
0.0601417 0.182137 0.247748 0.948877 2.25076
0.23276 0.561933 0.497755 0.785942 1.66271
0.704507 0.455179 0.347426 0.376051 1.74194
0.676758 0.223868 0.172614 3.02874 1.10324
0.356433 0.20564 0.993448 1.0753 1.29902
0.0959862 0.622578 0.448363 0.119209 5.07435
0.515754 0.213632 0.329507 1.56499 1.06329
0.689264 0.333476 0.317162 0.685266 1.68628
1.01277 0.419503 0.454067 0.491479 1.53316
0.596731 0.385545 0.294276 0.318522 1.81857
0.456143 0.190531 0.991729 0.458992 1.60045
0.917408 0.880399 0.526677 0.570071 1.3345
0.420919 0.333737 0.612302 0.337391 1.79519
0.378335 0.316507 0.346069 1.45471 1.23319
0.0785615 0.772033 0.0789669 7.66541 0.784053
0.321163 0.346599 0.195725 0.791338 1.76414
0.457335 1.1041 0.992227 0.643394 1.0832
0.789277 0.826769 0.473456 0.790059 1.35836
0.727564 0.265668 0.0462624 0.11856 13.1418
0.577235 0.239099 0.258799 1.63267 0.936511
0.62947 0.0451693 0.463136 11.0702 0.784746
0.359018 0.153737 0.447471 1.43389 1.26143
0.541734 1.30786 0.586369 0.880221 0.936698
0.551446 0.228416 0.247236 0.410359 1.84776
0.208644 0.0864233 0.264051 0.838828 1.78203
0.381434 0.512146 0.303671 0.292893 1.84776
0.448299 1.08229 0.485235 0.622918 1.4157
0.351582 0.0825346 0.435699 0.542459 7.32144
