0.111395 0.774766 5.44402
0.774766 0.111395 5.44402
0.510075 0.510624 0.709037
0.501344 0.501066 0.719682
0.560855 0.459641 0.884837
0.37985 0.645393 1.27242
0.647221 0.377721 1.28404
0.45943 0.561131 0.885754
0.382756 0.642875 1.25669
0.642301 0.383439 1.25301
0.500629 0.501373 0.717578
0.282093 0.713353 1.93951
0.501958 0.500726 0.721278
0.427981 0.598703 1.02953
0.366012 0.656975 1.34997
0.711591 0.284996 1.91393
0.59793 0.428697 1.02621
0.500286 0.502853 0.725668
0.656655 0.366372 1.3478
0.519949 0.488344 0.758951
0.350861 0.668742 1.43943
0.439163 0.586116 0.977441
0.611594 0.415827 1.08776
0.718061 0.273063 2.02029
0.454748 0.567165 0.906671
0.616253 0.411261 1.1101
0.452565 0.569922 0.91647
0.489238 0.518109 0.754969
0.676384 0.340556 1.50409
0.698341 0.30755 1.73266
0.475866 0.538461 0.813126
0.569165 0.453187 0.913721
0.411364 0.616108 1.10953
0.581796 0.442888 0.960466
0.568388 0.453796 0.911049
0.614578 0.412904 1.10209
0.554903 0.464151 0.864836
0.338029 0.67815 1.52021
0.712354 0.283634 1.92571
0.465527 0.553006 0.8587
0.310361 0.696592 1.71164
0.443297 0.581246 0.958485
0.667528 0.352471 1.42973
0.396148 0.630805 1.18614
0.471791 0.544329 0.831065
0.414211 0.61323 1.09557
0.585053 0.440062 0.973285
0.544075 0.471967 0.83029
0.414609 0.612897 1.0938
0.629892 0.397128 1.18112
0.283226 0.712634 1.9294
0.538941 0.475536 0.814577
0.272885 0.718206 2.02248
0.753964 0.189768 3.08951
0.193855 0.752539 3.01701
0.450515 0.572496 0.925732
0.46913 0.548046 0.842769
0.575638 0.447947 0.937313
0.505029 0.498411 0.726228
0.650198 0.374192 1.30352
0.57173 0.451122 0.92298
0.700773 0.303653 1.76258
0.501116 0.501245 0.719356
0.50162 0.500899 0.720322
0.661944 0.359817 1.38598
0.421598 0.605563 1.05985
0.484157 0.526034 0.776764
0.74012 0.22628 2.53136
0.378023 0.647002 1.2826
0.56708 0.454823 0.906347
0.312606 0.69518 1.69512
0.440513 0.584528 0.97124
0.46237 0.55725 0.872698
0.441679 0.58316 0.965881
0.449417 0.573835 0.930663
0.582877 0.442001 0.964574
0.359671 0.661971 1.38657
0.392716 0.633976 1.20398
0.454609 0.567346 0.907314
0.554442 0.464488 0.863327
0.502374 0.500531 0.72255
0.563191 0.45786 0.892774
0.623122 0.40426 1.14488
0.58305 0.441778 0.965527
0.443135 0.581437 0.959219
0.612952 0.414527 1.09415
0.60761 0.419651 1.06919
0.461346 0.558625 0.877255
0.398333 0.628797 1.17506
0.478246 0.534972 0.802687
0.598577 0.428095 1.02898
0.341251 0.675825 1.49945
0.684382 0.329042 1.57943
0.559063 0.461001 0.878756
0.395077 0.631809 1.19168
0.634445 0.392197 1.20659
0.689217 0.32183 1.62898
0.428204 0.598456 1.02845
0.666498 0.353818 1.42145
0.730481 0.248392 2.26905
0.656416 0.366644 1.3461
0.40497 0.622421 1.14135
0.458678 0.562109 0.889101
0.372077 0.65198 1.31555
0.413813 0.61363 1.09752
0.50311 0.5004 0.726816
0.583852 0.441105 0.968521
0.32868 0.68471 1.58208
0.500629 0.501373 0.717578
0.557699 0.462047 0.874146
0.19806 0.751245 2.9461
0.412753 0.614709 1.10274
0.526771 0.483681 0.77886
0.324597 0.68738 1.60976
0.597756 0.428891 1.02533
0.633159 0.393668 1.19914
0.723335 0.262805 2.11821
0.614442 0.413044 1.10131
0.357069 0.663999 1.40197
0.46416 0.554856 0.864796
0.675965 0.341303 1.49973
0.427472 0.599257 1.03191
0.628224 0.398908 1.17206
0.500286 0.502853 0.725668
0.515274 0.491514 0.74553
0.371104 0.652768 1.3208
0.547591 0.469469 0.841326
0.265172 0.722178 2.09564
0.30089 0.702477 1.78423
0.749456 0.202563 2.87273
0.646084 0.379108 1.27653
0.493935 0.510587 0.734567
0.6945 0.313703 1.68715
0.53438 0.478646 0.800936
0.247876 0.730584 2.27417
0.229945 0.738566 2.48514
0.498443 0.505 0.726025
0.621897 0.405532 1.13852
0.526497 0.483856 0.778078
0.686585 0.325818 1.60155
0.356594 0.664385 1.40494
0.660668 0.361333 1.37694
0.318092 0.691714 1.65549
0.552604 0.465832 0.857362
0.453254 0.569074 0.913403
0.465495 0.553043 0.858824
0.382756 0.642875 1.25669
0.355086 0.665532 1.41388
0.465166 0.55349 0.860283
0.565941 0.45574 0.90231
0.523422 0.48584 0.769417
0.654331 0.369213 1.33148
0.654543 0.368979 1.33291
0.436992 0.58861 0.987461
0.478729 0.53426 0.800573
0.593686 0.432526 1.0082
0.646445 0.378627 1.27916
0.477499 0.536074 0.805983
0.33118 0.682914 1.56507
0.470595 0.546003 0.836321
0.43363 0.59243 1.00303
0.576976 0.446859 0.942334
0.432295 0.593932 1.00928
0.482974 0.527851 0.781946
0.57519 0.448326 0.93567
0.526856 0.483627 0.779125
0.769298 0.136735 4.39605
0.440293 0.584782 0.972221
0.593185 0.432969 1.00621
0.604043 0.423051 1.05294
0.31869 0.691277 1.65122
0.541872 0.473506 0.823518
0.474469 0.540496 0.819276
0.704807 0.296836 1.81588
0.545997 0.470607 0.836282
0.693107 0.315877 1.6713
0.592961 0.433255 1.00504
0.42301 0.604068 1.05314
0.727534 0.254305 2.20493
0.380544 0.644832 1.26886
0.637705 0.388594 1.2255
0.607547 0.419738 1.06886
0.520913 0.487434 0.762412
0.549458 0.468137 0.847209
0.529667 0.481783 0.787167
0.345628 0.672635 1.47178
0.681779 0.332838 1.55405
0.580321 0.444069 0.954939
0.360417 0.661399 1.38223
0.465298 0.55331 0.859696
0.447932 0.575684 0.937437
0.387183 0.638972 1.23306
0.367776 0.655503 1.33977
0.492597 0.513694 0.740988
0.450989 0.571897 0.923636
0.636252 0.390226 1.21697
0.405783 0.621628 1.13723
0.553063 0.465493 0.858865
0.446675 0.577202 0.943103
0.595542 0.43087 1.01596
0.520075 0.488089 0.759769
0.474848 0.539938 0.817599
0.423392 0.603662 1.0513
0.617738 0.409759 1.11748
0.557968 0.461831 0.875104
0.403437 0.623901 1.14903
0.544411 0.471721 0.831352
0.641848 0.383927 1.25035
0.484397 0.525662 0.77571
0.408507 0.618952 1.12366
0.578212 0.44584 0.946966
0.469443 0.54761 0.841388
0.288913 0.709418 1.88083
0.657033 0.365884 1.35051
0.631933 0.395014 1.19208
0.629217 0.397894 1.17721
0.449689 0.5735 0.929435
0.397965 0.629112 1.17685
0.457439 0.563728 0.894644
0.434126 0.591872 1.00073
0.609434 0.417922 1.07758
0.672287 0.346159 1.46863
0.521823 0.486856 0.764928
0.534074 0.47885 0.800046
0.749485 0.202407 2.87477
0.5631 0.457915 0.892505
0.563803 0.457381 0.894905
0.391544 0.635051 1.21002
0.403168 0.62416 1.15037
0.62067 0.406762 1.13239
0.673975 0.343886 1.48296
0.367726 0.655546 1.34006
0.70297 0.300122 1.79034
0.553383 0.465252 0.859914
0.602749 0.424291 1.04706
0.486681 0.5221 0.7657
0.593158 0.43312 1.00577
0.572881 0.45019 0.92717
0.446774 0.577081 0.942661
0.608088 0.4192 1.07144
0.471864 0.544216 0.83073
0.665941 0.354551 1.41704
0.61892 0.408547 1.12345
0.41107 0.616397 1.11096
0.285921 0.711078 1.90617
0.674711 0.342817 1.48967
0.435496 0.590317 0.994362
0.650361 0.374032 1.30446
0.407925 0.619522 1.12653
0.726358 0.256727 2.17987
0.444971 0.579269 0.950876
0.136852 0.769274 4.39418
0.580078 0.444299 0.953942
0.445464 0.578648 0.948584
0.363951 0.658632 1.36185
0.487827 0.520883 0.761811
0.539702 0.475012 0.816889
0.417846 0.609567 1.07804
0.63707 0.389356 1.22156
0.587112 0.438291 0.981464
0.602337 0.424633 1.04546
0.336137 0.679477 1.5325
0.514956 0.491696 0.744704
0.7494 0.202635 2.87105
0.609599 0.41778 1.07829
0.386829 0.639325 1.23506
0.484656 0.52526 0.774573
0.426012 0.600844 1.03882
0.574969 0.448521 0.934757
0.454821 0.567083 0.906357
0.64518 0.380096 1.27105
0.537644 0.476431 0.810663
0.467113 0.550834 0.851673
0.602094 0.424863 1.0443
0.604529 0.422596 1.05514
0.376935 0.647884 1.28836
0.322694 0.688694 1.62305
0.460464 0.559774 0.88117
0.483247 0.527433 0.780749
0.587885 0.43762 0.984534
0.682128 0.332327 1.55749
0.549467 0.468122 0.847271
0.418587 0.608727 1.07434
0.346146 0.672257 1.4686
0.527565 0.483168 0.78112
0.443473 0.581031 0.957659
0.306996 0.698686 1.73685
0.62097 0.406451 1.13387
0.461863 0.557935 0.874952
0.418587 0.608727 1.07434
0.567285 0.454655 0.907113
0.290774 0.708327 1.86522
0.456365 0.565107 0.899453
0.360512 0.66131 1.38163
0.489716 0.517268 0.752387
0.427763 0.598942 1.03058
0.246365 0.731452 2.29109
0.486407 0.52253 0.7669
0.470262 0.546466 0.837785
0.490532 0.51595 0.748811
