4.15415e-24 1.27118e-17 3.88983e-11 0.00011903 364.234
1542.38 0 110.618 0 659.376
1049.49 467.521 0 1463.92 0
134.635 90.2724 106.833 0 1612.18
617.158 681.308 1265.82 984.575 0
6.42235e-06 1.84596e-05 59.808 56.7751 58.4948
7.80323e-08 2.24287e-07 0.726674 0.672241 100.983
1.54202e-07 4.4322e-07 1.436 100.976 0.871556
1.41142e-06 4.0568e-06 13.1438 100.134 0.00964056
2.81372e-12 8.08741e-12 2.62027e-05 80.1808 61.4057
2.30056e-13 6.61244e-13 2.14239e-06 6.55575 100.786
180.04 0 0 0.513725 0
170.161 0 0 58.917 0
1.08443e-05 3.11696e-05 100.987 0 0.136267
2.36911e-06 6.8095e-06 22.0623 98.4684 4.05227
165.385 0 0 0 71.3116
2.3646e-06 6.79653e-06 22.0203 3.26445 98.5038
1.08319e-05 3.11339e-05 100.872 0 4.84495
179.801 0 0 9.30765 0.0173068
1.98602e-07 5.70837e-07 1.84947 99.4552 17.5875
2.29011e-06 6.58242e-06 21.3266 98.6973 2.46271
2.97333e-08 8.54618e-08 0.276891 100.987 0.00119609
180.041 0 0 0.181183 0.0187539
1.01459e-07 2.91622e-07 0.944834 0.898787 100.979
0.000119884 366.847 0 7.50065 0.427089
4.31477e-13 1.24019e-12 4.01812e-06 12.2955 100.248
9.92182e-08 2.85181e-07 0.923967 1.19513 100.976
3.55722e-06 1.02244e-05 33.1265 95.4189 0.0402961
1.08076e-05 3.1064e-05 100.645 7.3337 4.13837
1.08435e-05 3.11671e-05 100.979 0 1.64834
180.024 0 0 1.86458 1.71065
3.2e-12 9.19769e-12 2.97999e-05 91.1884 43.4019
2.99225e-12 8.60056e-12 2.78652e-05 85.2682 54.1142
1.7825e-07 5.12342e-07 1.65995 5.38117 100.852
9.93806e-06 2.85648e-05 92.548 40.2107 4.89702
1.08443e-05 3.11696e-05 100.987 0 0.0340668
1.08112e-05 3.10744e-05 100.679 6.53839 4.58894
173.483 0 0 38.1575 29.4479
2.12069e-07 6.09546e-07 1.97489 100.968 0.344974
1.08427e-05 3.11648e-05 100.972 0.0369801 1.83201
180.04 0 0 0.708707 0
3.89989e-13 1.12094e-12 3.63177e-06 11.1133 100.393
178.325 0 0 6.48922 23.939
7.1132e-06 2.04453e-05 66.2415 17.9418 74.1344
7.202e-06 2.07006e-05 67.0684 31.6762 68.7657
0.000118692 363.202 0 0 52.1297
1.59935e-06 4.59698e-06 14.8939 97.9267 20.1992
1.39939e-06 4.02224e-06 13.0318 11.3135 99.5128
179.28 0 0 16.5429 0.0152845
4.56351e-06 1.31168e-05 42.4975 11.0377 91.0156
3.51352e-12 1.00988e-11 3.27196e-05 100.123 13.2262
1.49819e-07 4.30621e-07 1.39518 100.589 8.98207
180.034 0 0 1.37103 0.936155
1.08443e-05 3.11695e-05 100.987 0 0.352065
6.13412e-08 1.76312e-07 0.571239 9.21164 100.569
6.00553e-06 1.72616e-05 55.9264 81.6742 20.0924
3.27334e-06 9.40849e-06 30.4829 0 96.2783
159.78 0 0 83.2583 0
3.85124e-07 1.10695e-06 3.58645 100.839 4.63449
29.0948 237.568 0 24.5491 26.5546
1.08439e-05 3.11684e-05 100.983 0.806391 0.377309
1.08341e-05 3.11401e-05 100.892 0.823911 4.41723
6.38925e-07 1.83645e-06 5.94998 27.2676 97.0641
0.000119907 366.918 0 1.12767 1.64305
1.83569e-06 5.27628e-06 17.0948 99.5076 2.40582
0.000119863 366.784 0 4.09026 9.27234
29.4128 240.164 0 4.55242 0.432757
4.53717e-07 1.30411e-06 4.22523 2.79872 100.861
3.14709e-12 9.04561e-12 2.93072e-05 1.51734e-05 100.987
1.08177e-05 3.1093e-05 100.739 5.89835 4.16927
7.69816e-07 2.21267e-06 7.1689 1.67428 100.727
1.14141e-06 3.28074e-06 10.6294 95.1367 32.2471
179.976 0 0 3.49981 3.34785
0.0001199 366.896 0 4.51307 0.449965
3.54204e-12 1.01808e-11 3.29851e-05 100.935 3.32608
1.32794e-06 3.81686e-06 12.3664 100.228 0.00102334
0.000119907 366.919 0 0.910747 1.4962
1.08192e-05 3.10974e-05 100.754 3.79418 5.79081
7.45528e-06 2.14286e-05 69.4271 73.4078 0.0036827
4.17739e-07 1.2007e-06 3.89018 13.1183 100.06
1.59009e-06 4.57035e-06 14.8076 99.861 2.70186
4.81493e-07 1.38395e-06 4.48389 100.752 5.33016
2.03415e-07 5.84671e-07 1.8943 2.12592 100.953
4.26136e-06 1.22483e-05 39.6838 91.8936 14.1965
3.34441e-07 9.61277e-07 3.11447 83.712 56.5669
1.08443e-05 3.11696e-05 100.987 0 0.136267
177.016 0 0 28.8833 15.8475
0.000119906 366.914 0 1.35011 2.22909
1.08409e-05 3.11599e-05 100.956 1.4082 2.28402
1.92721e-06 5.53935e-06 17.9471 3.27933 99.3505
178.163 0 0 25.9353 0
0.000117191 358.607 0 77.739 0
8.57394e-06 2.46439e-05 79.8446 61.9063 0.0514572
3.38684e-12 9.73471e-12 3.15398e-05 96.5126 29.7951
179.01 0 0 5.55432 18.4241
1.08433e-05 3.11667e-05 100.978 0.969376 0.995479
1.88876e-06 5.42883e-06 17.589 98.8978 10.5661
2.03298e-06 5.84335e-06 18.932 0.0765303 99.2031
179.548 0 0 3.58654 12.8229
1.07369e-05 3.08608e-05 99.987 14.2524 2.5639
2.2172e-07 6.37284e-07 2.06476 2.13356 100.944
9.18684e-08 2.64056e-07 0.855522 5.10465 100.868
2.48602e-06 7.14552e-06 23.151 98.3063 0.0206816
6.50176e-06 1.86879e-05 60.5475 17.8036 78.8488
1.00228e-05 2.88085e-05 93.3375 9.34885 37.4356
9.14116e-07 2.62742e-06 8.51268 3.54011 100.568
0.000119892 366.874 0 6.13136 0.363399
176.641 0 0 7.32104 34.3392
1.08442e-05 3.11691e-05 100.986 0.591942 0.0724681
9.28645e-06 2.66918e-05 86.4798 36.1771 37.7886
4.06747e-06 1.1691e-05 37.8782 89.3726 28.0702
180.024 0 0 1.09495 2.20415
0.00011987 366.806 0 0 9.27086
27.5571 225.012 0 62.8294 57.2074
1.08443e-05 3.11696e-05 100.987 0 0.0340668
158.241 0 0 0 85.8836
2.18365e-06 6.27642e-06 20.3352 98.8223 4.45434
1.08443e-05 3.11696e-05 100.987 0.109368 0.0880336
9.82871e-08 2.82505e-07 0.915296 100.984 0
4.60951e-08 1.3249e-07 0.429259 100.939 3.10798
1.0302e-05 2.96107e-05 95.9368 0 31.5795
4.97976e-07 1.43132e-06 4.63739 6.07017 100.711
179.515 0 0 13.8221 0.00631893
2.31617e-06 6.65733e-06 21.5693 26.5831 95.0836
9.35211e-06 2.68806e-05 87.0912 51.1569 0.221095
1.07516e-05 3.09031e-05 100.124 0.0325992 13.2269
1.68471e-09 4.84234e-09 0.0156888 100.987 0.420559
4.40606e-07 1.26643e-06 4.10313 41.2597 92.1371
4.43286e-06 1.27413e-05 41.2809 85.3431 34.9712
3.10062e-12 8.91205e-12 2.88744e-05 88.3565 48.9268
0.000119877 366.826 0 8.46199 0.490618
6.092e-06 1.75101e-05 56.7315 43.3406 71.7606
8.12294e-06 2.33476e-05 75.6447 66.9411 0.0420168
9.79528e-06 2.81544e-05 91.2183 2.85691 43.3245
9.35707e-06 2.68948e-05 87.1374 47.2917 19.345
5.00001e-07 1.43714e-06 4.65624 100.881 0.002648
5.07468e-06 1.45861e-05 47.2579 58.6732 67.2858
2.28118e-07 6.55676e-07 2.12435 1.15908 100.958
5.96129e-06 1.71344e-05 55.5144 44.4491 71.7272
9.81512e-06 2.82114e-05 91.4031 37.4331 22.0862
1.06937e-05 3.07368e-05 99.5851 0 16.8434
8.66971e-09 2.49192e-08 0.0807365 100.987 0
1.3806e-06 3.96822e-06 12.8568 99.8926 7.51592
180.012 0 0 2.77138 1.76146
1.06911e-05 3.07292e-05 99.5605 10.1236 13.5753
179.595 0 0 3.64358 12.1398
6.42346e-06 1.84628e-05 59.8183 51.9768 62.8175
8.48364e-06 2.43844e-05 79.0037 21.8618 59.0016
1.08443e-05 3.11696e-05 100.987 0 0
161.837 161.837 0 14.1349 0.012961
3.54383e-12 1.0186e-11 3.30018e-05 100.986 0.495213
1.0832e-05 3.11341e-05 100.872 0 4.83675
1.07164e-05 3.08021e-05 99.7966 0 15.6975
6.12918e-06 1.7617e-05 57.0779 82.7908 9.76602
29.0333 237.065 0 36.5121 13.9733
7.15657e-07 2.057e-06 6.66453 17.754 99.2416
7.96402e-06 2.28908e-05 74.1647 68.5434 0.0434191
5.71606e-07 1.64295e-06 5.32306 4.78051 100.747
9.28468e-06 2.66868e-05 86.4634 0 52.2416
3.42039e-12 9.83116e-12 3.18523e-05 97.4688 26.4619
1.60429e-06 4.61117e-06 14.9399 96.5576 25.5416
2.97333e-08 8.54618e-08 0.276891 100.987 0.00119609
9.99889e-06 2.87396e-05 93.1144 27.3071 28.0389
1.0833e-05 3.1137e-05 100.882 2.45705 4.01249
0.000118839 363.649 0 5.95263 49.2538
8.66971e-09 2.49192e-08 0.0807365 100.987 0
0.000119909 366.923 0 0.669947 0.227792
1.79975e-06 5.17297e-06 16.7601 93.0243 36.4043
2.83133e-12 8.13802e-12 2.63666e-05 80.6826 60.7366
179.807 0 0 7.05444 5.92215
3.16943e-06 9.10984e-06 29.5153 0 96.6677
160.083 0 0 65.7071 50.2288
1.2435e-06 3.57418e-06 11.5801 95.1217 31.9782
179.597 0 0 11.8743 4.33428
2.76919e-06 7.95942e-06 25.788 62.7496 75.0703
3.06856e-07 8.8199e-07 2.85759 10.2682 100.434
8.44433e-07 2.42714e-06 7.86376 4.79983 100.594
9.95739e-07 2.86203e-06 9.27279 1.3894 100.566
3.54375e-12 1.01857e-11 3.3001e-05 100.984 0.832106
28.4001 231.895 0 20.2735 60.7954
3.85628e-06 1.1084e-05 35.9115 93.8479 10.1
1.05303e-05 3.0267e-05 98.063 10.5899 22.2093
8.68285e-07 2.49569e-06 8.08588 100.665 0.00262711
3.52403e-12 1.0129e-11 3.28174e-05 100.422 10.8311
8.44947e-06 2.42862e-05 78.6855 59.3982 22.1344
3.53404e-12 1.01578e-11 3.29107e-05 100.707 7.56567
0.000119904 366.91 0 2.77525 1.39811
3.14709e-12 9.04561e-12 2.93072e-05 1.51734e-05 100.987
1.08341e-05 3.11401e-05 100.892 0.823911 4.41723
6.91463e-06 1.98746e-05 64.3923 29.566 71.9596
5.10323e-08 1.46681e-07 0.475237 0.72337 100.984
1.41393e-06 4.06403e-06 13.1672 74.3141 67.1423
167.955 0 0 0 64.9405
1.09836e-06 3.157e-06 10.2285 100.469 0.00182522
161.405 0 0 79.8348 4.52955
5.02719e-07 1.44496e-06 4.68156 34.2777 94.8942
0.000119007 364.166 0 2.37274 45.1534
29.3408 239.576 0 0.559025 17.4735
2.12069e-07 6.09546e-07 1.97489 100.968 0.344974
28.01 228.71 0 0.470405 75.3594
7.064e-07 2.03039e-06 6.57833 2.40295 100.75
1.87574e-06 5.39139e-06 17.4677 70.3322 70.5902
170.825 0 0 56.8654 0
1.00223e-06 2.88068e-06 9.3332 1.61724 100.555
180.033 0 0 0.64302 1.65746
8.36498e-06 2.40433e-05 77.8986 35.6352 53.5342
9.0301e-07 2.5955e-06 8.40925 100.638 0.0168522
3.36394e-06 9.6689e-06 31.3266 76.6176 58.2439
1.47203e-07 4.23102e-07 1.37082 0.76135 100.976
9.43526e-06 2.71196e-05 87.8656 49.555 4.97032
178.146 0 0 6.37132 25.2963
179.967 0 0 2.04384 4.79015
1.08443e-05 3.11696e-05 100.987 0 0.0340668
4.55416e-07 1.30899e-06 4.24105 3.39719 100.846
4.55416e-07 1.30899e-06 4.24105 3.39719 100.846
5.9732e-06 1.71686e-05 55.6252 80.8906 23.7328
8.66971e-09 2.49192e-08 0.0807365 100.987 0
1.08249e-05 3.11138e-05 100.807 2.59429 5.55847
1.01588e-05 2.91993e-05 94.6037 35.4919 0.668019
1.0307e-05 2.96251e-05 95.9835 0 31.4558
1.37565e-06 3.954e-06 12.8107 0 100.186
5.47287e-07 1.57305e-06 5.09659 1.5059 100.854
1.04043e-06 2.99049e-06 9.68897 5.05717 100.421
1.08354e-05 3.1144e-05 100.904 2.61276 3.22
0.000119908 366.921 0 1.21375 0.794414
1.08305e-05 3.11299e-05 100.859 5.1951 0
8.91041e-07 2.5611e-06 8.2978 100.486 5.77189
3.54375e-12 1.01857e-11 3.3001e-05 100.984 0.832106
7.14247e-06 2.05295e-05 66.5141 0.474136 75.9881
28.5249 232.914 0 54.7554 23.9378
180.034 0 0 1.37103 0.936155
26.4598 64.7072 69.9081 28.9369 61.6504
6.10851e-06 1.75576e-05 56.8853 80.152 24.3983
1.08443e-05 3.11696e-05 100.987 0.109368 0.134187
3.14091e-06 9.02785e-06 29.2496 87.2722 42.611
2.3144e-12 6.65224e-12 2.15528e-05 65.9521 76.4951
1.08341e-05 3.11401e-05 100.892 0.823911 4.41723
1.73365e-06 4.98301e-06 16.1446 97.6142 20.6818
179.471 0 0 0 14.3788
29.364 239.766 0 0 14.5858
6.55024e-06 1.88272e-05 60.999 70.2294 39.7646
169.683 0 0 9.07902 59.502
0.000119885 366.85 0 0 7.40443
0.000119907 366.917 0 1.77412 1.27145
29.2884 239.148 0 22.8783 0.00629581
1.0843e-05 3.11658e-05 100.975 1.52515 0.368793
1.08282e-05 3.11233e-05 100.838 4.63863 3.06469
4.86677e-07 1.39885e-06 4.53217 100.882 1.74422
3.14709e-12 9.04561e-12 2.93072e-05 1.51734e-05 100.987
1.04871e-05 3.01429e-05 97.6609 19.7587 16.5256
30.4708 74.5161 80.5054 23.6592 29.4757
4.90533e-07 1.40993e-06 4.56807 2.03706 100.867
151.199 0 0 65.89 72.8332
1.68285e-06 4.83699e-06 15.6715 96.4628 26.1175
1.08443e-05 3.11696e-05 100.987 0 0.0340668
4.81493e-07 1.38395e-06 4.48389 100.752 5.33016
0.000119893 366.875 0 0.281884 5.96419
3.28381e-07 9.43859e-07 3.05804 100.943 0.000598057
3.50914e-12 1.00863e-11 3.26788e-05 99.9979 14.1748
0.000119857 366.764 0 10.9191 0
177.599 0 0 20.4256 21.3879
1.07981e-05 3.10366e-05 100.557 8.06808 4.84191
1.07754e-05 3.09715e-05 100.346 11.1736 4.2155
0.000116535 356.601 0 86.3667 4.3364
2.17961e-07 6.26481e-07 2.02976 16.3028 99.6656
175.602 0 0 39.9223 0
1.10815e-07 3.18512e-07 1.03196 1.63204 100.969
1.88511e-07 5.41834e-07 1.75551 100.972 0
25.1332 61.4629 66.403 55.1001 44.4134
1.77266e-08 5.09513e-08 0.165079 15.5579 99.796
2.03428e-06 5.84708e-06 18.9441 3.89284 99.1598
28.6099 233.608 0 56.4291 1.08425
3.53996e-12 1.01748e-11 3.29658e-05 100.876 4.96503
4.0926e-06 1.17633e-05 38.1122 61.811 70.3558
29.7142 72.6658 78.5063 0.963508 40.9506
5.61924e-07 1.61513e-06 5.2329 100.08 12.744
8.27722e-06 2.3791e-05 77.0814 58.5463 28.9443
1.11508e-06 3.20505e-06 10.3841 3.72185 100.396
165.519 0 0 70.1132 12.152
2.60707e-06 7.49345e-06 24.2783 56.7924 80.0063
0.000119892 366.873 0 3.15153 5.22843
0.000119817 366.643 0 0.912721 14.7995
1.07549e-05 3.09125e-05 100.154 0.043421 13.0339
180.037 0 0 0.75198 0.899831
9.88385e-06 2.8409e-05 92.0431 10.9724 40.0932
1.25785e-06 3.61543e-06 11.7137 99.1341 15.6143
4.33926e-07 1.24722e-06 4.04092 100.908 0.00119508
179.883 0 0 3.23475 6.83126
0.000119734 366.389 0 19.931 1.17432
179.967 0 0 3.9247 3.38044
3.76097e-08 1.08101e-07 0.350239 0.286162 100.987
2.65491e-07 7.63096e-07 2.47238 100.937 2.04812
4.47551e-07 1.28639e-06 4.16781 100.902 0
2.58369e-06 7.42624e-06 24.0605 93.9084 29.0255
6.13302e-06 1.7628e-05 57.1136 81.9824 14.7691
157.871 0 0 18.2712 84.6225
2.74895e-06 7.90124e-06 25.5995 60.1743 77.0237
2.96086e-06 8.51034e-06 27.5729 17.4972 95.5707
5.14306e-06 1.47826e-05 47.8947 59.9271 65.6793
2.29575e-07 6.59862e-07 2.13791 2.24708 100.942
