2.461e-13 7.53073e-07 2.30442
3.52396 0 7.26478e-57
9.7037e-07 2.96935 0
0.712708 0.712305 5.52997e-38
1.00305 9.95384e-19 1.32933e-29
3.30023e-07 1.16127e-17 1.00988
3.30025e-07 2.19842e-18 1.00989
0.00124896 1.00694 8.33218e-30
0.00280837 1.00694 7.00459e-30
1.00305 9.95384e-19 1.32933e-29
0.711752 0.713017 1.73815e-33
0.137578 7.97305e-15 1.00058
0.242513 2.29639e-12 0.98024
0.247194 0.976418 4.05689e-33
0.372303 8.00188e-17 0.939216
0.714466 4.91928e-14 0.713277
0.977001 0.24521 6.91494e-36
0.708456 0.715941 1.46297e-27
0.710885 1.5615e-18 0.717876
1.00305 9.95384e-19 1.32933e-29
0.168419 0.992801 9.90377e-33
3.29064e-07 1.00694 9.57119e-30
1.00305 9.95384e-19 1.32933e-29
1.00305 9.95384e-19 1.32933e-29
0.451574 9.70312e-16 0.903794
0.84063 1.17509e-18 0.55936
0.320092 0.955006 1.64162e-26
0.0311393 1.00669 4.29557e-28
1.00305 9.95384e-19 1.32933e-29
0.453274 2.37066e-15 0.902432
0.00561148 1.00693 5.12126e-30
0.952073 0.327244 7.54433e-36
0.45365 0.899744 5.1735e-35
0.838294 0.557716 3.75554e-33
0.55687 1.58337e-18 0.842817
0.320371 1.02722e-12 0.957862
3.30024e-07 4.70218e-18 1.00988
0.00396697 1.00693 3.94012e-30
3.30024e-07 4.70218e-18 1.00988
3.30023e-07 1.16127e-17 1.00988
0.164368 6.9732e-14 0.996546
0.563053 0.835049 3.81516e-34
0.897509 2.15512e-15 0.461907
0.204161 0.98609 5.74875e-33
0.455084 0.898335 1.41626e-30
0.200527 1.15244e-16 0.990098
1.00305 9.95384e-19 1.32933e-29
0.90031 0.452022 3.24238e-31
0.00498899 1.00693 5.49082e-30
0.958459 2.07593e-18 0.318204
3.30024e-07 4.70218e-18 1.00988
1.00305 9.95384e-19 1.32933e-29
0.00396697 1.00693 3.94012e-30
3.30024e-07 4.70218e-18 1.00988
3.30024e-07 4.70218e-18 1.00988
0.0989533 1.00209 7.61962e-31
0.145195 0.996591 5.22485e-27
0.712865 1.14479e-18 0.715495
0.787049 0.628397 1.80789e-36
0.875413 1.24345e-13 0.502518
1.0006 0.10795 7.77919e-30
0.978808 9.87809e-17 0.24593
0.414824 1.04103e-14 0.921174
0.578788 1.14369e-17 0.827851
0.997189 5.45784e-17 0.155405
0.0653635 4.50681e-14 1.00786
0.247022 0.976611 2.08182e-33
0.230362 3.04013e-14 0.983508
0.123914 0.9993 9.23293e-32
0.850333 0.540378 5.39169e-33
0.201974 7.84948e-17 0.989886
0.183707 0.990137 3.0997e-31
0.144962 1.35547e-13 0.999549
0.380212 0.932724 3.93907e-33
0.592639 1.96714e-18 0.817901
0.934436 0.374538 9.81096e-34
0.0571119 1.00534 2.41131e-31
0.343918 0.946848 2.20511e-34
0.533461 0.854287 8.04433e-32
0.867805 0.511055 3.01477e-31
0.0758214 1.22214e-12 1.00707
0.37382 1.20702e-15 0.938407
0.532321 4.39347e-15 0.858141
0.824448 0.577567 1.71354e-30
0.580247 0.823248 5.5109e-27
0.993543 3.43186e-17 0.177759
0.100281 3.63722e-13 1.00497
0.238809 0.978333 1.03971e-31
0.0663684 1.00476 2.24148e-31
0.384112 0.930823 4.85099e-31
0.918647 0.412314 2.68135e-32
0.281767 1.91389e-15 0.970149
0.928524 2.57703e-16 0.395299
0.18042 1.38246e-12 0.993595
0.47899 8.75689e-18 0.889512
0.714367 8.94099e-19 0.714054
0.151387 4.62133e-12 0.998469
0.419221 0.915819 8.76751e-35
0.500846 4.81063e-16 0.876942
0.712865 1.14479e-18 0.715495
0.250424 3.80887e-15 0.978607
0.33941 2.5621e-12 0.951552
0.296527 8.63573e-16 0.965743
0.25023 0.975418 1.25986e-32
0.149006 0.99587 7.08865e-32
0.715347 0.709232 3.74578e-30
0.989647 0.184513 4.17861e-32
0.101611 1.00187 4.98266e-31
0.71165 0.713482 5.68727e-34
0.978027 0.237911 4.67393e-31
0.0370422 2.07641e-12 1.0093
0.299124 0.961676 3.00807e-34
0.973368 0.258683 4.14814e-34
0.0528241 5.65145e-14 1.00851
1.00305 9.95384e-19 1.32933e-29
0.858241 1.27513e-13 0.531596
0.3824 1.11721e-14 0.934967
0.937966 1.80548e-17 0.374692
0.243862 7.68407e-20 0.980578
0.505953 0.870946 9.72701e-31
0.710441 6.38793e-19 0.718799
0.0793897 1.00379 8.57656e-31
1.00305 9.95384e-19 1.32933e-29
0.709616 0.714385 1.62871e-32
0.734195 0.68926 2.2425e-35
0.119976 3.06439e-14 1.00278
0.995622 0.147763 1.33691e-29
0.0965601 6.15295e-14 1.00538
0.049701 1.00571 1.80785e-30
0.746572 1.32121e-15 0.679628
0.978808 9.87809e-17 0.24593
0.696741 0.727148 2.08812e-34
0.696148 5.68567e-17 0.731663
0.921905 0.40496 1.2595e-30
0.0871522 1.41109e-13 1.00618
0.0459793 2.51702e-13 1.00884
0.00498899 1.00693 5.49082e-30
1.00305 9.95384e-19 1.32933e-29
1.00305 9.95384e-19 1.32933e-29
0.988159 3.02723e-15 0.20496
3.29064e-07 1.00694 9.57119e-30
0.773816 1.53712e-18 0.649264
3.29064e-07 1.00694 9.57119e-30
0.925785 0.396151 2.71529e-31
3.29064e-07 1.00694 9.57119e-30
0.390671 0.928198 1.70099e-28
0.193465 0.988229 6.01167e-33
0.233684 0.979518 8.62015e-33
0.00249661 1.00694 7.25217e-30
0.980635 0.227247 1.77997e-30
0.517185 3.63956e-17 0.867598
0.926292 5.99129e-16 0.401302
1.00305 9.95384e-19 1.32933e-29
0.271107 0.969787 1.48697e-32
0.660407 0.760503 1.81763e-29
0.662251 1.68963e-17 0.762566
0.818392 2.40082e-19 0.59173
0.0743869 2.74043e-13 1.00714
0.160718 0.994105 5.90422e-32
0.00561148 1.00693 5.12126e-30
0.51986 0.862658 1.71749e-29
0.879578 0.489307 1.42165e-32
0.164255 0.993444 1.33254e-31
0.431842 0.909956 4.97619e-28
1.00305 9.95384e-19 1.32933e-29
0.670652 4.10319e-19 0.755384
0.0370422 2.07641e-12 1.0093
0.362834 3.89793e-14 0.942601
0.993022 0.16537 1.72666e-28
0.796398 8.44233e-20 0.621574
0.216241 3.85621e-15 0.986714
0.264329 3.79112e-13 0.974641
0.174434 0.991741 1.82148e-30
0.332804 4.15476e-14 0.953427
0.835604 0.561361 3.47601e-29
3.30024e-07 4.70218e-18 1.00988
0.864558 0.516577 1.6421e-31
0.486027 0.882441 2.03316e-32
0.455026 1.8608e-16 0.901966
0.397637 5.50412e-14 0.928726
0.115844 5.64092e-13 1.00328
1.00305 9.95384e-19 1.32933e-29
0.34197 4.2577e-13 0.950292
0.619713 4.7695e-18 0.797512
0.753014 0.668357 4.75577e-33
0.175339 1.64336e-15 0.994709
0.281112 1.25187e-12 0.969815
1.00239 0.0903016 2.07664e-30
0.0587067 4.33364e-15 1.00829
0.62956 0.786228 1.04497e-26
0.195486 0.987756 5.67887e-30
0.267257 0.97113 1.65356e-32
0.180061 0.990783 1.01127e-31
0.493592 0.878251 1.79927e-35
0.0681811 3.72806e-14 1.00757
0.449732 2.95755e-16 0.904348
0.362041 0.939913 9.30532e-33
0.753058 9.99485e-19 0.67327
0.491967 0.878955 9.44967e-25
0.198703 5.67697e-13 0.990186
3.30024e-07 4.70218e-18 1.00988
0.227584 6.20422e-14 0.984005
0.323284 0.954127 2.12663e-33
1.00305 9.95384e-19 1.32933e-29
0.791483 0.621992 9.42602e-32
0.131582 0.998311 8.21661e-32
0.447845 6.51661e-17 0.905465
0.94329 9.13162e-17 0.359284
0.630182 1.01096e-17 0.789255
0.508919 0.86904 7.80899e-31
0.962863 0.294222 1.36206e-30
0.540703 1.90954e-18 0.853398
0.150943 1.65784e-14 0.998621
0.585464 1.73565e-17 0.823107
1.00305 9.95384e-19 1.32933e-29
0.806428 3.23028e-16 0.607673
0.406969 0.921248 1.19413e-27
0.425505 0.913435 1.23002e-34
0.455084 0.898335 1.41626e-30
0.508902 9.96907e-17 0.872754
0.601882 2.48093e-17 0.810979
0.6433 1.79859e-17 0.778677
0.161847 3.29417e-12 0.996785
0.983307 0.216871 2.27453e-28
0.460829 3.64604e-15 0.898321
0.892642 0.465065 1.76812e-31
1.00082 0.10684 2.23846e-31
0.133427 0.998088 7.06293e-32
3.29064e-07 1.00694 9.57119e-30
0.759991 5.09085e-16 0.664875
0.99358 1.27857e-15 0.177214
0.319281 1.77283e-16 0.958304
1.00305 9.95384e-19 1.32933e-29
1.00305 9.95384e-19 1.32933e-29
0.995305 0.150353 9.16124e-23
0.483499 4.89589e-17 0.886843
0.947198 0.343278 1.71098e-29
0.918647 0.412314 2.68135e-32
3.29064e-07 1.00694 9.57119e-30
0.973265 1.51039e-18 0.269414
0.385747 4.88263e-16 0.933719
0.128916 7.20868e-14 1.00175
0.967536 2.16793e-18 0.289524
3.30024e-07 4.70218e-18 1.00988
0.145594 6.45143e-16 0.99952
0.401942 1.1128e-14 0.926477
0.0793897 1.00379 8.57656e-31
1.00031 6.7619e-15 0.135541
0.216047 0.98358 1.88675e-31
0.208276 1.43218e-13 0.988131
0.292547 0.963968 4.06786e-33
3.30024e-07 4.70218e-18 1.00988
0.289026 1.08927e-13 0.967772
0.210754 7.4509e-15 0.987859
0.11436 1.00046 2.16245e-31
0.572928 0.828267 1.94468e-32
0.769015 0.649939 1.26371e-28
0.393271 0.927129 9.92225e-33
0.905485 3.95079e-16 0.447138
0.90031 0.452022 3.24238e-31
1.00305 9.95384e-19 1.32933e-29
0.218748 0.982987 1.89263e-33
0.910968 0.429049 2.47608e-34
0.304996 4.24139e-14 0.962984
0.904096 2.28315e-19 0.449575
0.0642959 1.00492 1.15556e-30
0.00498899 1.00693 5.49082e-30
0.544448 0.847517 3.15702e-30
0.0965601 6.15295e-14 1.00538
0.20863 0.985034 6.23071e-30
0.65543 3.83897e-18 0.768387
0.785762 0.63032 2.63787e-30
0.269909 0.970075 1.61737e-28
0.411399 1.5321e-14 0.922609
0.86382 5.25827e-15 0.522868
0.321994 0.954302 8.9624e-33
0.0485871 1.0058 3.71089e-30
0.618535 0.794733 2.47604e-30
0.67119 0.75081 5.97705e-30
0.969949 0.269913 6.97109e-31
0.854454 5.8251e-14 0.537588
0.966902 0.28123 6.86186e-33
0.0789093 1.00383 6.38796e-31
0.297614 1.92895e-14 0.96547
0.896504 0.459759 1.23881e-38
0.0968968 1.00225 3.91615e-29
0.100365 1.00195 2.40368e-31
0.882739 1.15117e-18 0.49016
0.587276 0.818187 9.00462e-25
0.231082 0.98029 3.1939e-32
0.804227 0.605777 4.16657e-28
0.0490815 4.21837e-13 1.0087
0.609743 0.802259 1.17428e-31
0.304238 0.960077 1.69021e-33
3.30025e-07 2.19842e-18 1.00989
0.277192 6.22483e-12 0.971536
0.0846831 2.8041e-13 1.0063
0.319281 1.77283e-16 0.958304
0.563453 0.83494 6.0793e-30
0.151387 4.62133e-12 0.998469
