0 0 658.543 0 0
0 0 0 194.558 594.84
0 0 0 0 904.534
0 0 0 0 760.663
39.3755 67.4422 208.273 264.066 0
0.62563 0.62563 0 0.629714 0.654515
0.608844 0.608844 0 0 1.31917
0.459273 0.459273 0 1.60665 0.0105002
0.0082829 0.0082829 0 2.51414 0.00455697
0 0 0 1.44005 1.0959
0.00271414 0.00271414 0 0.153272 2.37686
1.20662 1.20662 0 0.045838 0.0770211
0.0491956 0.0491956 0 2.35551 0.0832259
0 0 75.3764 0 0.125819
0.00633269 0.00633269 0 2.39504 0.127405
0.0893428 0.0893428 0 0.0695787 2.29318
0.354247 0.354247 0 0.0919416 1.73748
0.0492734 0.0492734 0 0.171167 2.26574
0.610395 0.610395 0 1.04858 0.273494
0.565352 0.565352 0 1.19269 0.212038
0.0412594 0.0412594 0 2.34196 0.110781
0.00511834 0.00511834 0 2.51793 0.00723375
1.25383 1.25383 0 0.0178208 0.0105885
0.0236096 0.0236096 0 0.0206516 2.46887
0.139689 0.139689 0 2.12574 0.13038
0.00296165 0.00296165 0 0.282978 2.24689
0.020863 0.020863 0 0.0277725 2.46799
0.0179919 0.0179919 0 2.48639 0.013664
0.749936 0.749936 0 0.622358 0.419223
0 0 74.323 0 1.17121
0.654771 0.654771 0 0.54414 0.684799
0.0107328 0.0107328 0 1.71138 0.802973
0.0192207 0.0192207 0 1.51917 0.978538
0.116936 0.116936 0 0.114148 2.18906
0.75494 0.75494 0 0.909858 0.1154
0 0 75.4649 0 0.028775
0.385099 0.385099 0 0.976392 0.788559
0.289041 0.289041 0 1.08492 0.872668
0.0442369 0.0442369 0 2.42904 0.0177683
0.600826 0.600826 0 0.392529 0.943555
1.19347 1.19347 0 0.102916 0.0453433
0.0597793 0.0597793 0 0.241739 2.17489
0.778818 0.778818 0 0.266414 0.711579
0.0854014 0.0854014 0 0.469365 1.89549
0.256501 0.256501 0 0.631243 1.39093
0.42473 0.42473 0 0.140827 1.5503
0.15697 0.15697 0 1.84368 0.377648
0.418562 0.418562 0 0.173896 1.52412
0.752234 0.752234 0 0.729142 0.302924
0.223935 0.223935 0 0.28692 1.80036
0 0 0 2.24075 0.295159
0.151384 0.151384 0 2.04765 0.185652
0.668859 0.668859 0 0.687409 0.514446
0 0 75.1581 0 0.335927
0.0108542 0.0108542 0 0.211188 2.30232
0.371875 0.371875 0 1.4336 0.358162
0.0312914 0.0312914 0 0.0788686 2.39486
0.277717 0.277717 0 1.69734 0.282335
0.0557223 0.0557223 0 2.32412 0.0995884
0.671742 0.671742 0 0.599146 0.593011
0 0 74.8181 0.68069 0
0.691144 0.691144 0 0.219234 0.933884
0.175405 0.175405 0 0.479296 1.709
0 138.625 0 0.561059 0.0850556
0.0336775 0.0336775 0 2.33568 0.133546
0.979099 0.979099 0 0.258065 0.320916
1.23469 1.23469 0 0.0506429 0.0160963
0.0749907 0.0749907 0 0.0653446 2.32126
0.00346687 0.00346687 0 0 2.5285
0.377218 0.377218 0 1.05376 0.72713
0.0603535 0.0603535 0 0.0466029 2.3704
0.013981 0.013981 0 1.87889 0.628854
0.569285 0.569285 0 0.658013 0.739765
0.784132 0.784132 0 0.687319 0.286272
0.0606963 0.0606963 0 2.33796 0.0765726
0.348328 0.348328 0 1.77708 0.0659673
0 138.648 0 0 0.621911
0.66227 0.66227 0 0.478155 0.732952
0.0105723 0.0105723 0 2.50142 0.0126917
0.0809771 0.0809771 0 0.273573 2.10306
0.0542343 0.0542343 0 2.32459 0.102191
0.301168 0.301168 0 1.84927 0.0834819
0.0182074 0.0182074 0 0.0594823 2.43976
0.049344 0.049344 0 2.09041 0.346582
0.397712 0.397712 0 1.05596 0.683971
0 0 75.3976 0 0.101947
0.13257 0.13257 0 1.44063 0.829535
1.15067 1.15067 0 0.0990764 0.138431
0.413645 0.413645 0 0.766879 0.94194
0.192647 0.192647 0 0.0679586 2.0822
0.132314 0.132314 0 1.9798 0.293192
0.0550771 0.0550771 0 2.19331 0.23266
0.171798 0.171798 0 2.14066 0.0509672
0.00620349 0.00620349 0 1.9266 0.59619
0.668891 0.668891 0 0.293212 0.904113
0.981832 0.981832 0 0.309997 0.263091
0.227727 0.227727 0 1.89288 0.186899
0.0515189 0.0515189 0 0.0106505 2.42209
1.15877 1.15877 0 0.044314 0.173241
0.40979 0.40979 0 1.44522 0.271826
0.0239907 0.0239907 0 0.0477516 2.43937
0.0758437 0.0758437 0 0.114034 2.27092
0.0082829 0.0082829 0 2.51414 0.00455697
0.611924 0.611924 0 0.279772 1.03473
0.334685 0.334685 0 0.419783 1.44607
0.148213 0.148213 0 0.0848664 2.15507
0.659818 0.659818 0 0.965435 0.252493
1.01356 1.01356 0 0.101306 0.406653
0 0 75.0208 0.472892 0
0.815103 0.815103 0 0.445576 0.460766
0.43889 0.43889 0 1.26885 0.388942
0.877025 0.877025 0 0.286656 0.494466
0.131641 0.131641 0 0.188326 2.08634
0.390009 0.390009 0 0.937693 0.823484
0 0 75.44 0.0338039 0.0221892
0.0532622 0.0532622 0 0.204242 2.22438
0.0412594 0.0412594 0 2.34196 0.110781
0 0 75.3098 0.134756 0.0494927
0.00719176 0.00719176 0 2.50876 0.0124098
0.00696194 0.00696194 0 2.4608 0.0735741
0.244377 0.244377 0 0.111293 1.93509
0.0738862 0.0738862 0 0.140917 2.24659
1.10951 1.10951 0 0.253503 0.0625759
0.449815 0.449815 0 0.350066 1.28671
0.0930746 0.0930746 0 2.14089 0.208247
0.524289 0.524289 0 0.376659 1.11004
0.00372272 0.00372272 0 2.51763 0.0106443
0.367597 0.367597 0 0.563553 1.23635
0.542019 0.542019 0 1.03447 0.416577
0.0564074 0.0564074 0 1.55367 0.870712
0.341795 0.341795 0 1.14993 0.702492
0.382066 0.382066 0 0.671488 1.09947
0.260089 0.260089 0 1.95727 0.0584242
0.0408051 0.0408051 0 0.450499 2.00343
0.85484 0.85484 0 0.587736 0.237698
0.0842313 0.0842313 0 2.31499 0.0519085
0.19875 0.19875 0 0.998043 1.14268
0.11195 0.11195 0 0.0301909 2.2817
0.846377 0.846377 0 0.324187 0.520957
0.621908 0.621908 0 0.767409 0.523893
0.288007 0.288007 0 0.34168 1.61741
0 0 0 2.52876 0.00653513
0.35433 0.35433 0 1.6803 0.146615
0.397712 0.397712 0 1.05596 0.683971
0.254716 0.254716 0 0.93896 1.10108
0.49077 0.49077 0 0.401501 1.15218
0.376314 0.376314 0 0.812382 0.970081
0.462725 0.462725 0 0.467268 1.14961
0 0 75.4892 0 0.0108167
1.21483 1.21483 0 0.0980398 0.0110796
0.014224 0.014224 0 2.49556 0.0132147
0.150323 0.150323 0 0.235883 2.00007
0.0416454 0.0416454 0 0.0238334 2.42822
0.35008 0.35008 0 1.62197 0.213764
0.890101 0.890101 0 0.532676 0.232267
0.46403 0.46403 0 0.251884 1.35514
0.0677349 0.0677349 0 2.31828 0.0813462
0.0357958 0.0357958 0 0.111364 2.35216
0.0162835 0.0162835 0 0.0279935 2.47497
0.259277 0.259277 0 1.5923 0.42486
0.153829 0.153829 0 1.76012 0.467311
0.000919781 0.000919781 0 2.52992 0.00340887
0.541647 0.541647 0 0.710241 0.743871
0.876925 0.876925 0 0.299315 0.485064
0.493338 0.493338 0 0.432008 1.12043
0.00048513 0.00048513 0 2.53095 0.00417339
0 138.962 0 0.312598 0
0.717595 0.717595 0 0.793545 0.306428
0.0251679 0.0251679 0 1.41817 1.06754
1.05208 1.05208 0 0.239134 0.192834
0.304687 0.304687 0 0.00117091 1.92466
0.7151 0.7151 0 0.618564 0.487766
0.00484301 0.00484301 0 1.8889 0.638653
0.619382 0.619382 0 0.877003 0.420068
0.3892 0.3892 0 0.798795 0.962356
0.0547943 0.0547943 0 0.215815 2.21082
0.0443054 0.0443054 0 0.121924 2.32755
0.0182693 0.0182693 0 0.0731086 2.4259
0.0105723 0.0105723 0 2.50142 0.0126917
0.650773 0.650773 0 0.314263 0.919409
0.188592 0.188592 0 1.87504 0.283014
0.231556 0.231556 0 0.689145 1.39505
0.191558 0.191558 0 2.1146 0.0394251
0.00441228 0.00441228 0 2.28833 0.239801
0.438906 0.438906 0 1.1897 0.467829
0.0302944 0.0302944 0 2.3216 0.162479
0.398715 0.398715 0 1.06648 0.672115
0.000669188 0.000669188 0 0.000861997 2.53342
0.562506 0.562506 0 0.324572 1.08554
0.569593 0.569593 0 0.416277 0.980305
0.0144216 0.0144216 0 0.0176635 2.48877
0.390009 0.390009 0 0.937693 0.823484
0.0495389 0.0495389 0 0.174624 2.26153
0.108756 0.108756 0 2.27257 0.0483175
0.436863 0.436863 0 1.54105 0.120533
0.16961 0.16961 0 0.586885 1.6098
0.384904 0.384904 0 0.410003 1.3632
1.14562 1.14562 0 0.0782316 0.166918
0.0271848 0.0271848 0 2.46942 0.0115291
0.83847 0.83847 0 0.018863 0.843435
0.0544467 0.0544467 0 0.0635485 2.36403
0.393961 0.393961 0 0.873618 0.88071
0.99486 0.99486 0 0.446698 0.0996215
0.0781127 0.0781127 0 0.0423846 2.33697
0.776035 0.776035 0 0.398608 0.584937
0.282305 0.282305 0 0.786954 1.1836
0.00651764 0.00651764 0 2.51834 0.00382425
0.447734 0.447734 0 0.929229 0.717126
0.0977444 0.0977444 0 0.0217429 2.31909
0.0175887 0.0175887 0 2.25451 0.245468
0.370456 0.370456 0 0.580209 1.21463
0.523283 0.523283 0 0.5554 0.933551
0 0 75.44 0.0338039 0.0221892
0.0751737 0.0751737 0 0.0726756 2.31262
0.0193781 0.0193781 0 0.0834984 2.41398
0.6408 0.6408 0 0.97287 0.283676
0.0028385 0.0028385 0 2.52946 0
0.316105 0.316105 0 0.621922 1.28158
0.0166772 0.0166772 0 2.42568 0.0769575
0.135698 0.135698 0 0.0350576 2.22961
0.00933553 0.00933553 0 0.00648409 2.51058
0.123626 0.123626 0 0.0341689 2.25431
0.163426 0.163426 0 0.119144 2.08933
0.756334 0.756334 0 0.470462 0.552413
0.905902 0.905902 0 0.399315 0.324666
0.6297 0.6297 0 1.03708 0.240711
0.113169 0.113169 0 2.16344 0.145357
0.176886 0.176886 0 2.18378 0
0.0712543 0.0712543 0 0.0569846 2.33561
0.531076 0.531076 0 1.05979 0.417544
0.434571 0.434571 0 1.02158 0.644423
0.582896 0.582896 0 0.453469 0.91604
0.268975 0.268975 0 1.51989 0.477252
0 0 75.3258 0.0942988 0.0742393
0.129073 0.129073 0 1.52582 0.751413
0.053512 0.053512 0 1.13068 1.3004
0.847021 0.847021 0 0.209595 0.631505
0.395952 0.395952 0 1.43828 0.307979
0.61523 0.61523 0 0.104356 1.20116
0.962115 0.962115 0 0.214508 0.39657
0.397693 0.397693 0 1.11347 0.628603
0.439941 0.439941 0 0.240725 1.41452
0.653969 0.653969 0 0.251916 0.976474
0.966132 0.966132 0 0.362545 0.240357
1.13872 1.13872 0 0.238509 0.0192663
0 0 74.3627 1.08342 0.0486764
1.21843 1.21843 0 0.0665133 0.0319455
0.264359 0.264359 0 1.98084 0.026447
0 0 0 0 2.53508
0.167095 0.167095 0 1.20337 0.998045
0.770728 0.770728 0 0.435211 0.56051
0.037805 0.037805 0 0.0460418 2.41505
0.440233 0.440233 0 0.790526 0.864455
0.405619 0.405619 0 1.35317 0.372257
0 0 75.4649 0 0.028775
0.0248929 0.0248929 0 2.33781 0.147887
0.137845 0.137845 0 0.111761 2.1488
0.00489595 0.00489595 0 2.513 0.0129436
0.0628447 0.0628447 0 2.11786 0.299578
0.149971 0.149971 0 1.32034 0.914949
1.08168 1.08168 0 0.170419 0.202874
0.79661 0.79661 0 0.599231 0.34274
0.429624 0.429624 0 1.20789 0.468228
0.208103 0.208103 0 2.02472 0.0945077
0.0680933 0.0680933 0 0.332234 2.0667
0.61259 0.61259 0 1.11307 0.198916
0.0759896 0.0759896 0 0.0281159 2.35537
0.0200184 0.0200184 0 2.47904 0.0169341
0.780182 0.780182 0 0.537063 0.439836
0.0576036 0.0576036 0 0.31738 2.10799
0.134737 0.134737 0 0.0869275 2.18306
0.624682 0.624682 0 1.18992 0.0986063
0 0 0 2.4141 0.121544
0.289119 0.289119 0 0.914475 1.04735
0.835472 0.835472 0 0.216719 0.647454
0.141176 0.141176 0 2.00922 0.245272
0.327336 0.327336 0 1.27141 0.609248
0.0520731 0.0520731 0 0.0797084 2.35155
0.243419 0.243419 0 1.71411 0.334167
0.667218 0.667218 0 0.496426 0.70497
1.09147 1.09147 0 0.133563 0.219619
0.7519 0.7519 0 0.218305 0.813377
0.482417 0.482417 0 0.527018 1.04698
0.84005 0.84005 0 0.414677 0.440546
0.503834 0.503834 0 0.333599 1.19453
0.212401 0.212401 0 1.81578 0.296659
0.0250283 0.0250283 0 2.47573 0.00989839
0.446194 0.446194 0 0.687075 0.95628
0.636665 0.636665 0 0.82662 0.435211
0.947889 0.947889 0 0.362515 0.279905
0.122852 0.122852 0 0.00923377 2.28021
0.0812856 0.0812856 0 2.32613 0.0467565
0.010329 0.010329 0 2.50677 0.00782623
0.15381 0.15381 0 1.69834 0.529326
0.745636 0.745636 0 0.876174 0.167675
0.296144 0.296144 0 0.453518 1.49107
0.182235 0.182235 0 0.95689 1.22473
0.510247 0.510247 0 0.239736 1.27486
0.562668 0.562668 0 0.670817 0.739598
0.0103609 0.0103609 0 0.0574511 2.45746
