0.0457628 0.783622 13.4413
0.784119 0.0388712 15.8367
4.87764 0.772542 0.782172
2.61449 2.61328 3.36678
4.80653 0.76128 1.14791
0.36476 0.691915 4.93844
0.692959 0.362773 4.93844
0.761174 4.80586 1.15081
0.707113 4.46453 2.13729
4.47109 0.708151 2.12317
3.42826 3.40916 1.27463
0.476618 3.00924 3.9645
1.0178 1.01863 4.78816
1.15794 4.47473 1.90683
1.22811 3.0048 3.80301
3.07382 0.486845 3.91339
4.48284 1.14941 1.89288
3.20073 3.23154 2.07664
3.0224 1.23253 3.7876
4.86147 0.769981 0.879354
0.65363 4.0502 2.85809
0.752268 4.74963 1.36936
4.65973 0.738028 1.65598
2.81278 0.4455 4.10972
1.70796 2.25137 4.12482
3.5112 1.75757 3.09555
1.50191 4.46581 1.67357
0.770185 4.86275 0.872072
4.03946 0.639788 2.87636
1.92385 0.655473 4.56828
0.766642 4.84038 0.991467
4.44499 1.54123 1.69312
1.77672 3.49033 3.1082
3.57358 2.38016 2.5621
2.25034 1.68006 4.13683
1.35591 0.826954 4.74106
0.608262 0.491745 4.93844
0.6344 4.00543 2.92473
0.744957 0.2384 4.93844
0.492906 0.607322 4.93844
0.648109 1.87855 4.58814
2.38447 3.56497 2.57007
4.05133 0.690569 2.84778
0.904903 4.35464 2.28435
2.17216 4.25219 1.48344
0.824069 1.35294 4.74241
4.75278 0.752767 1.35809
4.26029 2.14829 1.49492
0.737125 4.65401 1.67237
4.38517 0.903544 2.22574
0.236596 0.745532 4.93844
4.84002 0.766584 0.993256
0.444316 2.80529 4.11496
0.771997 0.125764 4.93844
0.129521 0.771375 4.93844
0.757589 4.78322 1.24374
0.764575 4.82732 1.05469
2.82834 2.05098 3.57687
3.85151 3.06758 0.869357
3.88079 0.990585 2.99302
4.78498 0.757866 1.23678
3.447 0.545952 3.58052
1.6672 1.66871 4.40861
2.21679 2.21532 3.89592
4.26253 0.675119 2.52488
0.424829 0.656747 4.93844
1.21792 4.74533 0.999262
1.00007 0.190488 4.89526
0.701282 4.42771 2.2144
3.80829 2.41786 2.15659
0.666032 3.00892 3.93736
0.901624 4.6935 1.46907
0.628973 0.793991 4.89632
1.69769 4.20862 2.0989
2.05794 2.8138 3.58433
4.21719 1.70488 2.07574
0.674998 4.26176 2.52621
1.34384 3.67974 3.10702
2.3995 3.82673 2.14443
4.01815 2.36979 1.79961
0.554099 0.55206 4.93844
1.55667 1.18979 4.60013
2.21437 1.27764 4.297
3.24217 2.28724 3.04251
2.29868 3.23543 3.04107
4.6541 0.737137 1.67212
0.658226 0.422533 4.93844
1.16368 4.68179 1.31406
0.723446 4.56765 1.90084
1.86082 4.46971 1.24863
3.92785 1.75082 2.55081
0.891129 3.0149 3.88796
3.87826 0.614256 3.09545
0.770012 0.618322 4.90151
1.59914 2.94146 3.71356
2.95578 1.6074 3.6986
0.727325 0.287739 4.93844
1.80853 3.89087 2.56718
2.12047 0.924644 4.43268
2.25499 0.357155 4.44831
1.07687 0.504733 4.8565
1.28688 2.21795 4.29239
1.20517 1.55293 4.59739
0.975045 3.83602 3.0552
0.736517 4.65018 1.68326
3.10498 3.05136 2.45932
4.69163 0.900391 1.47577
0.613038 3.87056 3.1053
3.30987 3.32032 1.7379
4.67964 1.17214 1.31417
0.192226 1.21367 4.84665
1.31842 4.15594 2.44743
4.72654 1.28218 1.0079
0.290504 0.726225 4.93844
4.71387 0.746603 1.49064
3.72123 1.3398 3.05898
1.62899 0.397116 4.71049
4.16972 1.29808 2.43483
0.943131 2.06498 4.45493
2.34636 4.03021 1.80333
3.04865 0.920495 3.85466
0.745718 4.70827 1.50867
4.57171 0.724088 1.8908
2.89301 2.91373 2.85319
3.55787 3.34084 1.08644
0.519567 1.04062 4.86283
4.82823 0.764716 1.05045
0.372703 1.53784 4.74301
0.537543 3.3939 3.63214
1.2876 0.203935 4.82706
4.43668 0.702701 2.19592
3.29734 3.44686 1.4989
3.03647 0.53913 3.93563
4.42709 1.9593 1.2498
0.355379 2.24377 4.45412
0.221745 1.02014 4.8898
0.771712 4.87239 0.81504
4.60909 0.730008 1.79537
4.85455 0.768886 0.917671
3.82928 0.606498 3.15734
0.669676 4.22816 2.58345
3.34808 1.0203 3.57063
0.586429 3.70256 3.30865
4.36397 1.88361 1.5517
0.758766 4.79065 1.21407
1.8648 4.37623 1.53984
0.840339 4.27204 2.45835
0.864965 3.66525 3.28904
0.76324 4.8189 1.09348
4.67537 1.1151 1.37748
2.04714 1.86753 4.16191
4.20776 0.76823 2.58931
4.35179 0.689256 2.36365
1.27012 4.47251 1.83941
2.93407 3.37314 2.23902
2.6777 1.78744 3.82557
3.54259 1.19938 3.31836
0.513015 0.590433 4.93844
0.605438 3.82257 3.16565
0.765032 4.83021 1.04105
2.16983 3.58821 2.72335
3.88285 2.17871 2.27523
0.775725 4.70419 1.50626
2.08049 4.39216 1.17494
4.77714 0.756624 1.26747
2.55746 2.29454 3.63242
0.781993 0.0632726 9.69627
1.40023 2.00051 4.36318
4.70565 0.788734 1.49491
3.20508 2.03078 3.25629
0.776693 2.66403 4.15929
1.11676 0.948052 4.78059
0.855614 4.81685 1.0324
1.41655 0.460964 4.77293
3.92509 2.64263 1.61561
0.730265 0.280195 4.93844
3.5921 2.15054 2.73349
1.97239 3.54807 2.91906
1.94768 0.383599 4.58905
1.39187 2.72567 3.95391
0.684764 0.378014 4.93844
4.67716 0.74079 1.60479
1.41221 1.30212 4.61629
2.43651 1.99808 3.88215
2.9345 2.6022 3.10117
0.715005 1.67445 4.65671
1.20403 0.483416 4.82873
4.7652 0.754733 1.31273
0.338004 0.705372 4.93844
2.31652 2.90366 3.34701
0.953331 4.70265 1.4058
1.08667 3.97666 2.82936
0.753846 4.17872 2.64008
2.41702 4.26628 0.978205
0.46971 0.625435 4.93844
1.86681 1.01487 4.52604
1.49016 3.80556 2.88047
2.90425 2.31429 3.34804
2.18351 3.88131 2.27327
0.851875 0.579516 4.8927
0.57348 0.531899 4.93844
0.951577 1.1065 4.78228
1.41232 4.19393 2.32729
4.63098 0.733475 1.73668
3.24755 2.54844 2.82115
0.728157 4.5974 1.82585
1.82271 1.52305 4.39978
4.29948 0.83466 2.41201
2.28939 2.56301 3.63175
1.80856 3.10039 3.4809
4.47484 1.39413 1.74133
2.00151 2.42823 3.88557
0.593719 2.08832 4.50404
2.46277 1.16612 4.19224
4.54843 0.7204 1.94752
3.38937 1.57717 3.32035
1.86599 4.19607 1.97764
1.56942 3.38238 3.33113
2.10456 4.1219 1.89229
1.80892 2.67574 3.81683
2.47872 1.53397 4.06238
2.73335 1.00318 4.06478
0.687504 0.647925 4.90994
4.7716 1.07692 1.03543
1.2876 0.203935 4.82706
4.10166 2.13712 1.89976
4.80102 0.760407 1.1713
0.716787 4.52561 2.00127
0.727906 4.59581 1.82994
3.10464 1.81211 3.47527
4.08157 0.646457 2.81476
1.10352 2.45783 4.21204
3.38071 0.535451 3.64474
4.81922 0.763289 1.09202
4.69591 0.743759 1.54765
1.87369 2.04658 4.15942
4.22953 1.53089 2.18344
4.18844 1.88842 1.97253
0.75594 4.77281 1.28407
4.46275 1.04492 1.99799
1.51731 1.83213 4.39785
0.70863 0.331119 4.93844
4.43653 0.954977 2.09887
0.408845 0.666815 4.93844
0.53807 2.53327 4.27704
1.70071 0.719208 4.64654
0.750371 4.73765 1.41126
4.39584 0.696232 2.27857
0.98911 4.4118 2.13488
0.908375 0.143872 4.91469
1.37891 4.47348 1.75686
0.0634356 0.781975 9.67112
1.22209 0.881106 4.76762
0.885004 1.22696 4.76564
0.681527 4.30299 2.45353
2.76307 4.00583 1.14835
3.53716 3.0041 1.86114
1.64839 3.85399 2.72573
4.0301 1.10215 2.74656
3.91831 1.97239 2.39927
4.69757 0.744021 1.5425
0.77741 3.42756 3.55632
4.43234 2.10882 0.952504
1.2876 0.203935 4.82706
3.88732 1.62444 2.69257
0.711647 4.49315 2.07488
0.769059 4.85564 0.911766
2.052 3.18108 3.2665
0.627792 0.466554 4.93844
0.996976 4.71017 1.34921
2.73893 1.39148 3.94488
3.69303 2.97527 1.58407
1.31312 4.6528 1.27559
1.71367 1.1112 4.56383
3.5637 1.95672 2.91055
1.18319 3.52868 3.33894
0.59839 3.77808 3.21995
2.51893 3.25509 2.8389
2.60347 2.91641 3.11713
4.48459 1.25876 1.81768
3.81684 0.6506 3.16362
4.63737 1.34393 1.29949
0.739957 4.67189 1.62045
1.05414 2.70323 4.07202
4.32852 2.20934 1.17588
0.754386 4.763 1.32089
0.555789 3.50911 3.51814
3.81428 1.47723 2.8756
2.66073 3.71444 2.03063
1.07397 4.44825 2.01486
3.52542 2.65252 2.35277
0.247399 0.742017 4.93844
2.66051 3.48483 2.40368
1.03901 3.31688 3.59427
0.533992 0.571532 4.93844
1.10742 1.69626 4.57125
0.349367 2.20581 4.47352
1.30479 1.42857 4.6105
2.64451 3.90603 1.65817
0.661846 0.705225 4.90557
