0.00299435 0.0189056 0.120853 0.772544 4.93844
0.0189056 0.00299435 0.120853 0.772544 4.93844
0.0189056 0.119365 0.0191412 0.772544 4.93844
0.753638 0.119365 0.120852 0.122359 4.93844
0.256017 0.256593 0.361205 0.499324 0.729032
0.31991 0.325933 0.3638 0.444921 0.996523
0.114874 0.725282 0.116305 0.242978 4.93844
0.119365 0.753638 0.120852 4.87764 0.782172
0.0703028 0.21611 0.698585 2.25821 0.772514
0.0189056 0.119365 0.0191412 0.772544 4.93844
0.119056 0.0188565 0.0210233 0.772544 4.93844
0.238572 0.296007 0.484785 0.411432 1.10925
0.196343 0.0558805 0.717274 2.62032 0.775373
0.102791 0.230903 0.673849 0.269943 2.04929
0.0616278 0.103959 0.763033 4.87764 0.782172
0.229996 0.0592599 0.714061 0.193892 3.01604
0.351784 0.586282 0.279569 0.229679 2.48784
0.160598 0.0565002 0.702218 0.288465 3.20908
0.240251 0.231731 0.384991 0.509549 0.834119
0.499836 0.490079 0.177395 2.87363 1.18212
0.0626781 0.204847 0.700129 2.39291 0.85693
0.751995 0.119104 0.130929 4.87764 0.782172
0.335719 0.348476 0.335743 0.445028 1.06497
0.728517 0.115386 0.116824 0.232589 4.93844
0.179938 0.707596 0.17814 3.08019 0.847559
0.067812 0.0693542 0.0774998 0.772159 4.86394
0.113038 0.712157 0.148427 0.264195 4.92773
0.094054 0.0758896 0.763033 4.87764 0.782172
0.215357 0.279688 0.458439 0.44551 0.948377
0.14119 0.164008 0.707761 0.2263 2.53109
0.202755 0.277195 0.507437 0.414695 1.09319
0.140063 0.0413615 0.163721 0.742933 2.62321
0.0493431 0.169034 0.132843 0.755631 2.65089
0.37135 0.448539 0.14777 0.493287 3.06323
0.250441 0.264453 0.379625 0.484372 0.777206
0.316993 0.384687 0.494803 0.300965 1.7832
0.167619 0.240896 0.413508 0.5361 1.0605
0.192004 0.131651 0.343551 0.61242 1.09171
0.23831 0.265139 0.308446 0.54485 0.832716
0.217498 0.304469 0.534561 0.371423 1.319
0.222964 0.276273 0.439905 0.456214 0.900104
0.437936 0.118163 0.0780788 0.631772 4.5734
0.159862 0.275396 0.576663 0.363754 1.36274
0.073659 0.201844 0.592064 0.448529 2.11943
0.170553 0.167619 0.498604 0.520597 1.58356
0.622528 0.119555 0.121827 0.4391 4.06512
0.162043 0.24258 0.292272 0.618186 1.10718
0.294988 0.605583 0.226539 0.302312 2.29441
0.248404 0.277494 0.300905 0.54617 0.898987
0.373275 0.151935 0.58438 0.288958 1.88169
0.0690811 0.163237 0.0427165 0.756565 3.22869
0.284474 0.183206 0.218111 0.625092 1.1539
0.28455 0.18672 0.22333 0.620359 1.13076
0.242764 0.0980719 0.648114 0.31389 1.89674
0.104346 0.0210405 0.111595 0.764833 3.86938
0.178495 0.244799 0.422727 0.725674 0.893391
0.0464031 0.134201 0.754136 0.144492 4.14715
0.262953 0.152697 0.523631 1.04273 0.880141
0.202564 0.146835 0.34843 0.597642 1.02495
0.297163 0.283236 0.260044 0.564586 1.17615
0.279126 0.246264 0.430038 0.453493 0.912311
0.128164 0.269899 0.618024 0.325972 1.6003
0.448295 0.167325 0.195536 0.570078 2.05948
0.243085 0.354722 0.432078 0.417746 1.07838
0.203671 0.0630217 0.689005 2.33086 0.947067
0.192638 0.284409 0.507151 0.414888 1.09226
0.252286 0.239671 0.248152 0.599335 1.03225
0.297762 0.404476 0.414733 0.372835 1.31113
0.118038 0.745262 0.119509 0.167826 4.93844
0.228337 0.161313 0.382784 0.564095 1.04295
0.108329 0.681962 0.311625 0.19455 4.92391
0.0585707 0.0473445 0.229455 0.737142 2.35638
0.328334 0.276942 0.403765 0.443922 1.02062
0.281741 0.302504 0.342972 0.487275 0.871821
0.119365 0.753638 0.120852 4.87764 0.782172
0.635463 0.232653 0.247756 1.96834 0.783798
0.156609 0.262198 0.53372 0.430276 1.31157
0.314338 0.225593 0.491839 0.401513 1.15876
0.0429935 0.175014 0.733616 3.07487 0.777824
0.140333 0.419082 0.147991 0.615187 2.30487
0.103988 0.157517 0.719911 2.83867 0.877761
0.503112 0.538728 0.174648 3.2071 0.778374
0.152029 0.226254 0.360679 0.589436 1.11546
0.0574754 0.192878 0.675391 2.36499 1.12457
0.131552 0.225296 0.10242 0.714193 1.95501
0.233965 0.322979 0.516248 0.371603 1.31799
0.164856 0.0953034 0.329511 0.646205 1.29773
0.311698 0.277241 0.241177 0.57555 1.29846
0.274527 0.179173 0.486928 0.45445 1.13743
0.675501 0.179505 0.273499 0.199448 2.92243
0.685035 0.199877 0.170848 3.06479 1.11308
0.120701 0.752884 0.122242 4.81688 0.782094
0.151722 0.19789 0.697888 2.02822 0.770125
0.147597 0.0756708 0.0603649 0.758576 3.34603
0.399774 0.412225 0.264931 0.423603 1.64983
0.267324 0.332249 0.407209 0.436101 0.991569
0.202114 0.250885 0.333917 0.575961 0.891225
0.0578524 0.31583 0.698019 0.140738 4.26427
0.273586 0.529943 0.309186 0.346809 1.46439
0.193801 0.254715 0.422234 0.686122 0.849897
0.687622 0.108929 0.110288 0.33903 4.9375
0.687622 0.108929 0.110288 0.33903 4.9375
0.212346 0.0673391 0.702469 2.32386 0.773112
0.135924 0.271238 0.605417 0.339352 1.51151
0.162964 0.321027 0.570805 0.34258 1.4909
0.572137 0.272169 0.337547 0.277858 2.10336
0.235552 0.268403 0.407168 0.473706 0.822616
0.314534 0.418587 0.440175 0.329548 1.57601
0.221844 0.237588 0.435783 0.492026 0.98964
0.206773 0.278846 0.491891 0.42489 1.04414
0.274157 0.215384 0.284716 0.572957 0.927449
0.194539 0.272045 0.537286 0.393947 1.19754
0.142481 0.667716 0.145689 0.347054 3.6536
0.201388 0.309869 0.240708 0.598654 1.14206
0.201891 0.282701 0.490763 0.425614 1.0407
0.487619 0.0903452 0.404276 0.447893 4.21534
0.114295 0.077957 0.755791 4.19742 0.781114
0.266621 0.217137 0.440671 0.480786 0.928106
0.109965 0.694289 0.32046 4.87764 0.782172
0.219957 0.0992992 0.200202 0.694571 1.68805
0.143557 0.19131 0.699292 0.228775 2.49931
0.270012 0.246038 0.316958 0.552469 0.817687
0.252921 0.250674 0.299151 0.553612 0.860673
0.480653 0.360167 0.262061 0.394515 1.74907
0.0837609 0.230343 0.674026 1.97232 0.816487
0.353781 0.228891 0.51302 0.357275 1.40083
0.739485 0.117123 0.190443 4.87764 0.782172
0.156205 0.315494 0.139537 0.666869 1.93483
0.26389 0.235007 0.273913 0.576781 0.941311
0.112365 0.199793 0.0755609 0.733554 2.34708
0.148199 0.208604 0.359867 0.605334 1.03317
0.191825 0.299145 0.465648 0.460815 1.16623
0.279756 0.15294 0.585415 1.22035 0.753513
0.14756 0.042839 0.529259 0.544873 2.66947
0.244655 0.271755 0.419606 0.46288 0.870422
0.736595 0.147909 0.150862 3.80946 0.780268
0.101139 0.17717 0.357369 0.634255 1.31186
0.689384 0.277765 0.143695 0.190623 4.03769
0.283313 0.444476 0.340164 0.399862 1.16709
0.217858 0.279536 0.457112 0.445665 0.94767
0.26418 0.123314 0.624584 0.321741 1.62961
0.0861588 0.158787 0.312013 0.66446 1.38719
0.292976 0.60217 0.25187 1.90222 0.797454
0.272574 0.20994 0.234189 0.611438 1.08626
0.211348 0.128113 0.410045 0.573986 1.24011
0.161395 0.281781 0.578439 0.357897 1.39705
0.251734 0.17768 0.447101 0.500723 1.07216
0.23361 0.221018 0.569774 0.369283 1.33107
0.261715 0.283777 0.399107 0.463865 0.866056
0.251394 0.263116 0.379219 0.485564 0.772578
0.753638 0.119365 0.120852 4.87764 0.782172
0.189661 0.127706 0.688641 0.264299 2.34745
0.112482 0.0688382 0.759031 0.133856 4.49819
0.268941 0.176992 0.48811 0.891044 0.832552
0.252281 0.245473 0.266182 0.583589 0.96755
0.419627 0.391268 0.16356 0.495204 2.71976
0.212243 0.0672599 0.702572 2.32567 0.773128
0.0955112 0.603033 0.313457 0.375193 4.93844
0.0633831 0.100122 0.748168 0.205276 4.93802
0.271003 0.135457 0.151435 0.677641 1.51565
0.163214 0.193692 0.302792 0.632086 1.19325
0.672873 0.106573 0.364291 4.87764 0.782172
0.278226 0.217671 0.485902 0.426111 1.03835
0.179766 0.284224 0.531718 0.397922 1.17699
0.301158 0.495025 0.307702 0.37331 1.4208
0.0910403 0.159925 0.323263 0.653422 1.31829
0.181878 0.229237 0.373561 0.573466 0.918119
0.284521 0.185108 0.220835 0.622432 1.14137
0.0577014 0.0479733 0.166447 0.756351 3.22324
0.235658 0.284529 0.456436 0.438225 0.981783
0.0307827 0.150254 0.748643 0.15656 3.80759
0.312118 0.276252 0.292377 0.533587 1.051
0.0227019 0.0712086 0.234435 0.771813 2.41248
0.269166 0.236606 0.43403 0.458098 0.891687
0.23278 0.310271 0.228239 0.600535 1.27368
0.0969176 0.567065 0.0983227 0.519962 4.57346
0.384266 0.1216 0.482227 0.451559 2.52628
0.063889 0.0940013 0.709151 0.309619 4.87979
0.153388 0.727264 0.156763 3.60158 0.853204
0.243868 0.481653 0.231785 0.489065 1.77944
0.137713 0.255124 0.537101 1.13073 0.930994
0.126238 0.239934 0.515298 0.480692 1.43509
0.213741 0.67912 0.211121 2.50428 0.774565
0.0533985 0.182976 0.108545 0.75162 2.65286
0.224795 0.175968 0.364691 0.591649 0.913161
0.252224 0.12973 0.197942 0.672453 1.4702
0.16934 0.22513 0.381442 0.559724 0.994547
0.138812 0.582225 0.381123 0.32602 4.15833
0.31499 0.360763 0.472513 0.345424 1.473
0.34336 0.231639 0.503754 0.371878 1.31651
0.235401 0.553233 0.238861 0.412593 1.92992
0.252861 0.195234 0.177358 0.658147 1.35457
0.618166 0.0979079 0.0991283 0.458534 4.93844
0.65713 0.155002 0.343683 3.21185 0.778393
0.626918 0.226181 0.240452 1.96384 0.886879
0.195035 0.189276 0.113322 0.706199 1.835
0.214486 0.410056 0.480429 0.354524 1.44404
0.196216 0.262178 0.556063 0.380038 1.27153
0.115654 0.730208 0.224152 4.87764 0.782172
0.228718 0.339792 0.605632 0.246638 2.28738
0.722478 0.114429 0.115856 0.252792 4.93838
0.265162 0.183811 0.183446 0.652765 1.32061
0.237886 0.266934 0.401674 0.476347 0.811014
0.212108 0.368854 0.606842 0.236012 2.96272
0.304464 0.426943 0.339131 0.402831 1.15205
0.141282 0.244889 0.492957 0.500309 1.30448
0.0613579 0.104118 0.763033 4.87764 0.782172
0.269746 0.214562 0.2364 0.609379 1.07738
0.117357 0.740964 0.11882 0.186752 4.93844
0.108999 0.055351 0.762496 4.81665 0.782094
0.345224 0.193941 0.483527 0.418255 1.33753
0.383262 0.327067 0.279474 0.486624 1.35513
0.226243 0.153919 0.401896 0.714664 0.99059
0.511082 0.216723 0.36372 0.382193 1.80232
0.140368 0.0840147 0.558794 0.511216 2.64666
0.24942 0.263171 0.308221 0.543094 0.850205
0.260897 0.23595 0.26422 0.585715 0.974526
0.269465 0.154336 0.554102 0.40196 1.34127
0.0787825 0.0916444 0.763033 4.87764 0.782172
0.26103 0.0595455 0.711145 0.173351 3.41404
0.120384 0.0398784 0.76069 0.128567 4.68967
0.45003 0.422936 0.401905 0.234176 2.43241
0.179174 0.682766 0.210088 0.25025 2.95985
0.267262 0.344575 0.428915 0.415742 1.0881
0.31669 0.349796 0.35345 0.436187 0.991472
0.24233 0.235764 0.378782 0.507727 0.807323
0.16366 0.685061 0.267434 3.15365 0.83909
0.119365 0.753638 0.120852 4.87764 0.782172
0.0529817 0.171882 0.733769 0.185187 3.17336
0.184837 0.240579 0.152031 0.677186 1.51154
0.246353 0.181185 0.41426 0.537675 0.989817
0.268512 0.390941 0.432621 0.383814 1.25096
0.245321 0.14624 0.474574 0.929155 0.982104
0.302557 0.2631 0.454378 0.421209 1.06172
0.165722 0.0973713 0.327133 0.645759 1.27472
0.212827 0.0693232 0.0844843 0.734501 2.37158
0.145133 0.275456 0.590932 0.351924 1.43292
0.243423 0.24983 0.251456 0.596482 1.02001
0.624941 0.284609 0.204237 0.294265 2.60409
0.393332 0.34896 0.296503 0.447346 1.33243
0.164632 0.215341 0.361174 0.577685 0.989584
0.574635 0.301676 0.268843 0.31179 1.84632
0.153564 0.258344 0.610525 0.334676 1.5419
0.241246 0.277565 0.448463 0.444386 0.953526
0.25414 0.252869 0.314383 0.54265 0.818599
0.230333 0.17858 0.375915 0.613512 0.903087
0.254116 0.274825 0.436796 0.448299 0.935752
0.162242 0.723822 0.166267 3.39149 0.779049
0.492345 0.0894544 0.230433 0.553836 4.29949
0.0984761 0.167489 0.32729 0.647354 1.27261
0.191409 0.284471 0.509573 0.413262 1.10019
0.182307 0.269766 0.560777 0.376491 1.29111
0.201105 0.203765 0.129622 0.694121 1.68291
0.272574 0.20994 0.234189 0.611438 1.08626
0.278198 0.198123 0.514476 0.409943 1.11652
0.165722 0.0973713 0.327133 0.645759 1.27472
0.088102 0.193254 0.710967 0.221663 2.59233
0.184967 0.0492431 0.718971 2.79466 0.8648
0.157751 0.267544 0.175379 0.665499 1.40647
0.0941869 0.168051 0.312968 0.655716 1.34117
0.24976 0.197368 0.175513 0.659301 1.36481
0.242875 0.308012 0.416206 0.450969 0.923658
0.179559 0.22875 0.371808 0.576237 0.92376
0.296645 0.684516 0.149136 3.80573 0.884853
0.438934 0.109657 0.0932686 0.628501 3.78359
0.23831 0.265139 0.308446 0.54485 0.832716
0.641235 0.322307 0.127465 0.289694 4.39886
0.230333 0.17858 0.375915 0.613512 0.903087
0.274467 0.331352 0.399932 0.438055 0.982718
0.0911879 0.454219 0.0930071 0.62092 3.88664
0.577364 0.14713 0.46476 0.192561 3.04952
0.618185 0.291914 0.222286 2.21089 0.914821
0.0546267 0.143014 0.232852 0.729568 2.00591
0.150654 0.253625 0.319677 0.61382 1.28129
0.17653 0.327558 0.550386 0.356594 1.4048
0.647538 0.220751 0.20386 2.44259 1.07425
0.204977 0.148599 0.349227 0.594992 1.01371
0.0952232 0.598886 0.437887 0.228647 4.91916
0.233361 0.180367 0.329664 0.583146 0.971263
0.272433 0.322411 0.235288 0.576816 1.34909
0.226549 0.288799 0.514058 0.39527 1.19069
0.392566 0.460088 0.309215 0.336415 1.53052
0.298731 0.179093 0.538545 0.384506 1.24729
0.219713 0.268135 0.494105 0.423463 1.05093
0.204548 0.227387 0.601095 0.343167 1.48719
0.262177 0.228 0.246125 0.60108 1.03986
0.102196 0.645239 0.412368 4.87764 0.782172
0.223559 0.213013 0.160106 0.671005 1.45802
0.240463 0.292577 0.423485 0.453994 0.910054
0.277724 0.289739 0.28132 0.551586 1.05291
0.700277 0.110973 0.112358 0.310586 4.93575
0.566771 0.289448 0.261301 1.67554 0.88495
0.324835 0.0690635 0.686515 3.58693 0.779666
0.188002 0.122972 0.343446 0.627414 1.12976
0.25414 0.252869 0.314383 0.54265 0.818599
0.5176 0.218618 0.260043 0.448751 1.8104
0.173278 0.110819 0.278253 0.672344 1.46927
0.42034 0.479238 0.286284 0.306948 1.73738
0.28451 0.361691 0.311035 0.48922 1.09465
0.313501 0.0765906 0.420507 0.569352 3.18413
