0.776458 2.89778
2.89778 0.776457
2.12131 2.12133
2.65236 1.40177
1.40177 2.65237
2.42529 1.76578
1.0661 2.80418
1.76577 2.42529
2.80415 1.06617
2.857 0.915183
0.915166 2.857
2.28199 1.94744
2.54892 1.58209
1.58209 2.54892
1.94743 2.282
2.73675 1.2289
1.22896 2.73673
1.14612 2.77244
2.48963 1.67383
2.77244 1.14612
1.67384 2.48963
2.2036 2.03572
2.0357 2.20362
2.83225 0.989117
2.35601 1.85721
2.87876 0.844251
1.4912 2.60314
0.844214 2.87877
1.85722 2.356
0.98911 2.83225
2.6031 1.49127
2.6968 1.31426
1.31413 2.69686
2.71736 1.27121
2.86823 0.879336
0.879296 2.86825
1.62789 2.51991
1.10565 2.78882
1.02727 2.81864
2.45809 1.71982
1.99184 2.24334
2.39127 1.81158
1.81161 2.39125
1.53653 2.57664
1.18721 2.75509
2.62835 1.4463
2.31957 1.90253
2.84502 0.951763
2.2433 1.99188
1.44627 2.62836
2.07887 2.16294
1.71981 2.4581
0.809968 2.88859
2.51992 1.62789
0.951723 2.84503
2.16289 2.07892
2.57663 1.53655
2.88859 0.80996
1.35768 2.6752
2.81863 1.02729
2.78876 1.10582
1.90248 2.31961
2.75517 1.18704
2.67516 1.35776
1.27125 2.71734
2.74607 1.20793
1.00806 2.82556
2.61589 1.46871
2.18336 2.05741
2.26278 1.96973
2.7072 1.29269
1.37965 2.66394
2.50493 1.65085
1.74282 2.44184
2.10019 2.14224
1.16663 2.76387
1.08583 2.7966
2.72717 1.25002
2.44184 1.74282
2.86271 0.897151
2.47403 1.69681
1.65087 2.50492
2.01384 2.22361
2.37379 1.83443
1.96969 2.26281
2.40844 1.7887
1.20793 2.74607
0.897132 2.86272
1.83445 2.37377
2.33792 1.87992
1.4687 2.6159
2.64052 1.42395
2.8736 0.861638
0.861654 2.8736
2.79658 1.08589
1.55929 2.56293
2.05737 2.1834
2.53458 1.60497
1.60498 2.53457
2.22358 2.01387
0.933347 2.85112
1.12592 2.7807
2.30091 1.92505
1.04661 2.81151
2.56292 1.5593
2.78072 1.12588
0.826994 2.88376
2.14221 2.10022
2.59004 1.51383
2.68612 1.33594
1.92497 2.30098
1.33582 2.68618
1.69678 2.47405
1.87989 2.33795
1.51381 2.59006
2.82555 1.00811
1.24994 2.72721
2.76391 1.16653
0.970299 2.83875
2.8115 1.04666
2.88375 0.827043
1.42401 2.64049
2.85111 0.933352
1.29263 2.70723
2.66391 1.37971
0.793056 2.89328
2.83875 0.970321
1.78878 2.40838
2.89329 0.793004
1.7773 2.41686
2.83552 0.979696
1.1157 2.78482
1.15637 2.76818
1.01762 2.82214
2.88619 0.818471
2.8004 1.07598
2.89099 0.801368
1.52516 2.58339
2.732 1.23943
1.41287 2.64647
0.870455 2.87094
2.51248 1.63935
2.62217 1.45747
1.7313 2.45002
1.93623 2.29151
2.11077 2.13181
1.39066 2.65821
2.34704 1.86854
1.09568 2.79275
1.54791 2.56982
1.70828 2.46612
2.72228 1.26062
1.75427 2.43363
2.21363 2.02481
1.36862 2.66962
2.49732 1.66235
1.1976 2.75059
1.4799 2.60958
2.25307 1.98083
2.46608 1.70834
2.58337 1.52518
1.63938 2.51245
2.45001 1.73132
1.21847 2.74141
2.02478 2.21365
1.82304 2.38255
1.95857 2.27244
2.36494 1.84582
2.87093 0.870488
2.3826 1.82297
2.13179 2.1108
2.48186 1.68534
0.801475 2.89096
2.31027 1.91381
0.888223 2.86549
2.39988 1.80017
1.07598 2.80041
2.08956 2.15261
1.05637 2.80786
2.27241 1.95861
2.60954 1.47997
1.61646 2.52727
2.04656 2.19353
2.00287 2.23349
2.77661 1.13596
2.74145 1.21838
1.4575 2.62215
1.9808 2.2531
2.32878 1.89124
1.8912 2.32881
2.23348 2.00289
2.4169 1.77724
2.15258 2.08959
2.06815 2.17319
2.86549 0.888236
2.69149 1.32509
1.91375 2.31032
2.59661 1.50253
1.86857 2.34701
1.13601 2.77659
2.43359 1.75432
1.57068 2.55596
2.19353 2.04657
2.82213 1.01764
1.68533 2.48187
2.54177 1.59355
2.29148 1.93627
0.961015 2.84191
2.75065 1.19747
0.852947 2.87619
2.84808 0.942573
2.5698 1.54794
2.52732 1.61637
1.32488 2.6916
2.17318 2.06816
2.85992 0.906004
2.70207 1.30339
2.63451 1.43505
2.6696 1.36867
0.998511 2.82895
1.43512 2.63447
1.28187 2.71234
1.17692 2.7595
2.64651 1.4128
2.88128 0.835613
1.34671 2.68074
1.23944 2.732
1.26059 2.7223
1.66239 2.49729
0.97971 2.83552
2.76821 1.15629
2.81509 1.03694
0.784719 2.89555
1.84582 2.36494
2.65817 1.39072
2.71229 1.28199
1.80021 2.39984
0.924265 2.85407
1.03688 2.81512
2.55597 1.57067
0.818435 2.8862
0.942572 2.84808
2.82891 0.998629
1.30334 2.70209
2.79267 1.0959
2.75956 1.17679
1.5025 2.59663
2.85409 0.924215
1.59361 2.54173
0.835617 2.88127
2.78479 1.11578
2.80786 1.05636
0.906188 2.85986
2.68066 1.34688
2.84189 0.96107
2.89558 0.784596
2.87616 0.853053
2.88979 0.805665
1.58785 2.54533
2.87746 0.848663
2.6834 1.34141
2.69944 1.30882
2.78275 1.12084
0.822714 2.88499
2.16804 2.07355
2.80968 1.05151
2.75736 1.18194
2.71481 1.27665
0.901658 2.8613
1.65659 2.50114
0.937946 2.84961
1.38512 2.6611
2.18846 2.05199
1.85152 2.36048
1.77152 2.4211
2.74837 1.20268
1.04173 2.81332
1.35215 2.678
2.60633 1.48561
0.975 2.83714
1.0033 2.82726
1.51944 2.58675
2.55246 1.57638
2.62527 1.45188
1.41844 2.64349
0.805732 2.88977
2.83057 0.99391
1.15126 2.77031
0.883766 2.86687
1.16151 2.76603
2.43775 1.74854
2.25793 1.97528
1.02245 2.82039
2.54535 1.58783
2.50113 1.6566
1.99736 2.23842
2.06277 2.1783
1.54218 2.57326
2.50871 1.6451
2.11605 2.12658
